0 1 1 2.470 -3.992     0.983
0 2 1 1.871 -2.086     1.157
0 3 1 0.715 -1.169     1.217
0 4 1 1.658 -0.867     1.193
0 5 1 2.715 0.112     1.163
0 6 1 1.543 0.612     1.213
0 7 1 0.715 -0.872     1.229
0 8 1 0.324 -0.945     1.235
0 9 1 0.480 -2.627     1.155
0 10 1 0.986 -3.966     1.092
0 1 2 2.527 -3.622     0.997
0 2 2 1.783 -1.633     1.179
0 3 2 1.434 -0.565     1.216
0 4 2 1.720 -0.190     1.200
0 5 2 1.611 -1.117     1.202
0 6 2 0.236 -1.601     1.212
0 7 2 -0.353 -3.185     1.131
0 8 2 -0.176 -3.544     1.119
0 9 2 -0.020 -4.231     1.085
0 10 2 0.762 -4.810     1.046
0 1 3 2.829 -3.028     1.010
0 2 3 2.392 -1.445     1.180
0 3 3 2.189 -0.007     1.180
0 4 3 1.204 0.081     1.235
0 5 3 -0.197 -2.216     1.179
0 6 3 -1.186 -3.028     1.129
0 7 3 -1.384 -4.534     1.050
0 8 3 -0.322 -5.257     1.022
0 9 3 0.460 -5.356     1.028
0 10 3 0.949 -5.304     1.022
0 1 4 2.522 -2.252     1.043
0 2 4 2.189 -1.195     1.173
0 3 4 2.027 -0.023     1.190
0 4 4 0.132 -0.310     1.279
0 5 4 -1.197 -2.549     1.155
0 6 4 -1.603 -3.580     1.096
0 7 4 -1.796 -4.565     1.039
0 8 4 -0.150 -5.638     0.999
0 9 4 1.069 -5.752     1.005
0 10 4 1.251 -5.466     1.005
0 1 5 1.928 -2.231     1.072
0 2 5 1.527 -1.060     1.200
0 3 5 1.215 -0.471     1.232
0 4 5 -0.921 -1.226     1.220
0 5 5 -1.957 -3.247     1.107
0 6 5 -1.587 -4.351     1.061
0 7 5 -1.717 -4.742     1.035
0 8 5 -0.077 -5.737     0.988
0 9 5 1.512 -5.903     0.986
0 10 5 1.522 -5.476     1.003
0 1 6 0.819 -2.247     1.088
0 2 6 0.850 -1.539     1.201
0 3 6 -0.046 -1.429     1.220
0 4 6 -2.207 -2.836     1.116
0 5 6 -2.436 -4.268     1.050
0 6 6 -1.384 -4.763     1.042
0 7 6 -1.280 -5.388     1.008
0 8 6 0.168 -5.513     1.008
0 9 6 1.819 -5.935     0.975
0 10 6 1.746 -5.596     0.993
0 1 7 0.257 -1.825     1.113
0 2 7 0.392 -1.971     1.191
0 3 7 -1.363 -2.476     1.146
0 4 7 -3.249 -3.596     1.052
0 5 7 -2.197 -3.971     1.056
0 6 7 -1.207 -4.606     1.046
0 7 7 -0.848 -5.711     0.994
0 8 7 0.569 -5.508     1.006
0 9 7 1.600 -6.002     0.973
0 10 7 1.887 -5.841     0.983
0 1 8 0.105 -2.164     1.104
0 2 8 -0.171 -2.409     1.177
0 3 8 -2.040 -2.242     1.140
0 4 8 -3.223 -2.164     1.087
0 5 8 -2.082 -2.601     1.115
0 6 8 -1.462 -4.393     1.050
0 7 8 -0.707 -5.596     1.006
0 8 8 0.845 -5.903     0.985
0 9 8 1.632 -5.966     0.974
0 10 8 1.944 -6.028     0.973
0 1 9 -0.046 -2.054     0.914
0 2 9 0.048 -2.351     0.981
0 3 9 -1.254 -1.648     0.993
0 4 9 -2.707 -1.325     0.950
0 5 9 -2.671 -2.716     0.901
0 6 9 -2.046 -4.565     0.837
0 7 9 -0.577 -5.565     0.810
0 8 9 1.012 -5.731     0.795
0 9 9 1.569 -5.747     0.796
0 10 9 1.637 -6.070     0.774
1 1 1 1.158 -1.206     0.978
1 2 1 0.033 -0.545     1.242
1 3 1 -1.253 -0.259     1.261
1 4 1 0.669 -0.003     1.263
1 5 1 1.981 -0.342     1.166
1 6 1 0.033 1.023     1.262
1 7 1 -0.086 -0.389     1.317
1 8 1 0.424 0.471     1.308
1 9 1 0.664 0.122     1.231
1 10 1 1.257 -0.529     1.133
1 1 2 0.747 -0.837     1.014
1 2 2 -0.513 0.044     1.254
1 3 2 -0.805 0.997     1.262
1 4 2 0.612 1.476     1.222
1 5 2 1.497 -0.378     1.225
1 6 2 -0.435 -0.337     1.298
1 7 2 -0.982 -1.269     1.147
1 8 2 0.195 -1.191     1.157
1 9 2 0.289 -0.628     1.156
1 10 2 0.851 -0.769     1.101
1 1 3 0.830 -0.545     1.038
1 2 3 0.028 0.184     1.302
1 3 3 -0.217 1.731     1.198
1 4 3 -0.248 1.689     1.253
1 5 3 -0.149 -0.566     1.258
1 6 3 -1.159 -0.795     1.159
1 7 3 -1.920 -1.665     1.023
1 8 3 -0.081 -2.352     1.006
1 9 3 0.596 -1.628     1.041
1 10 3 0.565 -1.305     1.064
1 1 4 0.440 -0.561     1.078
1 2 4 0.356 -0.144     1.256
1 3 4 0.393 1.325     1.231
1 4 4 -0.878 1.116     1.313
1 5 4 -0.904 -0.467     1.209
1 6 4 -1.362 -1.071     1.112
1 7 4 -2.362 -1.581     0.990
1 8 4 -0.055 -2.722     0.953
1 9 4 1.153 -2.337     0.978
1 10 4 0.565 -1.868     1.021
1 1 5 0.252 -1.243     1.096
1 2 5 0.596 -0.384     1.281
1 3 5 0.768 0.669     1.292
1 4 5 -0.883 0.590     1.278
1 5 5 -1.373 -1.045     1.122
1 6 5 -1.227 -2.040     1.038
1 7 5 -2.086 -1.915     0.994
1 8 5 -0.055 -2.696     0.945
1 9 5 1.481 -2.587     0.942
1 10 5 0.737 -2.139     1.003
1 1 6 0.054 -1.134     1.094
1 2 6 1.117 -0.514     1.246
1 3 6 0.674 -0.087     1.292
1 4 6 -1.368 -0.852     1.130
1 5 6 -1.612 -2.217     1.014
1 6 6 -0.836 -2.581     1.013
1 7 6 -1.144 -2.759     0.967
1 8 6 0.299 -2.175     0.999
1 9 6 1.731 -2.498     0.932
1 10 6 0.981 -2.149     0.989
1 1 7 0.033 -0.352     1.180
1 2 7 1.257 -0.451     1.232
1 3 7 -0.253 -1.035     1.190
1 4 7 -2.081 -1.779     1.014
1 5 7 -0.784 -1.904     1.044
1 6 7 -0.159 -2.321     1.037
1 7 7 -0.248 -3.055     0.939
1 8 7 0.955 -2.196     0.996
1 9 7 1.429 -2.472     0.941
1 10 7 1.117 -2.134     0.977
1 1 8 0.065 -0.680     1.149
1 2 8 0.164 -0.920     1.242
1 3 8 -1.508 -0.852     1.157
1 4 8 -1.977 -0.368     1.089
1 5 8 -0.128 -0.342     1.196
1 6 8 0.028 -1.811     1.059
1 7 8 0.117 -2.691     0.966
1 8 8 1.278 -2.680     0.947
1 9 8 1.414 -2.410     0.950
1 10 8 1.054 -2.248     0.965
1 1 9 -0.279 -0.618     0.898
1 2 9 -0.232 -1.149     0.975
1 3 9 -1.352 -0.410     0.974
1 4 9 -1.883 0.304     0.904
1 5 9 -0.956 -0.748     0.881
1 6 9 -0.618 -1.930     0.786
1 7 9 0.299 -2.493     0.741
1 8 9 1.497 -2.337     0.724
1 9 9 1.216 -2.149     0.742
1 10 9 0.502 -2.420     0.720
2 1 1 0.961 -0.797     0.973
2 2 1 0.138 -0.115     1.308
2 3 1 -1.133 0.036     1.273
2 4 1 0.232 0.328     1.307
2 5 1 0.945 -0.245     1.187
2 6 1 -1.347 0.927     1.237
2 7 1 -1.091 -0.605     1.310
2 8 1 -0.102 0.447     1.357
2 9 1 0.028 0.041     1.298
2 10 1 0.377 -0.813     1.153
2 1 2 0.393 -0.589     1.035
2 2 2 -0.586 0.062     1.279
2 3 2 -0.852 0.864     1.261
2 4 2 -0.003 1.499     1.203
2 5 2 0.502 -0.323     1.257
2 6 2 -1.430 -0.105     1.284
2 7 2 -1.487 -1.001     1.113
2 8 2 0.304 -1.042     1.163
2 9 2 0.060 -0.698     1.184
2 10 2 0.054 -1.094     1.106
2 1 3 0.205 -0.547     1.069
2 2 3 -0.211 -0.240     1.387
2 3 3 -0.185 1.041     1.208
2 4 3 -0.680 1.192     1.243
2 5 3 -0.748 -0.428     1.280
2 6 3 -1.555 -0.251     1.140
2 7 3 -1.946 -0.896     0.977
2 8 3 0.362 -1.730     0.984
2 9 3 0.674 -1.245     1.037
2 10 3 -0.076 -1.370     1.056
2 1 4 -0.315 -0.782     1.088
2 2 4 0.206 -0.615     1.278
2 3 4 0.659 0.437     1.260
2 4 4 -1.013 0.468     1.319
2 5 4 -1.175 -0.360     1.211
2 6 4 -1.435 -0.615     1.098
2 7 4 -2.159 -0.631     0.938
2 8 4 0.617 -1.698     0.923
2 9 4 1.414 -1.553     0.948
2 10 4 0.133 -1.646     0.999
2 1 5 -0.388 -1.495     1.091
2 2 5 0.544 -0.719     1.301
2 3 5 0.940 -0.006     1.317
2 4 5 -0.972 0.098     1.293
2 5 5 -1.268 -0.844     1.110
2 6 5 -0.935 -1.495     1.015
2 7 5 -1.899 -0.954     0.949
2 8 5 0.383 -1.391     0.929
2 9 5 1.726 -1.615     0.902
2 10 5 0.471 -1.662     0.978
2 1 6 -0.357 -1.251     1.065
2 2 6 1.164 -0.719     1.242
2 3 6 0.768 -0.292     1.323
2 4 6 -1.253 -0.698     1.131
2 5 6 -0.925 -1.480     0.995
2 6 6 -0.018 -1.641     0.994
2 7 6 -0.805 -1.745     0.938
2 8 6 0.560 -0.688     1.013
2 9 6 1.919 -1.360     0.881
2 10 6 0.888 -1.391     0.968
2 1 7 -0.216 -0.303     1.221
2 2 7 1.252 -0.355     1.235
2 3 7 -0.107 -0.573     1.234
2 4 7 -1.513 -0.782     0.997
2 5 7 0.237 -0.620     1.077
2 6 7 0.810 -1.120     1.033
2 7 7 0.461 -1.896     0.906
2 8 7 1.372 -0.850     0.974
2 9 7 1.560 -1.282     0.902
2 10 7 1.107 -1.188     0.964
2 1 8 -0.065 -0.516     1.173
2 2 8 0.346 -0.589     1.275
2 3 8 -1.091 -0.037     1.167
2 4 8 -1.237 0.869     1.076
2 5 8 0.705 0.869     1.203
2 6 8 0.737 -0.646     1.070
2 7 8 0.846 -1.422     0.942
2 8 8 1.711 -1.422     0.897
2 9 8 1.502 -1.230     0.920
2 10 8 1.023 -1.271     0.951
2 1 9 -0.362 -0.469     0.877
2 2 9 0.023 -0.907     0.954
2 3 9 -0.873 0.177     0.955
2 4 9 -1.440 1.208     0.840
2 5 9 -0.498 0.182     0.874
2 6 9 -0.143 -0.912     0.765
2 7 9 0.825 -1.256     0.692
2 8 9 1.768 -1.032     0.656
2 9 9 1.070 -0.912     0.706
2 10 9 0.325 -1.428     0.684
3 1 1 1.779 -2.768     0.963
3 2 1 0.831 -1.549     1.423
3 3 1 -0.075 -1.013     1.445
3 4 1 1.461 -0.367     1.442
3 5 1 1.941 0.024     1.308
3 6 1 -0.153 0.899     1.421
3 7 1 0.399 -0.794     1.494
3 8 1 1.008 0.368     1.526
3 9 1 0.883 -0.002     1.475
3 10 1 1.107 -0.778     1.303
3 1 2 1.451 -2.179     1.043
3 2 2 0.451 -0.882     1.433
3 3 2 0.519 0.196     1.461
3 4 2 1.472 0.826     1.339
3 5 2 1.566 -0.549     1.374
3 6 2 -0.565 -0.252     1.481
3 7 2 -0.497 -1.184     1.267
3 8 2 1.008 -0.997     1.311
3 9 2 0.467 -0.372     1.378
3 10 2 0.519 -0.768     1.280
3 1 3 1.680 -1.684     1.097
3 2 3 1.086 -0.773     1.562
3 3 3 1.066 0.810     1.361
3 4 3 0.560 0.862     1.420
3 5 3 0.263 -0.684     1.471
3 6 3 -0.893 -0.304     1.317
3 7 3 -1.398 -0.747     1.119
3 8 3 1.003 -1.414     1.123
3 9 3 0.972 -0.726     1.196
3 10 3 0.008 -0.830     1.236
3 1 4 1.154 -1.398     1.135
3 2 4 1.092 -0.919     1.409
3 3 4 1.159 0.435     1.424
3 4 4 -0.309 0.430     1.524
3 5 4 -0.070 -0.294     1.432
3 6 4 -0.648 -0.429     1.285
3 7 4 -1.789 -0.054     1.070
3 8 4 1.248 -1.138     1.060
3 9 4 1.618 -0.888     1.079
3 10 4 -0.132 -0.867     1.177
3 1 5 0.800 -1.830     1.170
3 2 5 0.826 -0.867     1.466
3 3 5 0.868 0.045     1.505
3 4 5 -0.617 0.263     1.490
3 5 5 -0.320 -0.487     1.308
3 6 5 -0.101 -1.054     1.180
3 7 5 -1.513 -0.216     1.095
3 8 5 0.914 -0.684     1.092
3 9 5 1.805 -0.945     1.025
3 10 5 -0.007 -0.851     1.157
3 1 6 0.316 -1.627     1.106
3 2 6 1.175 -0.841     1.387
3 3 6 0.800 -0.257     1.505
3 4 6 -0.773 -0.440     1.310
3 5 6 -0.174 -0.971     1.163
3 6 6 0.477 -1.023     1.158
3 7 6 -0.497 -1.164     1.097
3 8 6 0.888 -0.049     1.190
3 9 6 1.894 -0.836     1.002
3 10 6 0.513 -0.763     1.143
3 1 7 0.123 -0.533     1.339
3 2 7 1.394 -0.424     1.383
3 3 7 0.310 -0.539     1.430
3 4 7 -0.794 -0.523     1.172
3 5 7 0.805 -0.268     1.256
3 6 7 0.915 -0.679     1.198
3 7 7 0.696 -1.460     1.042
3 8 7 1.654 -0.351     1.110
3 9 7 1.539 -0.851     1.038
3 10 7 0.987 -0.820     1.120
3 1 8 0.237 -0.638     1.288
3 2 8 0.638 -0.554     1.460
3 3 8 -0.533 0.133     1.361
3 4 8 -0.518 0.956     1.243
3 5 8 1.060 0.737     1.360
3 6 8 0.743 -0.533     1.250
3 7 8 1.118 -0.841     1.091
3 8 8 1.987 -0.799     1.014
3 9 8 1.404 -0.737     1.063
3 10 8 0.852 -1.070     1.104
3 1 9 -0.028 -0.591     0.857
3 2 9 0.425 -0.882     0.996
3 3 9 -0.492 0.321     1.014
3 4 9 -0.877 1.133     0.855
3 5 9 0.045 -0.044     0.957
3 6 9 0.232 -0.679     0.816
3 7 9 1.274 -0.419     0.713
3 8 9 1.873 -0.216     0.653
3 9 9 0.711 -0.351     0.750
3 10 9 -0.018 -1.237     0.712
4 1 1 2.100 -3.212     0.948
4 2 1 1.188 -1.905     1.519
4 3 1 0.022 -1.067     1.630
4 4 1 1.444 -0.212     1.588
4 5 1 2.032 0.397     1.434
4 6 1 -0.036 0.996     1.620
4 7 1 0.574 -0.822     1.692
4 8 1 1.063 0.584     1.708
4 9 1 0.845 0.517     1.672
4 10 1 1.100 -0.140     1.493
4 1 2 1.933 -2.671     1.035
4 2 2 0.897 -1.082     1.598
4 3 2 0.657 0.116     1.681
4 4 2 1.298 0.772     1.496
4 5 2 1.391 -0.509     1.526
4 6 2 -0.640 -0.306     1.697
4 7 2 -0.405 -1.212     1.436
4 8 2 1.095 -0.770     1.481
4 9 2 0.459 0.267     1.607
4 10 2 0.532 -0.004     1.507
4 1 3 2.194 -2.082     1.109
4 2 3 1.595 -0.879     1.714
4 3 3 1.287 0.741     1.523
4 4 3 0.397 0.720     1.632
4 5 3 -0.030 -0.780     1.686
4 6 3 -1.004 -0.447     1.505
4 7 3 -1.322 -0.947     1.271
4 8 3 1.053 -1.379     1.285
4 9 3 0.928 -0.343     1.384
4 10 3 -0.077 -0.181     1.483
4 1 4 1.553 -1.525     1.178
4 2 4 1.418 -0.874     1.541
4 3 4 1.246 0.501     1.594
4 4 4 -0.530 0.470     1.745
4 5 4 -0.411 -0.400     1.657
4 6 4 -0.791 -0.624     1.480
4 7 4 -1.739 -0.311     1.215
4 8 4 1.209 -1.348     1.216
4 9 4 1.506 -0.910     1.235
4 10 4 -0.228 -0.515     1.399
4 1 5 0.938 -1.723     1.265
4 2 5 0.964 -0.738     1.642
4 3 5 0.891 0.230     1.706
4 4 5 -0.911 0.397     1.681
4 5 5 -0.707 -0.671     1.498
4 6 5 -0.145 -1.218     1.360
4 7 5 -1.322 -0.369     1.262
4 8 5 0.928 -1.035     1.259
4 9 5 1.751 -1.166     1.165
4 10 5 -0.015 -0.692     1.373
4 1 6 0.136 -1.389     1.180
4 2 6 1.095 -0.660     1.564
4 3 6 0.735 -0.077     1.721
4 4 6 -1.213 -0.436     1.484
4 5 6 -0.567 -1.280     1.327
4 6 6 0.574 -1.212     1.332
4 7 6 -0.249 -1.254     1.270
4 8 6 0.944 -0.322     1.385
4 9 6 1.865 -1.009     1.138
4 10 6 0.454 -0.655     1.352
4 1 7 -0.161 -0.327     1.498
4 2 7 1.069 -0.322     1.571
4 3 7 -0.093 -0.520     1.657
4 4 7 -1.442 -0.650     1.330
4 5 7 0.522 -0.509     1.463
4 6 7 1.089 -0.874     1.368
4 7 7 0.740 -1.655     1.187
4 8 7 1.527 -0.551     1.266
4 9 7 1.428 -0.942     1.190
4 10 7 0.813 -0.707     1.312
4 1 8 -0.181 -0.509     1.429
4 2 8 0.136 -0.561     1.687
4 3 8 -1.109 -0.030     1.541
4 4 8 -1.041 0.850     1.409
4 5 8 1.001 0.741     1.535
4 6 8 0.876 -0.608     1.441
4 7 8 1.011 -1.150     1.248
4 8 8 1.766 -1.103     1.145
4 9 8 1.303 -0.858     1.226
4 10 8 0.735 -0.962     1.288
4 1 9 -0.536 -0.426     0.831
4 2 9 -0.135 -0.874     1.041
4 3 9 -0.843 0.131     1.060
4 4 9 -1.056 1.017     0.866
4 5 9 0.089 -0.067     1.035
4 6 9 0.272 -0.785     0.862
4 7 9 1.022 -0.754     0.732
4 8 9 1.683 -0.520     0.663
4 9 9 0.673 -0.515     0.795
4 10 9 -0.051 -1.223     0.742
5 1 1 2.679 -4.223     0.925
5 2 1 1.690 -2.296     1.621
5 3 1 0.560 -1.244     1.842
5 4 1 1.607 -0.489     1.783
5 5 1 1.867 0.954     1.609
5 6 1 0.242 1.147     1.855
5 7 1 1.086 -0.827     1.916
5 8 1 1.268 0.485     1.926
5 9 1 0.956 0.412     1.916
5 10 1 1.122 -0.228     1.730
5 1 2 2.534 -3.801     1.012
5 2 2 1.357 -1.473     1.775
5 3 2 1.101 -0.275     1.924
5 4 2 1.508 0.126     1.708
5 5 2 1.200 -0.588     1.737
5 6 2 -0.643 -0.270     1.979
5 7 2 -0.175 -1.275     1.662
5 8 2 1.054 -0.781     1.707
5 9 2 0.325 0.261     1.902
5 10 2 0.393 -0.140     1.799
5 1 3 2.851 -3.119     1.099
5 2 3 1.971 -1.119     1.871
5 3 3 1.570 0.459     1.728
5 4 3 0.742 0.230     1.902
5 5 3 0.190 -1.025     1.939
5 6 3 -1.050 -0.380     1.746
5 7 3 -1.513 -0.952     1.467
5 8 3 0.768 -1.442     1.498
5 9 3 0.622 -0.364     1.651
5 10 3 -0.367 -0.369     1.767
5 1 4 2.383 -2.281     1.199
5 2 4 1.732 -0.932     1.703
5 3 4 1.252 0.563     1.814
5 4 4 -0.232 0.381     2.045
5 5 4 0.122 -0.473     1.950
5 6 4 -0.664 -0.452     1.749
5 7 4 -2.055 -0.166     1.394
5 8 4 0.830 -1.270     1.429
5 9 4 1.143 -0.859     1.465
5 10 4 -0.664 -0.708     1.648
5 1 5 1.758 -2.395     1.340
5 2 5 1.034 -0.890     1.865
5 3 5 0.716 0.407     1.970
5 4 5 -0.701 0.532     1.942
5 5 5 -0.274 -0.593     1.770
5 6 5 -0.112 -1.114     1.602
5 7 5 -1.779 -0.218     1.455
5 8 5 0.461 -0.786     1.516
5 9 5 1.310 -0.994     1.382
5 10 5 -0.503 -0.817     1.624
5 1 6 0.706 -2.187     1.249
5 2 6 1.049 -1.083     1.777
5 3 6 0.627 -0.124     2.008
5 4 6 -0.972 -0.406     1.731
5 5 6 -0.326 -1.234     1.551
5 6 6 0.393 -1.171     1.567
5 7 6 -0.737 -1.166     1.490
5 8 6 0.440 -0.051     1.671
5 9 6 1.471 -0.843     1.340
5 10 6 0.096 -0.744     1.623
5 1 7 0.252 -1.057     1.661
5 2 7 1.112 -0.848     1.796
5 3 7 0.034 -0.728     1.927
5 4 7 -1.039 -0.770     1.565
5 5 7 0.732 -0.541     1.712
5 6 7 0.888 -0.838     1.597
5 7 7 0.440 -1.478     1.401
5 8 7 1.273 -0.291     1.495
5 9 7 1.148 -0.812     1.415
5 10 7 0.638 -0.775     1.565
5 1 8 0.179 -1.281     1.579
5 2 8 0.388 -1.093     1.925
5 3 8 -0.784 -0.249     1.806
5 4 8 -0.612 0.673     1.660
5 5 8 1.200 0.615     1.754
5 6 8 0.763 -0.598     1.696
5 7 8 0.914 -0.864     1.477
5 8 8 1.674 -0.775     1.340
5 9 8 1.117 -0.687     1.453
5 10 8 0.591 -0.994     1.525
5 1 9 -0.117 -1.473     0.774
5 2 9 0.357 -1.551     1.053
5 3 9 -0.503 -0.156     1.128
5 4 9 -0.706 0.803     0.901
5 5 9 0.341 -0.228     1.105
5 6 9 0.330 -0.687     0.918
5 7 9 1.127 -0.395     0.762
5 8 9 1.653 -0.130     0.687
5 9 9 0.518 -0.265     0.853
5 10 9 -0.216 -1.145     0.775
6 1 1 3.544 -5.437     0.891
6 2 1 2.669 -3.588     1.680
6 3 1 1.596 -1.963     2.023
6 4 1 2.341 -1.119     1.954
6 5 1 2.211 1.105     1.839
6 6 1 1.028 1.355     2.111
6 7 1 2.237 -0.599     2.136
6 8 1 2.408 0.480     2.132
6 9 1 1.971 0.375     2.167
6 10 1 1.903 -0.208     1.997
6 1 2 3.669 -5.208     0.954
6 2 2 2.434 -2.651     1.908
6 3 2 2.205 -1.000     2.111
6 4 2 2.627 -0.552     1.888
6 5 2 2.044 -0.677     1.977
6 6 2 0.429 -0.046     2.377
6 7 2 1.226 -1.234     1.942
6 8 2 2.054 -0.666     1.957
6 9 2 1.028 0.636     2.222
6 10 2 1.091 0.375     2.132
6 1 3 4.289 -4.724     1.027
6 2 3 3.184 -2.031     1.932
6 3 3 2.606 -0.046     1.916
6 4 3 2.070 -0.010     2.143
6 5 3 1.435 -1.067     2.208
6 6 3 0.039 -0.208     2.158
6 7 3 -0.368 -1.166     1.797
6 8 3 1.408 -1.546     1.762
6 9 3 0.851 -0.104     2.014
6 10 3 -0.034 0.219     2.179
6 1 4 3.898 -3.822     1.138
6 2 4 2.643 -1.395     1.884
6 3 4 1.742 0.594     2.060
6 4 4 0.638 0.688     2.394
6 5 4 1.283 -0.291     2.262
6 6 4 0.231 -0.130     2.160
6 7 4 -1.310 -0.104     1.717
6 8 4 1.169 -1.432     1.708
6 9 4 1.044 -0.932     1.783
6 10 4 -0.680 -0.302     2.012
6 1 5 3.086 -3.619     1.330
6 2 5 1.513 -0.994     2.127
6 3 5 0.695 0.797     2.313
6 4 5 -0.378 1.000     2.278
6 5 5 0.487 -0.432     2.146
6 6 5 0.591 -0.776     1.954
6 7 5 -1.086 0.276     1.789
6 8 5 0.888 -0.822     1.847
6 9 5 1.247 -1.156     1.680
6 10 5 -0.586 -0.614     1.978
6 1 6 1.705 -3.156     1.281
6 2 6 1.195 -1.625     2.038
6 3 6 0.471 -0.260     2.406
6 4 6 -0.743 -0.468     2.089
6 5 6 0.174 -1.474     1.850
6 6 6 0.882 -1.224     1.872
6 7 6 -0.196 -0.817     1.843
6 8 6 0.809 -0.109     2.039
6 9 6 1.372 -0.911     1.634
6 10 6 -0.065 -0.609     2.003
6 1 7 0.778 -2.114     1.780
6 2 7 1.169 -2.213     2.013
6 3 7 0.101 -1.937     2.179
6 4 7 -0.654 -1.765     1.838
6 5 7 1.158 -1.224     1.987
6 6 7 1.237 -1.161     1.883
6 7 7 0.622 -1.520     1.696
6 8 7 1.231 -0.369     1.820
6 9 7 0.945 -0.760     1.741
6 10 7 0.424 -0.588     1.936
6 1 8 0.289 -2.703     1.662
6 2 8 0.440 -2.932     2.083
6 3 8 -0.612 -1.890     2.062
6 4 8 -0.112 -0.671     2.022
6 5 8 1.783 -0.224     2.032
6 6 8 1.205 -0.776     2.007
6 7 8 0.987 -0.911     1.794
6 8 8 1.492 -0.791     1.639
6 9 8 0.888 -0.562     1.792
6 10 8 0.367 -0.744     1.886
6 1 9 -0.128 -3.000     0.651
6 2 9 0.596 -3.255     1.009
6 3 9 -0.149 -1.640     1.174
6 4 9 -0.019 -0.375     1.009
6 5 9 1.231 -0.843     1.158
6 6 9 0.882 -0.656     0.996
6 7 9 1.132 -0.333     0.837
6 8 9 1.450 -0.130     0.744
6 9 9 0.346 -0.171     0.962
6 10 9 -0.394 -0.880     0.856
7 1 1 3.337 -5.564     0.869
7 2 1 2.243 -3.308     1.760
7 3 1 1.128 -1.876     2.217
7 4 1 2.003 -1.173     2.150
7 5 1 2.045 1.150     2.054
7 6 1 0.852 1.582     2.355
7 7 1 2.024 -0.287     2.356
7 8 1 2.394 0.640     2.308
7 9 1 2.134 0.395     2.368
7 10 1 2.144 -0.439     2.214
7 1 2 3.394 -5.246     0.921
7 2 2 1.993 -2.402     2.038
7 3 2 1.722 -0.918     2.346
7 4 2 2.269 -0.485     2.103
7 5 2 1.889 -0.803     2.201
7 6 2 0.238 -0.079     2.795
7 7 2 0.894 -1.017     2.233
7 8 2 1.852 -0.470     2.203
7 9 2 1.066 0.660     2.536
7 10 2 1.222 0.249     2.444
7 1 3 3.883 -4.537     1.000
7 2 3 2.670 -1.860     2.016
7 3 3 2.144 -0.001     2.143
7 4 3 1.649 0.020     2.406
7 5 3 1.144 -1.371     2.453
7 6 3 -0.064 -0.428     2.558
7 7 3 -0.564 -1.194     2.097
7 8 3 1.009 -1.444     2.028
7 9 3 0.732 -0.027     2.376
7 10 3 0.186 0.181     2.597
7 1 4 3.482 -3.298     1.141
7 2 4 2.342 -1.386     2.046
7 3 4 1.696 0.332     2.319
7 4 4 0.555 0.535     2.756
7 5 4 0.873 -0.668     2.593
7 6 4 0.113 -0.360     2.565
7 7 4 -1.340 -0.616     2.006
7 8 4 0.696 -1.543     1.968
7 9 4 0.925 -0.850     2.100
7 10 4 -0.314 -0.366     2.400
7 1 5 2.628 -3.199     1.366
7 2 5 1.347 -1.324     2.367
7 3 5 0.988 0.020     2.651
7 4 5 0.040 0.400     2.679
7 5 5 0.368 -0.871     2.488
7 6 5 0.368 -1.142     2.268
7 7 5 -1.117 -0.423     2.104
7 8 5 0.524 -1.017     2.156
7 9 5 1.186 -1.058     1.967
7 10 5 -0.252 -0.746     2.335
7 1 6 1.160 -3.329     1.314
7 2 6 0.831 -2.272     2.227
7 3 6 0.670 -1.376     2.684
7 4 6 -0.236 -1.616     2.352
7 5 6 0.128 -2.230     2.056
7 6 6 0.618 -1.840     2.113
7 7 6 -0.200 -1.204     2.153
7 8 6 0.634 -0.142     2.402
7 9 6 1.331 -0.756     1.926
7 10 6 0.160 -0.756     2.369
7 1 7 0.347 -2.881     1.839
7 2 7 0.774 -2.991     2.129
7 3 7 0.149 -2.944     2.297
7 4 7 -0.361 -3.084     1.962
7 5 7 1.071 -2.303     2.157
7 6 7 1.227 -1.746     2.103
7 7 7 0.753 -1.501     1.957
7 8 7 1.134 -0.220     2.147
7 9 7 0.941 -0.626     2.064
7 10 7 0.535 -0.751     2.286
7 1 8 0.133 -3.574     1.671
7 2 8 0.399 -3.558     2.137
7 3 8 -0.434 -2.543     2.220
7 4 8 0.113 -1.537     2.288
7 5 8 2.087 -0.965     2.226
7 6 8 1.686 -1.084     2.240
7 7 8 1.165 -0.850     2.080
7 8 8 1.415 -0.595     1.932
7 9 8 0.936 -0.548     2.125
7 10 8 0.592 -0.959     2.210
7 1 9 -0.007 -3.558     0.507
7 2 9 0.805 -3.595     0.927
7 3 9 0.175 -1.944     1.177
7 4 9 0.462 -0.709     1.080
7 5 9 1.873 -1.142     1.139
7 6 9 1.498 -0.824     1.020
7 7 9 1.259 -0.277     0.875
7 8 9 1.410 -0.037     0.794
7 9 9 0.581 -0.277     1.044
7 10 9 0.061 -1.225     0.907
8 1 1 4.067 -5.787     0.832
8 2 1 2.963 -3.756     1.805
8 3 1 1.885 -2.115     2.389
8 4 1 2.739 -1.319     2.284
8 5 1 2.599 1.207     2.249
8 6 1 1.494 1.629     2.583
8 7 1 2.708 -0.261     2.524
8 8 1 3.187 0.822     2.405
8 9 1 3.218 0.890     2.453
8 10 1 3.307 0.431     2.334
8 1 2 4.140 -5.391     0.876
8 2 2 2.786 -2.720     2.109
8 3 2 2.489 -1.131     2.516
8 4 2 3.041 -0.683     2.237
8 5 2 2.593 -0.641     2.413
8 6 2 1.078 0.051     3.149
8 7 2 2.015 -1.246     2.437
8 8 2 3.067 -0.501     2.329
8 9 2 2.234 1.348     2.706
8 10 2 2.286 1.416     2.617
8 1 3 4.578 -4.714     0.957
8 2 3 3.416 -2.053     2.003
8 3 3 2.885 -0.209     2.308
8 4 3 2.442 -0.141     2.596
8 5 3 1.932 -1.173     2.653
8 6 3 0.817 -0.214     2.937
8 7 3 0.869 -1.438     2.380
8 8 3 2.494 -1.626     2.189
8 9 3 1.765 0.562     2.649
8 10 3 0.932 1.473     2.879
8 1 4 4.104 -3.725     1.105
8 2 4 2.942 -1.563     2.179
8 3 4 2.276 0.145     2.533
8 4 4 1.250 0.306     3.082
8 5 4 1.671 -0.595     2.851
8 6 4 1.020 0.015     2.928
8 7 4 0.182 -0.329     2.427
8 8 4 2.182 -1.631     2.156
8 9 4 1.791 -0.579     2.398
8 10 4 0.156 0.546     2.833
8 1 5 3.244 -3.647     1.357
8 2 5 1.948 -1.490     2.558
8 3 5 1.463 -0.027     2.952
8 4 5 0.609 0.317     3.081
8 5 5 1.224 -0.756     2.790
8 6 5 1.442 -0.610     2.570
8 7 5 0.494 0.192     2.525
8 8 5 2.041 -1.157     2.365
8 9 5 1.958 -1.162     2.230
8 10 5 0.026 -0.251     2.807
8 1 6 1.864 -3.584     1.343
8 2 6 1.505 -2.287     2.389
8 3 6 1.104 -1.126     2.984
8 4 6 0.328 -1.168     2.695
8 5 6 1.031 -1.751     2.304
8 6 6 1.770 -1.397     2.341
8 7 6 1.276 -0.964     2.457
8 8 6 1.979 -0.740     2.640
8 9 6 1.974 -1.095     2.185
8 10 6 0.229 -0.355     2.822
8 1 7 1.036 -2.902     1.870
8 2 7 1.463 -2.855     2.255
8 3 7 0.750 -2.563     2.481
8 4 7 0.286 -2.392     2.188
8 5 7 1.765 -1.772     2.352
8 6 7 2.093 -1.626     2.301
8 7 7 1.890 -1.892     2.157
8 8 7 2.213 -1.016     2.375
8 9 7 1.447 -0.964     2.371
8 10 7 0.390 -0.298     2.736
8 1 8 0.776 -3.438     1.679
8 2 8 1.026 -3.386     2.233
8 3 8 0.208 -2.282     2.445
8 4 8 0.666 -1.173     2.619
8 5 8 2.395 -0.824     2.423
8 6 8 2.182 -1.313     2.439
8 7 8 2.062 -1.506     2.289
8 8 8 2.302 -1.308     2.147
8 9 8 1.276 -0.746     2.460
8 10 8 0.302 -0.459     2.651
8 1 9 0.515 -3.475     0.371
8 2 9 1.359 -3.496     0.875
8 3 9 0.677 -1.766     1.213
8 4 9 0.859 -0.480     1.171
8 5 9 2.125 -1.115     1.137
8 6 9 1.932 -1.105     1.041
8 7 9 2.000 -0.985     0.900
8 8 9 1.989 -0.683     0.839
8 9 9 0.635 -0.324     1.157
8 10 9 -0.297 -0.584     1.031
9 1 1 3.416 -4.437     0.802
9 2 1 2.927 -2.615     1.841
9 3 1 2.172 -1.427     2.484
9 4 1 2.453 -0.641     2.392
9 5 1 2.385 1.615     2.345
9 6 1 2.015 1.547     2.683
9 7 1 3.114 -0.042     2.551
9 8 1 3.484 0.693     2.389
9 9 1 3.552 0.620     2.413
9 10 1 3.547 0.333     2.320
9 1 2 3.448 -4.208     0.841
9 2 2 2.755 -2.073     2.110
9 3 2 2.583 -0.943     2.590
9 4 2 2.625 -0.443     2.342
9 5 2 2.172 0.136     2.572
9 6 2 1.526 0.771     3.323
9 7 2 2.692 -0.370     2.509
9 8 2 3.385 -0.198     2.324
9 9 2 2.599 1.156     2.741
9 10 2 2.677 1.193     2.646
9 1 3 3.890 -3.828     0.913
9 2 3 3.265 -1.734     1.926
9 3 3 2.828 -0.328     2.393
9 4 3 2.354 -0.078     2.710
9 5 3 1.875 -0.354     2.817
9 6 3 1.213 0.781     3.155
9 7 3 1.541 -0.260     2.590
9 8 3 2.849 -0.927     2.248
9 9 3 1.932 0.667     2.801
9 10 3 1.078 1.354     3.067
9 1 4 3.536 -3.068     1.062
9 2 4 2.765 -1.307     2.232
9 3 4 2.302 0.073     2.652
9 4 4 1.547 0.432     3.276
9 5 4 1.739 0.089     3.026
9 6 4 1.145 0.875     3.156
9 7 4 0.656 0.750     2.709
9 8 4 2.505 -0.766     2.258
9 9 4 1.755 -0.172     2.600
9 10 4 -0.026 0.870     3.149
9 1 5 2.880 -2.844     1.339
9 2 5 1.833 -1.016     2.698
9 3 5 1.526 0.297     3.150
9 4 5 0.942 0.677     3.348
9 5 5 1.270 -0.094     3.041
9 6 5 1.265 0.344     2.831
9 7 5 0.505 1.339     2.770
9 8 5 2.119 -0.141     2.518
9 9 5 1.802 -0.536     2.430
9 10 5 -0.282 0.427     3.174
9 1 6 1.828 -2.578     1.361
9 2 6 1.494 -1.281     2.558
9 3 6 1.083 -0.120     3.267
9 4 6 0.395 -0.333     3.053
9 5 6 0.974 -0.995     2.551
9 6 6 1.380 -0.250     2.588
9 7 6 0.671 0.375     2.779
9 8 6 1.640 0.490     2.834
9 9 6 1.734 -0.385     2.390
9 10 6 -0.141 0.287     3.208
9 1 7 1.203 -1.781     1.924
9 2 7 1.474 -1.432     2.440
9 3 7 0.557 -1.036     2.759
9 4 7 -0.032 -1.312     2.449
9 5 7 1.401 -1.057     2.554
9 6 7 1.416 -0.755     2.520
9 7 7 0.953 -0.750     2.431
9 8 7 1.458 0.135     2.619
9 9 7 0.890 -0.271     2.672
9 10 7 -0.058 0.208     3.143
9 1 8 0.885 -2.266     1.725
9 2 8 0.937 -2.016     2.395
9 3 8 -0.042 -1.052     2.741
9 4 8 0.203 -0.521     2.965
9 5 8 1.729 -0.448     2.628
9 6 8 1.291 -0.922     2.668
9 7 8 1.010 -0.812     2.550
9 8 8 1.265 -0.489     2.402
9 9 8 0.479 -0.193     2.816
9 10 8 -0.329 0.099     3.029
9 1 9 0.489 -2.641     0.288
9 2 9 1.062 -2.614     0.861
9 3 9 0.312 -1.161     1.270
9 4 9 0.229 -0.318     1.286
9 5 9 1.255 -1.052     1.175
9 6 9 0.942 -1.021     1.100
9 7 9 0.932 -0.599     0.975
9 8 9 0.885 -0.177     0.920
9 9 9 -0.245 0.073     1.274
9 10 9 -1.016 0.104     1.101
10 1 1 2.980 -4.797     0.792
10 2 1 2.355 -2.307     1.936
10 3 1 1.579 -1.026     2.664
10 4 1 2.172 -0.349     2.537
10 5 1 2.323 1.573     2.448
10 6 1 1.693 1.515     2.804
10 7 1 2.599 -0.177     2.643
10 8 1 2.855 0.672     2.465
10 9 1 2.756 0.557     2.498
10 10 1 2.678 0.307     2.432
10 1 2 2.964 -4.521     0.828
10 2 2 2.053 -1.787     2.189
10 3 2 1.980 -0.516     2.745
10 4 2 2.125 -0.058     2.503
10 5 2 1.709 0.041     2.772
10 6 2 0.938 0.588     3.606
10 7 2 2.063 -0.604     2.646
10 8 2 2.782 -0.224     2.415
10 9 2 1.891 1.114     2.885
10 10 2 2.042 1.146     2.775
10 1 3 3.287 -4.000     0.907
10 2 3 2.422 -1.563     1.957
10 3 3 2.131 0.088     2.548
10 4 3 1.500 0.198     2.941
10 5 3 0.995 -0.495     3.097
10 6 3 0.386 0.583     3.509
10 7 3 0.719 -0.563     2.900
10 8 3 2.235 -1.125     2.376
10 9 3 1.417 0.531     3.027
10 10 3 0.667 1.234     3.308
10 1 4 2.995 -3.110     1.063
10 2 4 2.037 -1.229     2.348
10 3 4 1.537 0.469     2.857
10 4 4 0.537 0.620     3.609
10 5 4 0.974 -0.005     3.323
10 6 4 0.506 0.604     3.496
10 7 4 -0.218 0.370     3.095
10 8 4 1.954 -1.172     2.400
10 9 4 1.417 -0.464     2.840
10 10 4 -0.265 0.693     3.492
10 1 5 2.532 -3.125     1.341
10 2 5 1.297 -1.120     2.885
10 3 5 0.870 0.547     3.438
10 4 5 0.047 0.838     3.675
10 5 5 0.631 -0.297     3.392
10 6 5 0.917 -0.214     3.139
10 7 5 -0.093 0.786     3.098
10 8 5 1.662 -0.651     2.712
10 9 5 1.526 -0.906     2.639
10 10 5 -0.458 0.250     3.553
10 1 6 1.563 -3.313     1.338
10 2 6 1.110 -1.781     2.722
10 3 6 0.714 -0.182     3.621
10 4 6 -0.171 -0.406     3.447
10 5 6 0.495 -1.401     2.780
10 6 6 1.204 -0.974     2.811
10 7 6 0.490 -0.334     3.138
10 8 6 1.422 0.026     3.079
10 9 6 1.558 -0.740     2.608
10 10 6 -0.270 0.094     3.625
10 1 7 0.891 -2.917     1.911
10 2 7 1.157 -2.375     2.549
10 3 7 0.386 -1.557     2.977
10 4 7 -0.187 -1.610     2.667
10 5 7 1.365 -1.334     2.728
10 6 7 1.521 -1.156     2.702
10 7 7 1.094 -1.271     2.642
10 8 7 1.553 -0.240     2.848
10 9 7 0.875 -0.599     2.969
10 10 7 -0.166 -0.037     3.576
10 1 8 0.636 -3.766     1.654
10 2 8 0.724 -3.255     2.422
10 3 8 -0.182 -1.735     2.942
10 4 8 0.271 -0.672     3.298
10 5 8 1.995 -0.391     2.791
10 6 8 1.605 -0.948     2.855
10 7 8 1.355 -1.005     2.764
10 8 8 1.568 -0.724     2.614
10 9 8 0.506 -0.396     3.175
10 10 8 -0.437 -0.167     3.412
10 1 9 0.485 -3.964     0.162
10 2 9 1.136 -3.724     0.774
10 3 9 0.282 -1.724     1.285
10 4 9 0.318 -0.328     1.386
10 5 9 1.521 -0.912     1.188
10 6 9 1.235 -0.886     1.132
10 7 9 1.323 -0.573     1.014
10 8 9 1.235 -0.224     0.971
10 9 9 -0.161 0.005     1.404
10 10 9 -1.073 -0.146     1.165
11 1 1 2.778 -4.237     0.779
11 2 1 1.690 -2.039     2.010
11 3 1 0.315 -1.320     2.852
11 4 1 1.237 -0.831     2.708
11 5 1 2.080 0.534     2.549
11 6 1 0.955 1.127     2.967
11 7 1 1.018 -0.263     2.869
11 8 1 1.080 0.091     2.686
11 9 1 1.252 -1.300     2.625
11 10 1 1.632 -2.570     2.413
11 1 2 2.799 -3.982     0.813
11 2 2 1.669 -1.748     2.193
11 3 2 1.096 -0.482     2.954
11 4 2 1.341 0.096     2.689
11 5 2 1.299 -0.956     2.879
11 6 2 0.002 -1.050     3.831
11 7 2 0.018 -2.274     2.701
11 8 2 0.731 -2.383     2.461
11 9 2 0.627 -2.763     2.858
11 10 2 1.039 -3.492     2.645
11 1 3 3.106 -3.471     0.898
11 2 3 2.315 -1.581     1.920
11 3 3 1.789 0.331     2.674
11 4 3 0.627 0.440     3.208
11 5 3 -0.487 -1.998     3.169
11 6 3 -1.269 -2.367     3.447
11 7 3 -1.295 -3.680     2.687
11 8 3 0.309 -4.419     2.196
11 9 3 0.820 -4.326     2.736
11 10 3 0.789 -4.362     2.988
11 1 4 2.669 -2.623     1.065
11 2 4 2.018 -1.195     2.360
11 3 4 1.565 0.351     3.001
11 4 4 -0.524 0.028     3.930
11 5 4 -1.467 -2.206     3.286
11 6 4 -1.696 -2.961     3.322
11 7 4 -1.915 -3.768     2.805
11 8 4 0.283 -4.914     2.125
11 9 4 1.268 -4.992     2.482
11 10 4 0.815 -4.763     3.064
11 1 5 1.919 -2.586     1.377
11 2 5 1.080 -1.117     3.034
11 3 5 0.554 -0.347     3.730
11 4 5 -1.498 -0.987     3.765
11 5 5 -2.118 -2.945     3.183
11 6 5 -1.477 -3.831     2.886
11 7 5 -1.790 -3.789     2.829
11 8 5 0.148 -4.711     2.400
11 9 5 1.570 -5.029     2.303
11 10 5 1.080 -4.794     3.096
11 1 6 0.434 -2.664     1.356
11 2 6 0.164 -1.992     2.817
11 3 6 -0.717 -1.831     3.680
11 4 6 -2.685 -2.992     3.153
11 5 6 -2.430 -4.123     2.468
11 6 6 -1.118 -4.211     2.565
11 7 6 -1.217 -4.404     2.796
11 8 6 0.158 -4.169     2.806
11 9 6 1.710 -4.831     2.285
11 10 6 1.429 -4.732     3.138
11 1 7 -0.409 -2.263     1.954
11 2 7 -0.336 -2.638     2.573
11 3 7 -1.967 -3.258     2.807
11 4 7 -3.602 -4.091     2.287
11 5 7 -1.946 -3.836     2.468
11 6 7 -0.826 -3.982     2.507
11 7 7 -0.691 -4.690     2.346
11 8 7 0.544 -4.107     2.621
11 9 7 1.362 -4.654     2.617
11 10 7 1.653 -4.727     3.092
11 1 8 -0.675 -2.732     1.666
11 2 8 -0.941 -3.091     2.389
11 3 8 -2.659 -2.925     2.736
11 4 8 -3.383 -2.617     2.965
11 5 8 -1.717 -2.555     2.714
11 6 8 -1.138 -3.862     2.640
11 7 8 -0.576 -4.555     2.467
11 8 8 0.820 -4.513     2.359
11 9 8 1.382 -4.456     2.812
11 10 8 1.653 -4.727     2.952
11 1 9 -0.852 -2.831     0.083
11 2 9 -0.737 -3.086     0.691
11 3 9 -1.972 -2.248     1.169
11 4 9 -2.956 -1.820     1.213
11 5 9 -2.383 -2.909     1.010
11 6 9 -1.779 -4.154     0.908
11 7 9 -0.409 -4.503     0.795
11 8 9 1.013 -4.268     0.784
11 9 9 1.226 -4.143     1.154
11 10 9 1.164 -4.654     0.924
12 1 1 0.681 -0.621     0.786
12 2 1 -0.199 0.020     2.151
12 3 1 -0.912 0.103     2.898
12 4 1 1.088 0.139     2.732
12 5 1 2.140 0.129     2.472
12 6 1 0.119 1.202     2.981
12 7 1 -0.147 -0.407     3.005
12 8 1 0.119 0.473     2.818
12 9 1 0.181 0.270     2.771
12 10 1 0.546 0.041     2.516
12 1 2 0.572 -0.720     0.824
12 2 2 -0.517 0.145     2.300
12 3 2 -0.433 1.072     2.980
12 4 2 0.770 1.405     2.659
12 5 2 1.437 -0.126     2.836
12 6 2 -0.298 -0.022     4.014
12 7 2 -0.892 -1.053     2.699
12 8 2 0.171 -1.084     2.505
12 9 2 0.041 -0.288     3.022
12 10 2 0.306 -0.131     2.786
12 1 3 0.692 -0.954     0.899
12 2 3 0.072 -0.173     2.072
12 3 3 0.327 1.457     2.655
12 4 3 0.192 1.457     3.199
12 5 3 0.009 -0.262     3.336
12 6 3 -0.907 -0.308     3.519
12 7 3 -1.730 -1.366     2.566
12 8 3 -0.032 -2.100     2.121
12 9 3 0.536 -1.048     2.771
12 10 3 0.239 -0.522     3.106
12 1 4 0.286 -1.319     1.051
12 2 4 0.520 -0.616     2.413
12 3 4 1.207 1.035     2.958
12 4 4 -0.069 1.015     3.992
12 5 4 -0.418 -0.241     3.432
12 6 4 -0.918 -0.600     3.376
12 7 4 -2.063 -1.225     2.654
12 8 4 0.015 -2.288     2.029
12 9 4 1.145 -1.564     2.422
12 10 4 0.400 -0.892     3.123
12 1 5 0.239 -2.006     1.314
12 2 5 0.947 -0.735     3.047
12 3 5 1.676 0.572     3.650
12 4 5 0.046 0.499     3.920
12 5 5 -0.725 -1.022     3.211
12 6 5 -0.647 -1.621     2.837
12 7 5 -1.798 -1.439     2.700
12 8 5 -0.079 -2.126     2.309
12 9 5 1.369 -1.720     2.219
12 10 5 0.546 -1.084     3.123
12 1 6 0.150 -1.652     1.298
12 2 6 1.655 -0.746     2.760
12 3 6 1.546 -0.027     3.657
12 4 6 -0.558 -0.907     3.208
12 5 6 -0.839 -2.116     2.354
12 6 6 -0.199 -2.163     2.478
12 7 6 -0.902 -2.194     2.666
12 8 6 0.213 -1.433     2.802
12 9 6 1.562 -1.631     2.191
12 10 6 0.744 -1.121     3.144
12 1 7 0.218 -0.626     1.983
12 2 7 1.895 -0.652     2.505
12 3 7 0.562 -0.913     2.864
12 4 7 -1.282 -1.496     2.228
12 5 7 0.056 -1.397     2.467
12 6 7 0.530 -1.756     2.466
12 7 7 0.088 -2.433     2.227
12 8 7 0.900 -1.439     2.589
12 9 7 1.166 -1.683     2.543
12 10 7 0.848 -1.209     3.080
12 1 8 0.275 -0.965     1.669
12 2 8 0.947 -1.116     2.398
12 3 8 -0.563 -0.683     2.814
12 4 8 -1.048 0.139     3.008
12 5 8 0.744 0.322     2.788
12 6 8 0.629 -1.137     2.666
12 7 8 0.468 -2.069     2.382
12 8 8 1.260 -1.980     2.253
12 9 8 1.129 -1.678     2.737
12 10 8 0.754 -1.381     2.927
12 1 9 -0.074 -0.881     0.044
12 2 9 0.588 -1.407     0.695
12 3 9 -0.272 -0.485     1.225
12 4 9 -0.803 0.561     1.233
12 5 9 0.145 -0.152     1.086
12 6 9 0.150 -1.178     0.926
12 7 9 0.650 -1.762     0.769
12 8 9 1.442 -1.548     0.747
12 9 9 0.900 -1.329     1.145
12 10 9 0.161 -1.501     0.917
13 1 1 -0.719 3.770     0.645
13 2 1 -0.604 3.332     1.969
13 3 1 0.010 2.473     2.758
13 4 1 1.542 2.306     2.555
13 5 1 2.214 1.629     2.343
13 6 1 1.885 1.301     2.879
13 7 1 2.974 0.150     2.807
13 8 1 3.495 0.816     2.535
13 9 1 3.422 0.738     2.497
13 10 1 3.417 0.514     2.245
13 1 2 -0.443 3.504     0.811
13 2 2 -0.135 3.103     2.113
13 3 2 0.703 2.566     2.934
13 4 2 1.422 2.160     2.643
13 5 2 1.781 1.061     2.795
13 6 2 1.813 0.874     4.028
13 7 2 3.172 0.374     2.607
13 8 2 4.234 0.421     2.305
13 9 2 3.521 1.509     2.808
13 10 2 3.297 1.447     2.598
13 1 3 -0.016 3.238     0.901
13 2 3 0.552 2.785     1.959
13 3 3 1.172 2.504     2.616
13 4 3 1.297 1.780     3.211
13 5 3 1.589 1.186     3.374
13 6 3 1.802 1.520     3.494
13 7 3 2.781 1.191     2.500
13 8 3 4.625 0.900     1.928
13 9 3 3.906 2.093     2.507
13 10 3 2.719 2.322     2.889
13 1 4 -0.005 2.905     1.048
13 2 4 0.656 2.379     2.320
13 3 4 1.177 2.306     2.912
13 4 4 1.125 1.780     3.978
13 5 4 1.875 1.499     3.394
13 6 4 2.000 1.957     3.293
13 7 4 2.484 2.441     2.520
13 8 4 4.776 1.915     1.776
13 9 4 4.073 2.379     2.182
13 10 4 2.042 2.827     2.906
13 1 5 -0.073 2.249     1.354
13 2 5 0.422 2.056     3.075
13 3 5 0.813 2.171     3.613
13 4 5 0.958 1.869     3.909
13 5 5 1.938 1.353     3.195
13 6 5 2.531 2.035     2.729
13 7 5 2.651 3.098     2.493
13 8 5 4.578 2.665     2.002
13 9 5 4.063 2.488     2.002
13 10 5 1.552 2.973     2.934
13 1 6 -0.187 1.863     1.345
13 2 6 0.339 1.816     2.836
13 3 6 0.203 2.046     3.674
13 4 6 0.479 1.514     3.310
13 5 6 2.224 1.499     2.337
13 6 6 3.052 2.415     2.322
13 7 6 3.052 2.895     2.443
13 8 6 4.328 3.494     2.379
13 9 6 3.750 2.624     1.976
13 10 6 1.214 3.046     2.966
13 1 7 -0.141 1.843     2.015
13 2 7 0.229 1.843     2.594
13 3 7 -0.328 1.957     2.924
13 4 7 0.526 1.874     2.309
13 5 7 2.818 2.353     2.319
13 6 7 3.042 2.379     2.314
13 7 7 3.464 2.634     2.048
13 8 7 4.260 3.473     2.214
13 9 7 2.646 2.827     2.372
13 10 7 0.917 3.129     2.908
13 1 8 0.104 1.322     1.755
13 2 8 0.287 1.577     2.520
13 3 8 0.063 2.421     2.810
13 4 8 1.328 2.723     2.891
13 5 8 2.839 2.415     2.602
13 6 8 2.802 1.957     2.555
13 7 8 3.714 2.691     2.147
13 8 8 3.964 3.051     1.998
13 9 8 1.984 3.202     2.554
13 10 8 0.422 3.244     2.765
13 1 9 0.094 1.244     0.146
13 2 9 0.912 1.191     0.855
13 3 9 0.990 1.926     1.337
13 4 9 1.573 1.843     1.315
13 5 9 2.771 1.093     1.143
13 6 9 3.339 1.889     0.953
13 7 9 4.042 2.733     0.757
13 8 9 3.344 3.306     0.758
13 9 9 0.969 3.634     1.147
13 10 9 -0.365 3.467     0.935
14 1 1 0.321 4.247     0.475
14 2 1 0.472 4.206     1.703
14 3 1 1.092 3.523     2.450
14 4 1 1.607 3.351     2.263
14 5 1 1.571 3.232     2.109
14 6 1 1.696 2.607     2.645
14 7 1 2.342 1.805     2.615
14 8 1 2.461 1.612     2.366
14 9 1 2.295 1.226     2.361
14 10 1 1.847 0.914     2.183
14 1 2 0.326 3.831     0.803
14 2 2 0.826 3.758     1.830
14 3 2 1.477 3.247     2.807
14 4 2 1.597 2.841     2.584
14 5 2 1.487 2.586     2.582
14 6 2 1.862 2.393     3.886
14 7 2 2.774 2.206     2.503
14 8 2 2.972 1.857     2.247
14 9 2 2.430 1.825     2.771
14 10 2 2.008 1.341     2.649
14 1 3 0.300 3.310     0.917
14 2 3 1.008 3.122     1.818
14 3 3 1.503 2.778     2.573
14 4 3 1.472 2.216     3.190
14 5 3 1.612 2.341     3.302
14 6 3 2.112 2.518     3.344
14 7 3 3.045 2.596     2.345
14 8 3 3.529 2.310     1.857
14 9 3 2.560 2.351     2.433
14 10 3 1.816 1.877     2.904
14 1 4 0.139 2.633     1.081
14 2 4 0.961 2.341     2.225
14 3 4 1.269 2.174     2.935
14 4 4 1.373 1.846     3.983
14 5 4 1.946 2.195     3.319
14 6 4 2.321 2.497     3.168
14 7 4 3.144 2.898     2.334
14 8 4 3.836 2.596     1.665
14 9 4 2.508 2.508     2.137
14 10 4 1.373 2.315     2.893
14 1 5 0.139 2.008     1.429
14 2 5 0.862 1.851     3.158
14 3 5 0.956 1.737     3.691
14 4 5 1.269 1.674     3.953
14 5 5 2.326 2.081     3.107
14 6 5 2.836 2.669     2.583
14 7 5 3.274 3.023     2.310
14 8 5 3.857 2.815     1.845
14 9 5 2.503 2.487     1.976
14 10 5 1.050 2.565     2.919
14 1 6 0.612 1.888     1.406
14 2 6 0.972 1.872     2.926
14 3 6 0.701 1.737     3.775
14 4 6 1.482 1.976     3.325
14 5 6 2.982 2.690     2.203
14 6 6 3.305 3.180     2.154
14 7 6 3.430 3.180     2.237
14 8 6 3.743 3.237     2.171
14 9 6 2.389 2.435     1.950
14 10 6 0.868 2.721     2.940
14 1 7 1.060 2.065     2.027
14 2 7 1.118 2.101     2.657
14 3 7 0.904 2.268     2.962
14 4 7 2.326 2.976     2.221
14 5 7 3.607 3.409     2.091
14 6 7 3.321 3.278     2.134
14 7 7 3.519 3.430     1.871
14 8 7 3.441 3.372     2.020
14 9 7 1.987 2.622     2.320
14 10 7 0.862 2.872     2.863
14 1 8 1.336 2.148     1.762
14 2 8 1.373 2.419     2.538
14 3 8 1.696 2.935     2.717
14 4 8 3.040 3.388     2.615
14 5 8 3.586 3.086     2.358
14 6 8 3.316 2.992     2.356
14 7 8 3.659 3.560     1.930
14 8 8 3.128 3.383     1.849
14 9 8 1.753 3.138     2.447
14 10 8 0.810 3.127     2.682
14 1 9 1.685 2.221     0.240
14 2 9 1.862 2.534     0.966
14 3 9 2.159 2.815     1.371
14 4 9 3.086 2.685     1.300
14 5 9 3.727 2.471     1.126
14 6 9 3.857 3.034     0.940
14 7 9 3.842 3.518     0.754
14 8 9 2.743 3.497     0.774
14 9 9 1.352 3.502     1.164
14 10 9 0.665 3.565     0.996
15 1 1 0.808 0.592     0.436
15 2 1 0.495 0.509     1.768
15 3 1 0.344 -0.106     2.579
15 4 1 1.438 0.076     2.266
15 5 1 1.693 0.613     2.076
15 6 1 0.797 0.582     2.683
15 7 1 1.542 -0.585     2.568
15 8 1 1.959 0.212     2.297
15 9 1 1.823 0.227     2.301
15 10 1 1.828 -0.226     2.130
15 1 2 0.542 0.477     0.776
15 2 2 0.354 0.519     1.888
15 3 2 0.787 0.462     2.872
15 4 2 1.443 0.446     2.557
15 5 2 1.354 -0.366     2.499
15 6 2 0.438 -0.564     3.981
15 7 2 1.120 -1.101     2.466
15 8 2 2.084 -0.585     2.160
15 9 2 1.485 0.358     2.743
15 10 2 1.271 0.186     2.641
15 1 3 0.610 0.316     0.897
15 2 3 0.797 0.269     1.828
15 3 3 1.120 0.701     2.577
15 4 3 0.880 0.321     3.234
15 5 3 0.662 -0.783     3.341
15 6 3 0.292 -0.507     3.444
15 7 3 0.620 -0.799     2.386
15 8 3 2.068 -0.820     1.778
15 9 3 1.511 0.071     2.409
15 10 3 0.599 0.269     2.982
15 1 4 0.401 0.139     1.077
15 2 4 0.880 -0.116     2.236
15 3 4 1.026 0.436     2.956
15 4 4 0.235 0.076     4.158
15 5 4 0.599 -0.460     3.408
15 6 4 0.505 0.050     3.275
15 7 4 0.334 0.394     2.432
15 8 4 2.042 -0.429     1.594
15 9 4 1.646 -0.293     2.098
15 10 4 0.203 0.108     3.031
15 1 5 0.360 -0.481     1.427
15 2 5 0.792 -0.418     3.220
15 3 5 0.797 0.087     3.759
15 4 5 0.057 -0.028     4.160
15 5 5 0.610 -0.450     3.187
15 6 5 1.047 0.014     2.611
15 7 5 0.558 1.003     2.325
15 8 5 1.813 0.061     1.800
15 9 5 1.662 -0.392     1.941
15 10 5 0.104 0.050     3.073
15 1 6 0.287 -0.877     1.383
15 2 6 0.990 -0.679     2.943
15 3 6 0.755 -0.293     3.846
15 4 6 0.115 -0.543     3.426
15 5 6 0.813 -0.721     2.230
15 6 6 1.432 -0.189     2.139
15 7 6 0.985 0.259     2.266
15 8 6 1.500 0.378     2.145
15 9 6 1.459 -0.294     1.934
15 10 6 0.156 0.154     3.085
15 1 7 0.318 -0.611     2.037
15 2 7 1.156 -0.648     2.660
15 3 7 0.599 -0.642     3.011
15 4 7 0.292 -0.778     2.283
15 5 7 1.386 -0.455     2.094
15 6 7 1.490 -0.340     2.110
15 7 7 1.261 -0.512     1.869
15 8 7 1.401 -0.028     2.018
15 9 7 0.813 -0.205     2.371
15 10 7 0.078 0.222     2.997
15 1 8 0.490 -0.783     1.742
15 2 8 0.839 -0.736     2.568
15 3 8 0.328 -0.314     2.827
15 4 8 0.599 0.024     2.720
15 5 8 1.620 -0.028     2.328
15 6 8 1.365 -0.392     2.345
15 7 8 1.313 -0.481     1.935
15 8 8 1.370 -0.434     1.840
15 9 8 0.542 -0.070     2.532
15 10 8 -0.239 0.201     2.801
15 1 9 0.412 -0.793     0.207
15 2 9 0.854 -0.960     0.982
15 3 9 0.511 -0.205     1.434
15 4 9 0.646 0.191     1.353
15 5 9 1.360 -0.429     1.124
15 6 9 1.240 -0.398     0.943
15 7 9 1.297 -0.283     0.756
15 8 9 1.130 -0.137     0.782
15 9 9 0.052 0.154     1.239
15 10 9 -0.812 0.201     1.026
16 1 1 -1.671 3.858     0.356
16 2 1 -1.317 2.874     1.652
16 3 1 -0.561 1.952     2.537
16 4 1 0.725 1.639     2.273
16 5 1 0.907 0.936     2.124
16 6 1 0.413 1.025     2.734
16 7 1 1.611 -0.126     2.559
16 8 1 2.282 0.421     2.222
16 9 1 2.178 0.327     2.230
16 10 1 1.892 0.098     2.033
16 1 2 -1.634 3.603     0.748
16 2 2 -0.988 2.744     1.673
16 3 2 -0.025 2.191     2.901
16 4 2 0.506 1.770     2.632
16 5 2 0.423 0.348     2.709
16 6 2 0.121 0.301     4.282
16 7 2 1.308 -0.100     2.603
16 8 2 2.605 0.155     2.139
16 9 2 2.262 0.848     2.726
16 10 2 1.824 0.775     2.611
16 1 3 -1.567 3.124     0.887
16 2 3 -0.671 2.280     1.758
16 3 3 0.053 1.952     2.645
16 4 3 0.012 1.296     3.370
16 5 3 0.053 0.426     3.610
16 6 3 0.121 0.712     3.667
16 7 3 0.965 0.645     2.543
16 8 3 2.777 0.577     1.786
16 9 3 2.512 1.332     2.359
16 10 3 1.407 1.374     2.944
16 1 4 -1.811 2.509     1.064
16 2 4 -0.686 1.608     2.190
16 3 4 -0.030 1.337     3.094
16 4 4 -0.264 0.936     4.347
16 5 4 0.376 0.707     3.622
16 6 4 0.595 1.082     3.428
16 7 4 0.918 1.665     2.501
16 8 4 2.829 1.290     1.586
16 9 4 2.532 1.535     2.062
16 10 4 0.897 1.676     3.006
16 1 5 -1.968 1.660     1.446
16 2 5 -0.718 1.040     3.368
16 3 5 -0.228 0.931     3.961
16 4 5 -0.327 0.712     4.386
16 5 5 0.663 0.452     3.399
16 6 5 1.392 1.025     2.707
16 7 5 1.361 2.014     2.349
16 8 5 2.694 1.738     1.770
16 9 5 2.335 1.535     1.931
16 10 5 0.444 1.743     3.053
16 1 6 -1.473 1.348     1.418
16 2 6 -0.212 0.858     3.142
16 3 6 -0.311 0.910     4.045
16 4 6 -0.311 0.577     3.662
16 5 6 1.178 0.592     2.375
16 6 6 2.090 1.379     2.161
16 7 6 1.975 1.697     2.275
16 8 6 2.512 2.145     2.092
16 9 6 1.959 1.514     1.949
16 10 6 0.168 1.728     3.074
16 1 7 -1.014 1.754     2.076
16 2 7 -0.035 1.384     2.792
16 3 7 -0.442 1.363     3.138
16 4 7 0.069 1.405     2.416
16 5 7 1.892 1.681     2.114
16 6 7 2.152 1.749     2.113
16 7 7 2.220 1.645     1.884
16 8 7 2.444 2.040     1.968
16 9 7 1.272 1.551     2.418
16 10 7 -0.014 1.733     2.992
16 1 8 -0.692 1.947     1.785
16 2 8 -0.171 1.858     2.640
16 3 8 -0.098 2.087     2.872
16 4 8 0.767 2.415     2.701
16 5 8 1.923 2.098     2.301
16 6 8 1.824 1.556     2.383
16 7 8 2.147 1.853     1.955
16 8 8 2.277 1.863     1.828
16 9 8 0.970 1.858     2.560
16 10 8 -0.327 1.754     2.791
16 1 9 -0.473 2.441     0.285
16 2 9 0.126 2.061     1.088
16 3 9 0.496 1.900     1.536
16 4 9 0.954 1.790     1.445
16 5 9 1.595 1.077     1.239
16 6 9 1.808 1.249     1.048
16 7 9 2.236 1.869     0.825
16 8 9 1.959 2.191     0.820
16 9 9 0.366 2.254     1.292
16 10 9 -0.822 1.895     1.036
17 1 1 -1.157 2.792     0.298
17 2 1 -0.902 2.324     1.568
17 3 1 -0.542 1.704     2.466
17 4 1 0.411 1.292     2.265
17 5 1 0.718 0.423     2.182
17 6 1 0.161 0.454     2.824
17 7 1 0.765 -0.380     2.602
17 8 1 0.989 0.188     2.249
17 9 1 0.739 -0.187     2.279
17 10 1 0.651 -0.926     1.992
17 1 2 -1.162 2.485     0.747
17 2 2 -0.657 2.204     1.494
17 3 2 -0.224 1.881     2.888
17 4 2 -0.037 1.396     2.687
17 5 2 0.119 0.120     2.935
17 6 2 -0.178 -0.150     4.547
17 7 2 0.458 -0.609     2.732
17 8 2 1.187 -0.333     2.203
17 9 2 0.640 -0.078     2.878
17 10 2 0.463 -0.739     2.687
17 1 3 -1.245 1.995     0.905
17 2 3 -0.480 1.594     1.761
17 3 3 -0.110 1.386     2.696
17 4 3 -0.412 0.792     3.499
17 5 3 -0.360 0.089     3.825
17 6 3 -0.448 0.136     3.871
17 7 3 -0.079 -0.234     2.737
17 8 3 1.302 -0.369     1.852
17 9 3 0.968 -0.067     2.468
17 10 3 0.260 -0.703     3.041
17 1 4 -1.500 1.516     1.078
17 2 4 -0.474 1.110     2.187
17 3 4 0.010 0.787     3.228
17 4 4 -0.381 0.386     4.554
17 5 4 -0.115 0.199     3.860
17 6 4 -0.412 0.412     3.609
17 7 4 -0.417 0.542     2.643
17 8 4 1.401 -0.067     1.648
17 9 4 1.338 -0.192     2.129
17 10 4 0.296 -0.744     3.097
17 1 5 -1.443 1.157     1.477
17 2 5 -0.391 0.891     3.487
17 3 5 -0.021 0.547     4.155
17 4 5 -0.256 0.225     4.634
17 5 5 0.249 -0.015     3.626
17 6 5 0.291 0.303     2.887
17 7 5 -0.094 0.813     2.475
17 8 5 1.260 0.173     1.848
17 9 5 1.484 -0.333     1.985
17 10 5 0.463 -0.723     3.135
17 1 6 -1.141 1.396     1.446
17 2 6 -0.136 0.928     3.269
17 3 6 -0.183 0.605     4.228
17 4 6 -0.256 0.167     3.889
17 5 6 0.661 0.157     2.510
17 6 6 1.036 0.365     2.255
17 7 6 0.536 0.308     2.421
17 8 6 1.145 0.459     2.175
17 9 6 1.453 -0.442     1.999
17 10 6 0.682 -0.666     3.144
17 1 7 -0.834 1.803     2.054
17 2 7 -0.292 1.240     2.865
17 3 7 -0.485 0.881     3.247
17 4 7 -0.105 0.725     2.552
17 5 7 1.098 0.771     2.177
17 6 7 1.098 0.318     2.203
17 7 7 0.973 -0.046     1.986
17 8 7 1.286 0.199     2.047
17 9 7 1.151 -0.499     2.493
17 10 7 0.874 -0.718     3.042
17 1 8 -0.641 1.928     1.767
17 2 8 -0.511 1.506     2.681
17 3 8 -0.459 1.287     2.927
17 4 8 0.223 1.261     2.773
17 5 8 1.010 0.725     2.377
17 6 8 0.869 -0.062     2.502
17 7 8 1.083 -0.057     2.050
17 8 8 1.385 -0.182     1.895
17 9 8 1.109 -0.421     2.645
17 10 8 0.838 -0.833     2.831
17 1 9 -0.584 2.256     0.302
17 2 9 -0.417 1.714     1.126
17 3 9 -0.209 1.084     1.617
17 4 9 0.223 0.745     1.548
17 5 9 0.812 0.063     1.339
17 6 9 0.984 -0.176     1.134
17 7 9 1.296 -0.025     0.888
17 8 9 1.260 -0.078     0.891
17 9 9 0.692 -0.312     1.401
17 10 9 0.432 -0.864     1.083
18 1 1 0.773 -0.507     0.280
18 2 1 0.701 -0.544     1.649
18 3 1 0.826 -0.429     2.566
18 4 1 1.586 -0.216     2.281
18 5 1 1.857 -0.085     2.178
18 6 1 1.576 0.211     2.815
18 7 1 2.414 -0.684     2.485
18 8 1 2.466 0.185     2.152
18 9 1 1.992 0.456     2.222
18 10 1 1.659 0.435     1.986
18 1 2 0.706 -0.262     0.740
18 2 2 0.711 -0.252     1.537
18 3 2 1.206 -0.111     2.946
18 4 2 1.685 -0.111     2.671
18 5 2 1.815 -0.492     2.712
18 6 2 1.419 -0.226     4.536
18 7 2 2.169 -0.700     2.630
18 8 2 2.716 -0.289     2.017
18 9 2 1.789 0.961     2.799
18 10 2 1.336 1.008     2.658
18 1 3 0.810 -0.122     0.899
18 2 3 1.039 -0.153     1.771
18 3 3 1.466 0.097     2.718
18 4 3 1.617 -0.117     3.473
18 5 3 1.701 -0.403     3.766
18 6 3 1.331 0.128     3.883
18 7 3 1.617 -0.137     2.712
18 8 3 2.815 -0.273     1.737
18 9 3 1.867 1.008     2.388
18 10 3 0.638 1.269     3.042
18 1 4 0.716 0.019     1.079
18 2 4 1.096 -0.070     2.163
18 3 4 1.440 0.279     3.225
18 4 4 1.326 0.165     4.566
18 5 4 1.794 -0.007     3.786
18 6 4 1.503 0.545     3.586
18 7 4 1.310 0.987     2.621
18 8 4 2.805 0.336     1.539
18 9 4 1.888 0.779     2.070
18 10 4 0.060 1.227     3.125
18 1 5 0.763 -0.164     1.483
18 2 5 1.034 0.071     3.560
18 3 5 1.185 0.508     4.177
18 4 5 1.050 0.399     4.688
18 5 5 1.659 -0.007     3.584
18 6 5 1.878 0.618     2.824
18 7 5 1.451 1.659     2.400
18 8 5 2.555 0.935     1.741
18 9 5 1.794 0.659     1.942
18 10 5 -0.195 1.154     3.168
18 1 6 0.784 -0.216     1.466
18 2 6 1.112 0.128     3.322
18 3 6 0.810 0.571     4.317
18 4 6 0.643 0.196     4.022
18 5 6 1.742 0.081     2.480
18 6 6 2.237 0.826     2.174
18 7 6 1.789 1.211     2.341
18 8 6 2.206 1.430     2.066
18 9 6 1.534 0.800     1.969
18 10 6 -0.232 1.175     3.175
18 1 7 0.862 0.133     2.066
18 2 7 1.034 0.352     2.925
18 3 7 0.305 0.571     3.377
18 4 7 0.513 0.503     2.658
18 5 7 2.122 0.826     2.114
18 6 7 2.221 0.784     2.124
18 7 7 2.018 0.649     1.934
18 8 7 2.034 1.227     1.964
18 9 7 0.721 0.977     2.519
18 10 7 -0.315 1.269     3.061
18 1 8 0.971 0.253     1.752
18 2 8 0.898 0.446     2.752
18 3 8 0.404 1.019     2.983
18 4 8 1.024 1.321     2.768
18 5 8 2.148 1.123     2.283
18 6 8 1.914 0.529     2.454
18 7 8 1.992 0.639     2.000
18 8 8 1.794 0.826     1.851
18 9 8 0.289 1.154     2.675
18 10 8 -0.659 1.258     2.834
18 1 9 0.773 0.576     0.249
18 2 9 1.149 0.441     1.142
18 3 9 0.940 0.894     1.618
18 4 9 1.154 0.915     1.531
18 5 9 1.925 0.264     1.289
18 6 9 1.987 0.430     1.082
18 7 9 1.951 0.795     0.829
18 8 9 1.232 1.008     0.857
18 9 9 -0.367 1.326     1.383
18 10 9 -1.180 1.300     1.043
19 1 1 1.310 1.349     0.209
19 2 1 1.195 0.891     1.696
19 3 1 1.602 0.401     2.596
19 4 1 2.346 0.500     2.220
19 5 1 2.305 1.230     2.116
19 6 1 2.174 1.079     2.739
19 7 1 2.945 0.412     2.355
19 8 1 3.227 0.912     2.042
19 9 1 3.466 0.865     2.072
19 10 1 3.549 0.693     1.854
19 1 2 1.216 1.167     0.680
19 2 2 1.336 0.693     1.447
19 3 2 2.003 0.506     2.932
19 4 2 2.560 0.276     2.598
19 5 2 2.534 0.266     2.326
19 6 2 2.393 0.610     4.376
19 7 2 3.164 0.407     2.463
19 8 2 3.586 0.688     1.792
19 9 2 3.200 1.547     2.618
19 10 2 3.128 1.495     2.484
19 1 3 1.154 0.844     0.855
19 2 3 1.513 0.407     1.748
19 3 3 2.117 0.401     2.693
19 4 3 2.456 0.026     3.372
19 5 3 2.607 -0.010     3.617
19 6 3 2.549 0.683     3.733
19 7 3 3.133 0.641     2.524
19 8 3 4.049 0.698     1.588
19 9 3 3.232 1.829     2.205
19 10 3 2.299 2.042     2.893
19 1 4 0.914 0.573     1.051
19 2 4 1.492 0.198     2.059
19 3 4 1.987 0.266     3.189
19 4 4 2.128 0.063     4.482
19 5 4 2.747 0.188     3.620
19 6 4 2.711 0.834     3.433
19 7 4 3.091 1.323     2.446
19 8 4 4.409 1.099     1.369
19 9 4 3.268 1.802     1.913
19 10 4 1.513 2.235     3.026
19 1 5 0.852 0.287     1.479
19 2 5 1.440 0.261     3.605
19 3 5 1.768 0.344     4.154
19 4 5 2.034 0.204     4.607
19 5 5 2.878 0.266     3.424
19 6 5 3.154 1.068     2.652
19 7 5 3.200 1.922     2.225
19 8 5 4.372 1.636     1.543
19 9 5 3.315 1.756     1.787
19 10 5 1.138 2.323     3.078
19 1 6 1.060 0.329     1.431
19 2 6 1.549 0.459     3.351
19 3 6 1.539 0.526     4.337
19 4 6 2.003 0.349     3.972
19 5 6 3.305 0.724     2.314
19 6 6 3.622 1.516     2.003
19 7 6 3.461 1.943     2.130
19 8 6 4.128 2.391     1.826
19 9 6 3.096 1.875     1.815
19 10 6 0.924 2.506     3.069
19 1 7 1.247 0.761     2.021
19 2 7 1.674 0.750     2.935
19 3 7 1.471 0.829     3.406
19 4 7 2.325 1.016     2.591
19 5 7 3.742 1.454     1.927
19 6 7 3.638 1.433     1.952
19 7 7 3.789 1.756     1.749
19 8 7 3.940 2.506     1.733
19 9 7 2.279 2.193     2.372
19 10 7 0.721 2.750     2.946
19 1 8 1.482 1.058     1.675
19 2 8 1.773 1.120     2.734
19 3 8 1.794 1.443     2.926
19 4 8 2.768 1.657     2.612
19 5 8 3.659 1.422     2.099
19 6 8 3.581 1.105     2.272
19 7 8 4.096 1.750     1.783
19 8 8 3.721 2.261     1.651
19 9 8 1.768 2.698     2.516
19 10 8 0.253 3.026     2.709
19 1 9 1.596 1.329     0.181
19 2 9 2.029 1.297     1.142
19 3 9 2.154 1.495     1.584
19 4 9 2.841 1.230     1.460
19 5 9 3.753 0.782     1.175
19 6 9 4.128 1.287     0.964
19 7 9 4.450 1.948     0.688
19 8 9 3.372 2.573     0.739
19 9 9 0.997 3.136     1.299
19 10 9 -0.487 3.323     0.996
20 1 1 1.560 -2.747     0.239
20 2 1 1.461 -2.310     1.752
20 3 1 1.268 -1.518     2.691
20 4 1 1.857 -1.138     2.299
20 5 1 2.034 -0.706     2.215
20 6 1 1.633 -0.279     2.851
20 7 1 1.893 -0.680     2.444
20 8 1 1.680 0.081     2.168
20 9 1 1.622 -0.159     2.205
20 10 1 1.940 -0.607     1.963
20 1 2 1.529 -2.643     0.668
20 2 2 1.404 -2.065     1.255
20 3 2 1.607 -1.320     3.006
20 4 2 2.128 -1.049     2.645
20 5 2 2.143 -1.127     2.068
20 6 2 1.534 -0.825     4.431
20 7 2 1.867 -1.138     2.527
20 8 2 1.878 -0.690     1.822
20 9 2 1.206 -0.091     2.794
20 10 2 1.419 -0.294     2.640
20 1 3 1.753 -2.627     0.831
20 2 3 1.763 -1.940     1.670
20 3 3 1.867 -1.075     2.760
20 4 3 1.893 -0.883     3.409
20 5 3 1.836 -1.164     3.638
20 6 3 1.435 -0.711     3.836
20 7 3 1.654 -1.143     2.598
20 8 3 2.232 -1.232     1.663
20 9 3 1.398 -0.482     2.356
20 10 3 0.956 -0.258     3.107
20 1 4 1.711 -2.461     1.012
20 2 4 1.852 -1.700     1.797
20 3 4 1.820 -0.971     3.237
20 4 4 1.497 -0.773     4.569
20 5 4 1.815 -0.752     3.684
20 6 4 1.471 -0.320     3.562
20 7 4 1.409 -0.440     2.589
20 8 4 2.477 -1.190     1.431
20 9 4 1.799 -0.956     2.014
20 10 4 0.846 -0.430     3.247
20 1 5 1.612 -2.268     1.448
20 2 5 1.612 -1.388     3.640
20 3 5 1.607 -0.982     4.212
20 4 5 1.393 -0.742     4.708
20 5 5 1.805 -0.732     3.500
20 6 5 1.685 -0.482     2.764
20 7 5 1.310 -0.096     2.393
20 8 5 2.331 -0.992     1.618
20 9 5 2.070 -1.138     1.860
20 10 5 0.971 -0.544     3.273
20 1 6 1.445 -1.971     1.421
20 2 6 1.633 -1.383     3.386
20 3 6 1.529 -1.232     4.373
20 4 6 1.378 -1.284     4.026
20 5 6 1.805 -1.164     2.393
20 6 6 1.893 -0.883     2.094
20 7 6 1.518 -0.721     2.260
20 8 6 2.148 -0.752     1.923
20 9 6 2.122 -1.159     1.882
20 10 6 1.091 -0.518     3.248
20 1 7 1.305 -1.508     2.042
20 2 7 1.779 -1.466     2.977
20 3 7 1.430 -1.653     3.439
20 4 7 1.331 -1.721     2.657
20 5 7 2.138 -1.278     1.999
20 6 7 2.076 -1.258     2.022
20 7 7 1.919 -1.367     1.833
20 8 7 2.211 -0.961     1.823
20 9 7 1.784 -1.159     2.448
20 10 7 1.206 -0.534     3.117
20 1 8 1.336 -1.570     1.693
20 2 8 1.565 -1.607     2.795
20 3 8 1.185 -1.409     3.030
20 4 8 1.596 -1.143     2.719
20 5 8 2.461 -0.987     2.153
20 6 8 2.221 -1.252     2.324
20 7 8 2.247 -1.310     1.850
20 8 8 2.378 -1.263     1.711
20 9 8 1.716 -0.992     2.607
20 10 8 1.174 -0.591     2.879
20 1 9 1.247 -1.680     0.099
20 2 9 1.680 -1.872     1.094
20 3 9 1.409 -1.185     1.572
20 4 9 1.872 -0.851     1.429
20 5 9 2.513 -1.091     1.100
20 6 9 2.232 -0.950     0.924
20 7 9 2.299 -0.997     0.649
20 8 9 2.263 -0.997     0.693
20 9 9 1.466 -0.784     1.295
20 10 9 0.852 -0.622     1.039
21 1 1 1.294 -2.260     0.252
21 2 1 1.059 -1.750     1.835
21 3 1 0.809 -1.219     2.808
21 4 1 1.820 -0.906     2.363
21 5 1 2.059 -0.026     2.295
21 6 1 1.273 0.761     2.954
21 7 1 1.976 -0.286     2.511
21 8 1 2.148 0.724     2.209
21 9 1 1.737 0.740     2.278
21 10 1 1.450 0.057     2.085
21 1 2 1.169 -2.187     0.657
21 2 2 0.924 -1.526     1.148
21 3 2 1.294 -0.823     3.114
21 4 2 2.117 -0.547     2.676
21 5 2 2.122 -0.922     1.792
21 6 2 1.054 -0.469     4.582
21 7 2 1.601 -1.068     2.589
21 8 2 2.085 -0.375     1.792
21 9 2 0.950 0.682     2.941
21 10 2 0.596 0.313     2.848
21 1 3 1.408 -2.094     0.818
21 2 3 1.434 -1.474     1.657
21 3 3 1.700 -0.489     2.837
21 4 3 1.737 -0.448     3.466
21 5 3 1.601 -1.193     3.663
21 6 3 0.914 -0.635     3.996
21 7 3 1.059 -1.088     2.702
21 8 3 2.059 -1.026     1.715
21 9 3 0.924 0.063     2.526
21 10 3 -0.060 0.125     3.400
21 1 4 1.289 -1.823     0.999
21 2 4 1.539 -1.312     1.609
21 3 4 1.690 -0.536     3.298
21 4 4 1.153 -0.557     4.701
21 5 4 1.544 -0.797     3.752
21 6 4 1.122 -0.099     3.727
21 7 4 0.710 0.026     2.794
21 8 4 2.096 -0.771     1.496
21 9 4 1.257 -0.469     2.149
21 10 4 -0.149 -0.229     3.526
21 1 5 1.169 -1.812     1.438
21 2 5 1.440 -1.125     3.693
21 3 5 1.575 -0.739     4.265
21 4 5 1.138 -0.661     4.834
21 5 5 1.658 -0.786     3.557
21 6 5 1.690 -0.234     2.851
21 7 5 0.924 0.682     2.546
21 8 5 1.851 -0.239     1.711
21 9 5 1.398 -0.578     1.972
21 10 5 -0.019 -0.364     3.549
21 1 6 0.945 -1.661     1.422
21 2 6 1.606 -1.255     3.411
21 3 6 1.601 -1.141     4.385
21 4 6 1.247 -1.364     4.065
21 5 6 1.877 -1.266     2.435
21 6 6 2.210 -0.724     2.140
21 7 6 1.492 -0.167     2.381
21 8 6 1.559 0.120     2.049
21 9 6 1.247 -0.526     2.012
21 10 6 0.158 -0.266     3.543
21 1 7 0.830 -1.151     2.094
21 2 7 1.856 -1.239     3.007
21 3 7 1.445 -1.578     3.430
21 4 7 1.195 -1.766     2.702
21 5 7 2.393 -1.234     2.030
21 6 7 2.523 -1.062     2.038
21 7 7 2.007 -1.036     1.892
21 8 7 1.565 -0.286     1.945
21 9 7 0.763 -0.495     2.647
21 10 7 0.263 -0.250     3.407
21 1 8 1.002 -1.260     1.722
21 2 8 1.513 -1.333     2.852
21 3 8 0.997 -1.042     3.166
21 4 8 1.429 -0.745     2.840
21 5 8 2.804 -0.698     2.163
21 6 8 2.690 -0.953     2.322
21 7 8 2.278 -0.807     1.905
21 8 8 1.726 -0.620     1.823
21 9 8 0.716 -0.349     2.823
21 10 8 0.158 -0.364     3.160
21 1 9 0.820 -1.229     0.041
21 2 9 1.460 -1.594     1.075
21 3 9 1.122 -0.745     1.605
21 4 9 1.565 -0.391     1.438
21 5 9 2.794 -1.052     1.024
21 6 9 2.695 -0.708     0.865
21 7 9 2.237 -0.338     0.625
21 8 9 1.455 -0.167     0.716
21 9 9 0.226 -0.010     1.411
21 10 9 -0.357 -0.380     1.125
22 1 1 0.644 1.517     0.180
22 2 1 0.654 0.981     1.853
22 3 1 0.581 0.126     2.895
22 4 1 1.284 0.111     2.366
22 5 1 1.519 0.694     2.274
22 6 1 1.154 0.564     2.956
22 7 1 1.810 -0.358     2.458
22 8 1 1.946 0.470     2.134
22 9 1 1.889 0.569     2.204
22 10 1 1.842 0.491     2.021
22 1 2 0.529 1.600     0.577
22 2 2 0.545 0.996     1.032
22 3 2 0.920 0.371     3.163
22 4 2 1.389 0.132     2.678
22 5 2 1.477 -0.165     1.576
22 6 2 1.081 -0.191     4.617
22 7 2 1.790 -0.712     2.515
22 8 2 2.232 -0.144     1.597
22 9 2 1.451 0.991     2.883
22 10 2 1.217 1.033     2.802
22 1 3 0.571 1.397     0.752
22 2 3 0.758 0.699     1.659
22 3 3 1.066 0.423     2.860
22 4 3 1.159 -0.139     3.493
22 5 3 1.290 -0.582     3.649
22 6 3 1.154 -0.254     4.018
22 7 3 1.597 -0.608     2.644
22 8 3 2.446 -0.509     1.626
22 9 3 1.321 0.840     2.483
22 10 3 0.274 1.246     3.397
22 1 4 0.144 0.949     0.959
22 2 4 0.587 0.288     1.599
22 3 4 0.826 0.152     3.368
22 4 4 0.691 -0.400     4.804
22 5 4 1.441 -0.535     3.730
22 6 4 1.446 -0.035     3.712
22 7 4 1.456 0.257     2.766
22 8 4 2.555 -0.233     1.404
22 9 4 1.243 0.444     2.137
22 10 4 -0.424 1.116     3.540
22 1 5 -0.169 0.168     1.464
22 2 5 0.383 -0.066     3.857
22 3 5 0.529 -0.197     4.416
22 4 5 0.456 -0.572     4.959
22 5 5 1.498 -0.676     3.521
22 6 5 1.889 0.017     2.798
22 7 5 1.534 0.908     2.498
22 8 5 2.295 0.277     1.644
22 9 5 1.170 0.220     1.973
22 10 5 -0.669 0.955     3.565
22 1 6 -0.236 -0.202     1.452
22 2 6 0.675 -0.431     3.523
22 3 6 0.561 -0.577     4.507
22 4 6 0.566 -0.957     4.119
22 5 6 1.784 -0.681     2.381
22 6 6 2.217 0.059     2.061
22 7 6 1.712 0.475     2.342
22 8 6 1.889 0.731     2.004
22 9 6 0.993 0.205     2.043
22 10 6 -0.559 0.850     3.599
22 1 7 -0.163 0.022     2.171
22 2 7 0.842 -0.478     3.074
22 3 7 0.581 -0.822     3.488
22 4 7 0.951 -0.863     2.731
22 5 7 2.342 -0.316     1.969
22 6 7 2.284 -0.275     1.962
22 7 7 2.024 -0.181     1.846
22 8 7 1.774 0.486     1.897
22 9 7 0.467 0.356     2.748
22 10 7 -0.356 0.897     3.471
22 1 8 0.144 0.012     1.779
22 2 8 0.743 -0.400     2.932
22 3 8 0.680 -0.358     3.277
22 4 8 1.498 -0.181     2.856
22 5 8 2.576 -0.233     2.080
22 6 8 2.404 -0.572     2.235
22 7 8 2.503 -0.191     1.826
22 8 8 1.909 0.173     1.774
22 9 8 0.352 0.699     2.901
22 10 8 -0.460 0.970     3.219
22 1 9 0.311 0.257     0.008
22 2 9 0.998 -0.342     1.095
22 3 9 1.060 -0.311     1.644
22 4 9 1.758 -0.363     1.421
22 5 9 2.800 -0.733     0.951
22 6 9 2.967 -0.243     0.789
22 7 9 2.967 0.132     0.552
22 8 9 1.810 0.517     0.685
22 9 9 -0.096 1.053     1.451
22 10 9 -0.893 1.001     1.134
23 1 1 -0.208 2.243     0.111
23 2 1 -0.437 1.868     1.776
23 3 1 -0.640 1.071     2.885
23 4 1 0.204 1.019     2.385
23 5 1 0.683 0.883     2.278
23 6 1 -0.442 1.258     2.924
23 7 1 -0.650 0.107     2.500
23 8 1 -0.635 0.310     2.161
23 9 1 -0.833 -0.143     2.214
23 10 1 -0.520 -0.757     2.000
23 1 2 -0.281 2.321     0.537
23 2 2 -0.437 1.800     0.767
23 3 2 -0.244 1.586     3.165
23 4 2 0.126 1.644     2.681
23 5 2 0.428 0.602     1.547
23 6 2 -0.583 0.472     4.737
23 7 2 -0.926 -0.179     2.594
23 8 2 -0.416 -0.638     1.618
23 9 2 -0.812 -0.679     2.935
23 10 2 -0.630 -1.210     2.787
23 1 3 -0.286 2.170     0.720
23 2 3 -0.015 1.389     1.602
23 3 3 0.173 1.566     2.862
23 4 3 -0.234 1.331     3.506
23 5 3 -0.312 0.264     3.823
23 6 3 -0.796 0.248     4.114
23 7 3 -1.338 -0.205     2.668
23 8 3 -0.327 -1.117     1.665
23 9 3 -0.255 -1.111     2.515
23 10 3 -0.484 -1.507     3.352
23 1 4 -0.697 1.878     0.924
23 2 4 0.136 0.977     1.509
23 3 4 0.511 1.113     3.411
23 4 4 -0.531 0.873     4.880
23 5 4 -0.468 0.264     3.891
23 6 4 -0.609 0.045     3.841
23 7 4 -1.468 0.055     2.774
23 8 4 -0.255 -0.971     1.459
23 9 4 0.235 -1.231     2.155
23 10 4 -0.229 -1.523     3.502
23 1 5 -0.885 1.363     1.455
23 2 5 0.183 0.753     3.973
23 3 5 0.495 0.816     4.516
23 4 5 -0.598 0.612     5.074
23 5 5 -0.567 -0.033     3.667
23 6 5 -0.197 -0.341     2.938
23 7 5 -1.249 -0.127     2.527
23 8 5 -0.416 -0.736     1.712
23 9 5 0.423 -1.216     1.986
23 10 5 0.016 -1.445     3.518
23 1 6 -0.827 1.295     1.457
23 2 6 0.386 0.795     3.625
23 3 6 0.298 0.779     4.636
23 4 6 -0.770 0.253     4.240
23 5 6 -0.333 -0.200     2.519
23 6 6 0.178 -0.278     2.193
23 7 6 -0.697 -0.606     2.404
23 8 6 -0.275 -0.315     2.115
23 9 6 0.521 -1.226     2.040
23 10 6 0.245 -1.335     3.592
23 1 7 -0.718 1.649     2.159
23 2 7 0.126 1.191     3.131
23 3 7 -0.359 0.868     3.560
23 4 7 -0.812 0.654     2.800
23 5 7 0.282 0.602     2.072
23 6 7 0.261 -0.044     2.089
23 7 7 -0.135 -0.627     1.935
23 8 7 0.266 -0.471     1.990
23 9 7 0.240 -1.299     2.742
23 10 7 0.428 -1.294     3.468
23 1 8 -0.630 1.717     1.764
23 2 8 -0.432 1.310     2.965
23 3 8 -0.729 1.258     3.295
23 4 8 -0.557 1.670     2.840
23 5 8 0.266 1.284     2.130
23 6 8 0.022 0.055     2.402
23 7 8 0.115 -0.356     1.947
23 8 8 0.589 -0.940     1.803
23 9 8 0.485 -1.283     2.889
23 10 8 0.636 -1.346     3.193
23 1 9 -0.796 2.081     0.004
23 2 9 -0.463 1.461     1.107
23 3 9 -0.484 1.243     1.669
23 4 9 -0.692 1.389     1.427
23 5 9 -0.208 0.571     1.022
23 6 9 0.001 -0.013     0.886
23 7 9 0.396 -0.278     0.613
23 8 9 0.725 -0.690     0.706
23 9 9 0.527 -1.018     1.469
23 10 9 0.495 -1.351     1.113
24 1 1 1.599 6.745    -0.117
24 2 1 1.234 6.083     1.410
24 3 1 1.630 4.135     2.550
24 4 1 1.963 3.719     2.105
24 5 1 1.510 4.073     2.039
24 6 1 1.474 3.094     2.705
24 7 1 2.531 2.146     2.338
24 8 1 3.088 2.422     1.975
24 9 1 2.989 2.339     2.029
24 10 1 2.635 2.172     1.867
24 1 2 1.718 6.583     0.414
24 2 2 1.734 5.458    -0.149
24 3 2 2.067 4.000     3.001
24 4 2 1.786 3.219     2.653
24 5 2 1.302 3.057     1.000
24 6 2 1.546 3.031     4.574
24 7 2 2.713 2.969     2.522
24 8 2 3.442 2.740     1.389
24 9 2 3.015 3.083     2.825
24 10 2 2.609 2.818     2.727
24 1 3 1.822 6.198     0.599
24 2 3 1.974 4.750     1.274
24 3 3 2.041 3.713     2.758
24 4 3 1.651 2.891     3.467
24 5 3 1.635 3.088     3.725
24 6 3 1.937 3.484     3.903
24 7 3 2.791 3.698     2.501
24 8 3 3.750 3.365     1.597
24 9 3 3.031 3.661     2.380
24 10 3 2.260 3.432     3.211
24 1 4 1.682 5.630     0.777
24 2 4 1.911 4.099     0.648
24 3 4 1.890 3.448     3.269
24 4 4 1.744 2.995     4.710
24 5 4 2.171 3.286     3.714
24 6 4 2.296 3.604     3.625
24 7 4 2.911 4.182     2.537
24 8 4 3.890 3.922     1.370
24 9 4 2.833 3.927     2.054
24 10 4 1.713 3.854     3.329
24 1 5 1.395 4.880     1.329
24 2 5 1.724 3.641     3.695
24 3 5 1.687 3.349     4.319
24 4 5 1.802 3.120     4.835
24 5 5 2.557 3.146     3.494
24 6 5 2.880 3.776     2.747
24 7 5 3.182 4.417     2.310
24 8 5 3.807 4.266     1.582
24 9 5 2.661 3.990     1.907
24 10 5 1.354 4.073     3.203
24 1 6 1.364 4.380     1.313
24 2 6 1.630 3.625     3.454
24 3 6 1.291 3.365     4.459
24 4 6 1.786 3.297     4.052
24 5 6 3.239 3.786     2.306
24 6 6 3.526 4.469     2.014
24 7 6 3.468 4.625     2.153
24 8 6 3.619 4.823     1.904
24 9 6 2.432 4.042     1.859
24 10 6 1.099 4.297     3.370
24 1 7 1.458 4.333     1.986
24 2 7 1.385 3.974     3.005
24 3 7 1.036 3.906     3.276
24 4 7 2.333 4.448     2.548
24 5 7 3.885 4.875     1.832
24 6 7 3.567 4.729     1.911
24 7 7 3.552 4.901     1.707
24 8 7 3.328 4.870     1.741
24 9 7 1.864 4.224     2.479
24 10 7 0.994 4.490     3.260
24 1 8 1.494 4.401     1.625
24 2 8 1.390 4.479     2.795
24 3 8 1.572 4.734     2.992
24 4 8 2.822 4.969     2.570
24 5 8 3.458 4.292     1.976
24 6 8 3.192 4.125     2.229
24 7 8 3.552 4.906     1.733
24 8 8 3.010 4.729     1.599
24 9 8 1.604 4.599     2.573
24 10 8 0.729 4.661     2.987
24 1 9 1.552 4.745     0.011
24 2 9 1.734 4.771     1.080
24 3 9 1.906 4.312     1.609
24 4 9 2.364 3.380     1.440
24 5 9 2.953 2.667     1.070
24 6 9 3.510 3.719     0.867
24 7 9 3.713 4.703     0.577
24 8 9 2.567 4.812     0.625
24 9 9 1.083 4.891     1.374
24 10 9 0.291 4.974     1.086
25 1 1 2.421 -4.554    -0.033
25 2 1 1.871 -3.460     1.508
25 3 1 1.337 -2.148     2.703
25 4 1 1.850 -1.575     2.277
25 5 1 2.074 -1.043     2.232
25 6 1 1.673 -0.205     2.932
25 7 1 1.962 -0.533     2.542
25 8 1 1.869 0.102     2.205
25 9 1 2.007 -0.335     2.240
25 10 1 2.436 -0.861     2.035
25 1 2 2.415 -4.450     0.411
25 2 2 1.874 -3.142    -0.537
25 3 2 1.705 -1.981     3.126
25 4 2 2.012 -1.444     2.794
25 5 2 1.962 -1.429     0.702
25 6 2 1.327 -0.799     4.803
25 7 2 1.663 -1.179     2.713
25 8 2 1.710 -0.773     1.512
25 9 2 1.244 -0.158     3.108
25 10 2 1.764 -0.460     2.930
25 1 3 2.673 -4.273     0.589
25 2 3 2.262 -2.929     1.187
25 3 3 1.986 -1.705     2.889
25 4 3 1.764 -1.330     3.619
25 5 3 1.587 -1.523     3.866
25 6 3 1.160 -0.861     4.161
25 7 3 1.319 -1.528     2.690
25 8 3 1.869 -1.611     1.772
25 9 3 1.225 -0.502     2.644
25 10 3 1.168 -0.309     3.501
25 1 4 2.449 -3.825     0.755
25 2 4 2.090 -2.528     0.191
25 3 4 1.811 -1.601     3.387
25 4 4 1.387 -1.293     4.888
25 5 4 1.619 -1.252     3.882
25 6 4 1.184 -0.736     3.894
25 7 4 1.007 -1.085     2.789
25 8 4 2.129 -1.877     1.523
25 9 4 1.553 -1.043     2.264
25 10 4 0.866 -0.377     3.651
25 1 5 2.033 -3.424     1.323
25 2 5 1.616 -2.106     3.696
25 3 5 1.514 -1.590     4.448
25 4 5 1.309 -1.299     5.012
25 5 5 1.520 -1.304     3.680
25 6 5 1.306 -1.184     2.972
25 7 5 0.931 -0.903     2.588
25 8 5 2.111 -1.736     1.743
25 9 5 1.884 -1.398     2.070
25 10 5 0.874 -0.507     3.476
25 1 6 1.525 -2.981     1.306
25 2 6 1.507 -2.226     3.539
25 3 6 1.447 -1.960     4.554
25 4 6 1.228 -1.955     4.173
25 5 6 1.421 -1.882     2.452
25 6 6 1.478 -1.731     2.207
25 7 6 1.298 -1.616     2.351
25 8 6 2.111 -1.496     2.074
25 9 6 2.100 -1.523     1.944
25 10 6 1.033 -0.554     3.667
25 1 7 1.199 -2.429     2.042
25 2 7 1.626 -2.356     3.099
25 3 7 1.345 -2.502     3.248
25 4 7 1.178 -2.543     2.629
25 5 7 1.780 -2.080     1.981
25 6 7 1.712 -2.007     2.083
25 7 7 1.837 -2.184     1.839
25 8 7 2.330 -1.621     1.833
25 9 7 1.819 -1.564     2.560
25 10 7 1.181 -0.637     3.537
25 1 8 1.191 -2.580     1.665
25 2 8 1.441 -2.517     2.882
25 3 8 1.139 -2.189     3.102
25 4 8 1.535 -1.882     2.724
25 5 8 2.244 -1.523     2.136
25 6 8 1.955 -1.762     2.373
25 7 8 2.181 -1.913     1.874
25 8 8 2.504 -1.871     1.665
25 9 8 1.830 -1.476     2.661
25 10 8 1.215 -0.809     3.246
25 1 9 1.283 -2.887    -0.136
25 2 9 1.710 -2.913     0.955
25 3 9 1.444 -1.845     1.550
25 4 9 1.936 -1.330     1.387
25 5 9 2.415 -1.293     1.005
25 6 9 1.988 -1.158     0.831
25 7 9 2.264 -1.424     0.524
25 8 9 2.405 -1.523     0.520
25 9 9 1.650 -1.325     1.333
25 10 9 1.025 -1.028     1.105
26 1 1 3.530 -7.668     0.087
26 2 1 2.817 -4.934     1.628
26 3 1 1.660 -2.059     2.993
26 4 1 1.952 -1.017     2.620
26 5 1 2.134 -0.402     2.585
26 6 1 1.093 0.676     3.370
26 7 1 1.447 -0.236     2.961
26 8 1 1.775 0.420     2.577
26 9 1 1.764 0.045     2.617
26 10 1 1.999 -0.684     2.379
26 1 2 3.525 -7.283     0.419
26 2 2 2.603 -3.923    -0.963
26 3 2 2.041 -1.387     3.424
26 4 2 2.077 -0.283     3.135
26 5 2 1.863 -0.616     0.672
26 6 2 0.530 -0.309     5.368
26 7 2 0.671 -0.913     3.164
26 8 2 1.462 -0.653     1.823
26 9 2 1.296 -0.257     3.535
26 10 2 1.624 -0.668     3.297
26 1 3 3.801 -6.720     0.601
26 2 3 2.931 -3.413     1.172
26 3 3 2.171 -0.835     3.204
26 4 3 1.468 0.014     4.034
26 5 3 1.067 -0.611     4.315
26 6 3 0.212 -0.408     4.738
26 7 3 -0.100 -1.106     3.144
26 8 3 1.051 -1.574     2.149
26 9 3 1.212 -1.080     3.022
26 10 3 1.238 -1.048     3.883
26 1 4 3.405 -5.736     0.766
26 2 4 2.259 -2.585    -0.159
26 3 4 1.426 -0.600     3.781
26 4 4 0.541 0.030     5.469
26 5 4 0.759 -0.241     4.402
26 6 4 0.285 -0.231     4.475
26 7 4 -0.532 -0.679     3.273
26 8 4 0.931 -1.970     1.876
26 9 4 1.343 -1.882     2.572
26 10 4 0.968 -1.595     3.998
26 1 5 2.655 -4.767     1.368
26 2 5 1.337 -1.949     3.885
26 3 5 0.707 -0.663     4.948
26 4 5 0.067 -0.038     5.691
26 5 5 0.259 -0.449     4.237
26 6 5 0.426 -0.751     3.454
26 7 5 -0.334 -0.710     3.073
26 8 5 0.890 -2.085     2.077
26 9 5 1.582 -2.257     2.344
26 10 5 0.957 -1.887     3.687
26 1 6 1.613 -3.757     1.418
26 2 6 1.030 -2.059     3.828
26 3 6 0.598 -1.106     5.010
26 4 6 -0.303 -0.975     4.659
26 5 6 -0.116 -1.309     2.866
26 6 6 0.509 -1.298     2.634
26 7 6 0.150 -1.621     2.749
26 8 6 1.030 -1.778     2.436
26 9 6 1.822 -2.267     2.119
26 10 6 1.129 -1.923     3.957
26 1 7 1.025 -2.830     2.227
26 2 7 1.067 -2.210     3.396
26 3 7 0.254 -1.788     3.528
26 4 7 -0.491 -1.731     2.991
26 5 7 0.551 -1.330     2.395
26 6 7 0.770 -1.475     2.487
26 7 7 0.546 -2.236     2.154
26 8 7 1.363 -1.876     2.116
26 9 7 1.603 -2.272     2.713
26 10 7 1.317 -1.934     3.824
26 1 8 0.869 -3.189     1.835
26 2 8 0.811 -2.715     3.149
26 3 8 -0.194 -1.600     3.482
26 4 8 -0.142 -0.684     3.233
26 5 8 1.186 -0.444     2.567
26 6 8 0.900 -1.324     2.775
26 7 8 0.754 -2.033     2.209
26 8 8 1.530 -2.262     1.905
26 9 8 1.634 -2.189     2.822
26 10 8 1.447 -2.054     3.515
26 1 9 0.791 -3.199    -0.255
26 2 9 1.270 -3.017     0.870
26 3 9 0.363 -1.376     1.584
26 4 9 0.108 -0.132     1.517
26 5 9 0.843 -0.684     1.044
26 6 9 0.551 -1.330     0.857
26 7 9 0.806 -1.814     0.505
26 8 9 1.593 -1.944     0.434
26 9 9 1.551 -1.955     1.266
26 10 9 1.171 -2.309     1.033
27 1 1 2.819 -5.808     0.121
27 2 1 1.970 -3.417     1.745
27 3 1 0.955 -1.225     3.292
27 4 1 1.647 -0.204     2.901
27 5 1 1.741 0.354     2.856
27 6 1 0.507 0.895     3.718
27 7 1 1.257 -0.490     3.269
27 8 1 1.543 0.525     2.838
27 9 1 1.121 0.499     2.926
27 10 1 1.064 0.057     2.708
27 1 2 2.923 -5.501     0.404
27 2 2 1.876 -2.704    -1.251
27 3 2 1.481 -0.480     3.723
27 4 2 1.668 0.421     3.395
27 5 2 1.319 -0.297     0.671
27 6 2 -0.066 -0.063     5.941
27 7 2 0.512 -0.735     3.539
27 8 2 1.580 -0.303     1.991
27 9 2 0.824 0.567     3.883
27 10 2 0.658 0.286     3.681
27 1 3 3.277 -5.047     0.591
27 2 3 2.335 -2.308     1.188
27 3 3 1.684 0.114     3.478
27 4 3 0.892 0.551     4.393
27 5 3 0.439 -0.391     4.756
27 6 3 -0.353 0.124     5.229
27 7 3 -0.311 -0.225     3.588
27 8 3 1.548 -0.501     2.415
27 9 3 1.074 0.374     3.344
27 10 3 0.043 0.270     4.358
27 1 4 3.022 -4.292     0.756
27 2 4 2.043 -1.761    -0.466
27 3 4 1.293 0.281     4.090
27 4 4 0.027 0.635     5.935
27 5 4 0.303 0.124     4.894
27 6 4 -0.030 0.234     4.978
27 7 4 -0.660 0.744     3.624
27 8 4 1.642 -0.032     2.142
27 9 4 1.345 0.203     2.856
27 10 4 -0.249 0.161     4.476
27 1 5 2.455 -3.766     1.373
27 2 5 1.392 -1.355     4.020
27 3 5 0.736 0.166     5.376
27 4 5 -0.353 0.676     6.130
27 5 5 0.168 -0.016     4.750
27 6 5 0.673 -0.230     3.852
27 7 5 -0.337 0.880     3.427
27 8 5 1.231 0.447     2.382
27 9 5 1.361 0.119     2.625
27 10 5 -0.191 0.088     4.154
27 1 6 1.564 -3.100     1.470
27 2 6 1.251 -1.641     4.029
27 3 6 0.699 -0.454     5.415
27 4 6 -0.478 -0.256     5.118
27 5 6 0.356 -0.667     3.247
27 6 6 1.262 -0.303     2.943
27 7 6 0.330 -0.053     3.163
27 8 6 0.918 0.874     2.754
27 9 6 1.309 0.051     2.362
27 10 6 0.152 0.046     4.454
27 1 7 1.007 -2.350     2.354
27 2 7 1.304 -1.896     3.586
27 3 7 0.376 -1.417     3.725
27 4 7 -0.238 -1.032     3.326
27 5 7 1.402 -0.412     2.692
27 6 7 1.595 -0.230     2.750
27 7 7 0.996 -0.584     2.456
27 8 7 1.283 0.437     2.358
27 9 7 0.876 -0.042     3.031
27 10 7 0.559 -0.016     4.251
27 1 8 0.819 -2.933     1.916
27 2 8 0.850 -2.573     3.303
27 3 8 -0.103 -1.370     3.777
27 4 8 0.335 -0.230     3.683
27 5 8 1.981 0.203     2.796
27 6 8 1.439 -0.261     3.044
27 7 8 1.220 -0.188     2.519
27 8 8 1.527 -0.100     2.139
27 9 8 0.892 0.046     3.141
27 10 8 0.533 -0.183     3.932
27 1 9 0.543 -3.178    -0.376
27 2 9 1.152 -3.131     0.773
27 3 9 0.376 -1.495     1.590
27 4 9 0.408 -0.214     1.608
27 5 9 1.402 -0.579     1.026
27 6 9 1.074 -0.344     0.859
27 7 9 1.283 0.130     0.506
27 8 9 1.413 0.286     0.394
27 9 9 0.434 0.249     1.334
27 10 9 -0.025 -0.360     1.105
28 1 1 1.847 -2.580     0.100
28 2 1 1.149 -1.190     1.841
28 3 1 -0.002 -0.559     3.505
28 4 1 0.982 -0.075     3.053
28 5 1 1.326 0.196     2.980
28 6 1 -0.482 1.149     3.832
28 7 1 0.034 -0.299     3.519
28 8 1 0.617 0.696     2.989
28 9 1 0.498 0.493     3.116
28 10 1 0.727 0.003     2.883
28 1 2 1.690 -2.460     0.379
28 2 2 0.914 -0.861    -1.388
28 3 2 0.550 0.180     3.947
28 4 2 0.899 0.842     3.508
28 5 2 0.961 -0.242     0.559
28 6 2 -0.779 0.206     6.171
28 7 2 -0.633 -0.523     3.708
28 8 2 0.675 -0.330     2.096
28 9 2 0.258 0.368     4.134
28 10 2 0.341 0.081     3.939
28 1 3 1.794 -2.169     0.575
28 2 3 1.331 -0.867     1.216
28 3 3 1.003 0.571     3.607
28 4 3 0.268 0.873     4.571
28 5 3 0.008 -0.268     5.061
28 6 3 -0.877 0.159     5.424
28 7 3 -1.299 -0.367     3.669
28 8 3 0.659 -0.960     2.528
28 9 3 0.623 -0.033     3.543
28 10 3 -0.086 -0.075     4.684
28 1 4 1.445 -1.705     0.760
28 2 4 1.268 -0.887    -0.707
28 3 4 1.143 0.373     4.208
28 4 4 -0.226 0.633     6.202
28 5 4 -0.143 0.050     5.228
28 6 4 -0.601 -0.028     5.228
28 7 4 -1.575 -0.033     3.674
28 8 4 0.805 -1.023     2.235
28 9 4 1.091 -0.486     2.973
28 10 4 -0.279 -0.439     4.733
28 1 5 1.117 -1.898     1.377
28 2 5 0.914 -0.924     4.053
28 3 5 0.940 0.066     5.572
28 4 5 -0.305 0.477     6.424
28 5 5 -0.247 -0.372     5.020
28 6 5 -0.112 -0.877     4.022
28 7 5 -1.367 -0.268     3.518
28 8 5 0.503 -0.747     2.526
28 9 5 1.263 -0.799     2.702
28 10 5 -0.117 -0.716     4.313
28 1 6 0.617 -1.986     1.475
28 2 6 1.050 -1.278     4.083
28 3 6 0.878 -0.507     5.597
28 4 6 -0.456 -0.653     5.333
28 5 6 -0.055 -1.268     3.331
28 6 6 0.550 -1.190     3.049
28 7 6 -0.424 -1.106     3.278
28 8 6 0.513 -0.096     2.957
28 9 6 1.425 -0.794     2.339
28 10 6 0.388 -0.773     4.636
28 1 7 0.445 -1.445     2.394
28 2 7 1.133 -1.361     3.634
28 3 7 0.331 -1.304     3.744
28 4 7 -0.450 -1.403     3.386
28 5 7 1.055 -1.007     2.762
28 6 7 1.201 -1.080     2.818
28 7 7 0.680 -1.445     2.509
28 8 7 1.222 -0.330     2.411
28 9 7 1.133 -0.830     3.041
28 10 7 0.836 -0.820     4.379
28 1 8 0.414 -1.929     1.908
28 2 8 0.560 -1.783     3.343
28 3 8 -0.409 -1.044     3.900
28 4 8 0.003 -0.257     3.952
28 5 8 1.732 -0.054     2.839
28 6 8 1.284 -0.924     3.093
28 7 8 1.055 -1.059     2.593
28 8 8 1.544 -0.913     2.116
28 9 8 1.164 -0.742     3.160
28 10 8 0.852 -0.986     4.033
28 1 9 0.180 -2.252    -0.492
28 2 9 0.643 -2.273     0.683
28 3 9 -0.081 -0.882     1.593
28 4 9 0.013 0.066     1.680
28 5 9 1.117 -0.653     0.980
28 6 9 0.925 -0.950     0.809
28 7 9 1.201 -0.752     0.455
28 8 9 1.560 -0.460     0.288
28 9 9 0.722 -0.471     1.333
28 10 9 0.180 -1.158     1.076
29 1 1 1.272 -1.784     0.074
29 2 1 0.501 -0.498     1.967
29 3 1 -0.384 -0.055     3.721
29 4 1 0.808 0.304     3.197
29 5 1 1.235 -0.097     3.070
29 6 1 -1.015 0.950     3.877
29 7 1 -0.968 -0.753     3.591
29 8 1 -0.405 -0.159     3.157
29 9 1 -0.660 0.007     3.256
29 10 1 -0.556 -0.034     3.037
29 1 2 1.017 -1.529     0.367
29 2 2 0.267 -0.180    -1.395
29 3 2 0.105 0.841     4.108
29 4 2 0.407 1.268     3.577
29 5 2 0.459 -0.337     0.519
29 6 2 -1.447 0.195     6.194
29 7 2 -1.504 -0.425     3.723
29 8 2 0.251 -0.977     2.114
29 9 2 -0.192 -0.310     4.352
29 10 2 -0.525 -0.196     4.114
29 1 3 1.126 -1.399     0.570
29 2 3 0.782 -0.456     1.255
29 3 3 0.699 0.887     3.710
29 4 3 -0.176 0.986     4.689
29 5 3 -0.473 -0.092     5.298
29 6 3 -1.296 0.559     5.462
29 7 3 -1.660 0.492     3.668
29 8 3 0.782 -0.529     2.627
29 9 3 0.881 -0.097     3.655
29 10 3 -0.384 -0.170     4.914
29 1 4 0.798 -1.295     0.764
29 2 4 0.949 -0.722    -0.923
29 3 4 1.105 0.377     4.303
29 4 4 -0.426 0.565     6.415
29 5 4 -0.337 0.341     5.469
29 6 4 -0.608 0.450     5.399
29 7 4 -1.494 1.341     3.623
29 8 4 1.152 0.507     2.304
29 9 4 1.616 0.346     2.970
29 10 4 -0.134 0.012     5.027
29 1 5 0.605 -1.597     1.375
29 2 5 0.933 -0.696     4.080
29 3 5 1.001 0.096     5.715
29 4 5 -0.452 0.450     6.660
29 5 5 -0.212 0.007     5.309
29 6 5 0.194 -0.243     4.239
29 7 5 -1.150 1.143     3.526
29 8 5 0.699 1.231     2.580
29 9 5 1.689 0.585     2.682
29 10 5 0.064 0.174     4.564
29 1 6 0.433 -1.185     1.519
29 2 6 1.282 -0.550     4.154
29 3 6 0.871 -0.008     5.766
29 4 6 -0.525 -0.055     5.563
29 5 6 0.235 -0.352     3.522
29 6 6 0.970 -0.060     3.155
29 7 6 -0.160 0.179     3.485
29 8 6 0.626 1.606     2.971
29 9 6 1.605 0.622     2.237
29 10 6 0.392 0.309     4.850
29 1 7 0.376 -0.123     2.535
29 2 7 1.267 -0.014     3.729
29 3 7 0.303 0.028     3.952
29 4 7 -0.390 0.367     3.570
29 5 7 1.308 0.747     2.799
29 6 7 1.407 0.476     2.853
29 7 7 0.965 -0.076     2.600
29 8 7 1.459 0.960     2.335
29 9 7 1.199 0.413     3.020
29 10 7 0.699 0.262     4.542
29 1 8 0.444 -0.180     2.020
29 2 8 0.657 -0.008     3.518
29 3 8 -0.171 0.705     4.066
29 4 8 0.173 1.788     3.957
29 5 8 1.527 1.710     2.789
29 6 8 1.011 0.512     3.168
29 7 8 1.178 0.382     2.665
29 8 8 1.735 0.361     2.042
29 9 8 1.110 0.419     3.159
29 10 8 0.543 0.033     4.221
29 1 9 0.261 -0.024    -0.545
29 2 9 0.642 -0.191     0.693
29 3 9 0.178 0.643     1.627
29 4 9 -0.004 1.455     1.641
29 5 9 0.689 0.580     0.966
29 6 9 0.683 0.143     0.796
29 7 9 1.350 0.596     0.398
29 8 9 1.647 0.762     0.149
29 9 9 0.496 0.632     1.326
29 10 9 -0.223 -0.076     1.112
30 1 1 1.067 1.329    -0.023
30 2 1 0.734 1.647     1.921
30 3 1 0.608 1.215     3.716
30 4 1 1.088 1.465     3.123
30 5 1 1.322 1.824     2.962
30 6 1 1.187 1.366     3.792
30 7 1 1.812 0.600     3.505
30 8 1 2.046 0.834     3.023
30 9 1 2.077 0.689     3.099
30 10 1 1.989 0.392     2.931
30 1 2 1.181 1.116     0.333
30 2 2 0.859 1.272    -1.715
30 3 2 0.905 1.121     4.163
30 4 2 0.947 1.126     3.618
30 5 2 0.885 1.090     0.130
30 6 2 1.041 1.152     6.210
30 7 2 1.978 0.954     3.631
30 8 2 2.556 0.866     1.839
30 9 2 2.150 1.350     4.151
30 10 2 1.905 1.058     3.982
30 1 3 1.447 0.845     0.540
30 2 3 1.249 0.928     1.207
30 3 3 1.082 1.017     3.751
30 4 3 0.838 0.866     4.780
30 5 3 0.859 1.084     5.352
30 6 3 1.135 1.517     5.411
30 7 3 1.963 1.543     3.525
30 8 3 2.973 1.366     2.427
30 9 3 2.317 1.892     3.438
30 10 3 1.499 1.704     4.745
30 1 4 1.374 0.652     0.737
30 2 4 1.166 0.704    -1.257
30 3 4 0.937 0.866     4.378
30 4 4 0.806 0.876     6.531
30 5 4 1.187 1.282     5.443
30 6 4 1.286 1.761     5.287
30 7 4 1.931 2.173     3.429
30 8 4 3.140 1.939     2.069
30 9 4 2.244 2.142     2.780
30 10 4 0.994 2.126     4.876
30 1 5 1.129 0.449     1.387
30 2 5 0.838 0.605     4.112
30 3 5 0.609 0.767     5.871
30 4 5 0.806 0.949     6.759
30 5 5 1.442 1.272     5.244
30 6 5 1.749 1.959     4.065
30 7 5 2.030 2.511     3.299
30 8 5 2.978 2.345     2.324
30 9 5 2.056 2.162     2.523
30 10 5 0.551 2.303     4.174
30 1 6 0.859 0.371     1.537
30 2 6 0.671 0.569     4.299
30 3 6 0.426 0.772     5.947
30 4 6 0.874 1.043     5.629
30 5 6 1.937 1.595     3.332
30 6 6 2.192 2.235     2.972
30 7 6 2.296 2.475     3.217
30 8 6 2.744 2.845     2.688
30 9 6 1.687 2.126     1.948
30 10 6 0.171 2.381     4.669
30 1 7 0.832 0.418     2.588
30 2 7 0.739 0.595     3.860
30 3 7 0.614 0.975     3.961
30 4 7 1.390 1.522     3.496
30 5 7 2.306 1.933     2.593
30 6 7 2.119 1.954     2.724
30 7 7 2.510 2.303     2.366
30 8 7 2.567 2.782     1.892
30 9 7 0.947 2.199     2.742
30 10 7 -0.121 2.501     4.366
30 1 8 0.931 0.329     2.054
30 2 8 0.968 0.626     3.615
30 3 8 1.056 1.204     4.068
30 4 8 1.822 1.553     3.857
30 5 8 2.192 1.350     2.695
30 6 8 2.025 1.366     3.019
30 7 8 2.681 2.157     2.439
30 8 8 2.312 2.454     1.694
30 9 8 0.536 2.522     2.839
30 10 8 -0.459 2.704     4.007
30 1 9 1.020 0.251    -0.569
30 2 9 1.291 0.454     0.738
30 3 9 1.379 0.782     1.654
30 4 9 1.931 0.600     1.622
30 5 9 2.405 0.423     0.917
30 6 9 2.588 1.241     0.700
30 7 9 2.858 2.037     0.292
30 8 9 1.791 2.506    -0.023
30 9 9 -0.131 2.850     1.213
30 10 9 -0.944 3.043     0.977
31 1 1 3.404 -3.537    -0.083
31 2 1 2.779 -2.412     1.898
31 3 1 2.154 -0.912     3.756
31 4 1 1.529 0.213     3.277
31 5 1 0.529 2.213     3.045
31 6 1 0.029 2.338     3.820
31 7 1 0.779 1.463     3.645
31 8 1 1.154 1.088     3.170
31 9 1 1.279 0.463     3.259
31 10 1 1.029 -0.037     3.145
31 1 2 3.279 -4.037     0.223
31 2 2 2.779 -2.162    -2.379
31 3 2 2.404 -0.662     4.174
31 4 2 1.654 0.338     3.751
31 5 2 0.404 1.963    -0.389
31 6 2 -0.096 2.463     6.146
31 7 2 0.529 1.963     3.700
31 8 2 1.029 1.213     1.885
31 9 2 0.779 0.713     4.368
31 10 2 0.779 -0.162     4.237
31 1 3 3.904 -3.912     0.412
31 2 3 3.654 -1.787     0.970
31 3 3 2.904 -0.162     3.700
31 4 3 1.654 1.088     4.855
31 5 3 0.404 2.338     5.330
31 6 3 -0.096 2.838     5.302
31 7 3 0.154 2.463     3.529
31 8 3 0.529 1.338     2.586
31 9 3 0.404 0.713     3.690
31 10 3 0.279 -0.037     5.123
31 1 4 4.029 -3.537     0.576
31 2 4 3.529 -1.287    -2.166
31 3 4 2.404 0.713     4.358
31 4 4 1.029 1.963     6.530
31 5 4 0.154 2.713     5.346
31 6 4 -0.221 2.963     5.158
31 7 4 -0.346 2.588     3.429
31 8 4 -0.221 1.463     2.220
31 9 4 -0.221 0.588     3.043
31 10 4 0.029 0.213     5.277
31 1 5 3.779 -2.912     1.247
31 2 5 2.779 -0.662     3.773
31 3 5 1.404 1.338     5.943
31 4 5 0.154 2.463     6.678
31 5 5 -0.471 2.838     5.119
31 6 5 -0.596 2.713     4.012
31 7 5 -0.971 2.338     3.322
31 8 5 -0.971 1.713     2.427
31 9 5 -0.721 0.963     2.710
31 10 5 -0.096 0.713     4.373
31 1 6 3.154 -2.412     1.392
31 2 6 2.279 -0.537     4.329
31 3 6 1.029 1.588     6.034
31 4 6 -0.096 2.838     5.504
31 5 6 -0.846 3.088     3.157
31 6 6 -1.346 2.838     2.930
31 7 6 -1.471 2.213     3.211
31 8 6 -1.346 1.963     2.754
31 9 6 -0.846 1.588     1.932
31 10 6 -0.096 1.463     4.811
31 1 7 2.904 -1.787     2.470
31 2 7 2.529 -0.537     3.875
31 3 7 1.654 1.213     3.867
31 4 7 0.529 2.463     3.480
31 5 7 -0.846 2.713     2.552
31 6 7 -1.846 2.963     2.659
31 7 7 -1.846 2.463     2.324
31 8 7 -1.596 2.463     1.728
31 9 7 -0.971 2.213     2.567
31 10 7 -0.221 1.963     4.427
31 1 8 2.904 -1.537     1.965
31 2 8 2.904 -0.787     3.578
31 3 8 2.154 0.463     4.095
31 4 8 0.779 1.338     4.019
31 5 8 -0.846 1.838     2.797
31 6 8 -1.971 2.588     2.881
31 7 8 -1.971 2.713     2.377
31 8 8 -1.596 2.713     1.507
31 9 8 -1.221 2.588     2.570
31 10 8 -0.721 2.088     4.030
31 1 9 2.779 -1.787    -0.717
31 2 9 2.904 -1.287     0.622
31 3 9 2.279 -0.412     1.567
31 4 9 1.029 0.213     1.639
31 5 9 -0.721 1.213     0.892
31 6 9 -1.971 2.088     0.557
31 7 9 -2.221 2.463     0.153
31 8 9 -2.096 2.588    -0.275
31 9 9 -1.596 2.338     1.055
31 10 9 -1.096 1.588     0.901
