0 1 1 2.470 -3.992     0.983
0 2 1 1.871 -2.086     1.157
0 3 1 0.715 -1.169     1.217
0 4 1 1.658 -0.867     1.192
0 5 1 2.715 0.112     1.163
0 6 1 1.543 0.612     1.213
0 7 1 0.715 -0.872     1.229
0 8 1 0.324 -0.945     1.235
0 9 1 0.480 -2.627     1.154
0 10 1 0.986 -3.966     1.091
0 1 2 2.527 -3.622     0.997
0 2 2 1.783 -1.633     1.178
0 3 2 1.434 -0.565     1.216
0 4 2 1.720 -0.190     1.199
0 5 2 1.611 -1.117     1.202
0 6 2 0.236 -1.601     1.212
0 7 2 -0.353 -3.185     1.131
0 8 2 -0.176 -3.544     1.119
0 9 2 -0.020 -4.231     1.084
0 10 2 0.762 -4.810     1.046
0 1 3 2.829 -3.028     1.010
0 2 3 2.392 -1.445     1.180
0 3 3 2.189 -0.007     1.180
0 4 3 1.204 0.081     1.235
0 5 3 -0.197 -2.216     1.179
0 6 3 -1.186 -3.028     1.129
0 7 3 -1.384 -4.534     1.050
0 8 3 -0.322 -5.257     1.022
0 9 3 0.460 -5.356     1.028
0 10 3 0.949 -5.304     1.022
0 1 4 2.522 -2.252     1.043
0 2 4 2.189 -1.195     1.173
0 3 4 2.027 -0.023     1.190
0 4 4 0.132 -0.310     1.279
0 5 4 -1.197 -2.549     1.155
0 6 4 -1.603 -3.580     1.095
0 7 4 -1.796 -4.565     1.038
0 8 4 -0.150 -5.638     0.999
0 9 4 1.069 -5.752     1.004
0 10 4 1.251 -5.466     1.005
0 1 5 1.928 -2.231     1.072
0 2 5 1.527 -1.060     1.200
0 3 5 1.215 -0.471     1.232
0 4 5 -0.921 -1.226     1.220
0 5 5 -1.957 -3.247     1.107
0 6 5 -1.587 -4.351     1.061
0 7 5 -1.717 -4.742     1.035
0 8 5 -0.077 -5.737     0.988
0 9 5 1.512 -5.903     0.986
0 10 5 1.522 -5.476     1.003
0 1 6 0.819 -2.247     1.087
0 2 6 0.850 -1.539     1.201
0 3 6 -0.046 -1.429     1.220
0 4 6 -2.207 -2.836     1.116
0 5 6 -2.436 -4.268     1.050
0 6 6 -1.384 -4.763     1.042
0 7 6 -1.280 -5.388     1.007
0 8 6 0.168 -5.513     1.008
0 9 6 1.819 -5.935     0.974
0 10 6 1.746 -5.596     0.993
0 1 7 0.257 -1.825     1.113
0 2 7 0.392 -1.971     1.191
0 3 7 -1.363 -2.476     1.146
0 4 7 -3.249 -3.596     1.052
0 5 7 -2.197 -3.971     1.055
0 6 7 -1.207 -4.606     1.045
0 7 7 -0.848 -5.711     0.994
0 8 7 0.569 -5.508     1.006
0 9 7 1.600 -6.002     0.973
0 10 7 1.887 -5.841     0.982
0 1 8 0.105 -2.164     1.103
0 2 8 -0.171 -2.409     1.177
0 3 8 -2.040 -2.242     1.139
0 4 8 -3.223 -2.164     1.086
0 5 8 -2.082 -2.601     1.115
0 6 8 -1.462 -4.393     1.050
0 7 8 -0.707 -5.596     1.006
0 8 8 0.845 -5.903     0.985
0 9 8 1.632 -5.966     0.974
0 10 8 1.944 -6.028     0.973
0 1 9 -0.046 -2.054     0.914
0 2 9 0.048 -2.351     0.981
0 3 9 -1.254 -1.648     0.992
0 4 9 -2.707 -1.325     0.949
0 5 9 -2.671 -2.716     0.901
0 6 9 -2.046 -4.565     0.836
0 7 9 -0.577 -5.565     0.810
0 8 9 1.012 -5.731     0.795
0 9 9 1.569 -5.747     0.796
0 10 9 1.637 -6.070     0.773
1 1 1 1.158 -1.206     0.978
1 2 1 0.033 -0.545     1.242
1 3 1 -1.253 -0.259     1.261
1 4 1 0.669 -0.003     1.263
1 5 1 1.981 -0.342     1.166
1 6 1 0.033 1.023     1.262
1 7 1 -0.086 -0.389     1.317
1 8 1 0.424 0.471     1.308
1 9 1 0.664 0.122     1.231
1 10 1 1.257 -0.529     1.133
1 1 2 0.747 -0.837     1.014
1 2 2 -0.513 0.044     1.254
1 3 2 -0.805 0.997     1.262
1 4 2 0.612 1.476     1.222
1 5 2 1.497 -0.378     1.224
1 6 2 -0.435 -0.337     1.298
1 7 2 -0.982 -1.269     1.147
1 8 2 0.195 -1.191     1.156
1 9 2 0.289 -0.628     1.156
1 10 2 0.851 -0.769     1.101
1 1 3 0.830 -0.545     1.038
1 2 3 0.028 0.184     1.302
1 3 3 -0.217 1.731     1.198
1 4 3 -0.248 1.689     1.253
1 5 3 -0.149 -0.566     1.258
1 6 3 -1.159 -0.795     1.158
1 7 3 -1.920 -1.665     1.023
1 8 3 -0.081 -2.352     1.005
1 9 3 0.596 -1.628     1.040
1 10 3 0.565 -1.305     1.064
1 1 4 0.440 -0.561     1.078
1 2 4 0.356 -0.144     1.256
1 3 4 0.393 1.325     1.231
1 4 4 -0.878 1.116     1.313
1 5 4 -0.904 -0.467     1.209
1 6 4 -1.362 -1.071     1.111
1 7 4 -2.362 -1.581     0.989
1 8 4 -0.055 -2.722     0.952
1 9 4 1.153 -2.337     0.978
1 10 4 0.565 -1.868     1.021
1 1 5 0.252 -1.243     1.095
1 2 5 0.596 -0.384     1.280
1 3 5 0.768 0.669     1.291
1 4 5 -0.883 0.590     1.277
1 5 5 -1.373 -1.045     1.122
1 6 5 -1.227 -2.040     1.037
1 7 5 -2.086 -1.915     0.994
1 8 5 -0.055 -2.696     0.944
1 9 5 1.481 -2.587     0.941
1 10 5 0.737 -2.139     1.003
1 1 6 0.054 -1.134     1.094
1 2 6 1.117 -0.514     1.246
1 3 6 0.674 -0.087     1.292
1 4 6 -1.368 -0.852     1.130
1 5 6 -1.612 -2.217     1.014
1 6 6 -0.836 -2.581     1.013
1 7 6 -1.144 -2.759     0.967
1 8 6 0.299 -2.175     0.998
1 9 6 1.731 -2.498     0.932
1 10 6 0.981 -2.149     0.988
1 1 7 0.033 -0.352     1.180
1 2 7 1.257 -0.451     1.231
1 3 7 -0.253 -1.035     1.190
1 4 7 -2.081 -1.779     1.014
1 5 7 -0.784 -1.904     1.044
1 6 7 -0.159 -2.321     1.036
1 7 7 -0.248 -3.055     0.938
1 8 7 0.955 -2.196     0.995
1 9 7 1.429 -2.472     0.941
1 10 7 1.117 -2.134     0.977
1 1 8 0.065 -0.680     1.149
1 2 8 0.164 -0.920     1.242
1 3 8 -1.508 -0.852     1.157
1 4 8 -1.977 -0.368     1.088
1 5 8 -0.128 -0.342     1.195
1 6 8 0.028 -1.811     1.058
1 7 8 0.117 -2.691     0.965
1 8 8 1.278 -2.680     0.946
1 9 8 1.414 -2.410     0.949
1 10 8 1.054 -2.248     0.964
1 1 9 -0.279 -0.618     0.898
1 2 9 -0.232 -1.149     0.975
1 3 9 -1.352 -0.410     0.974
1 4 9 -1.883 0.304     0.904
1 5 9 -0.956 -0.748     0.880
1 6 9 -0.618 -1.930     0.785
1 7 9 0.299 -2.493     0.740
1 8 9 1.497 -2.337     0.724
1 9 9 1.216 -2.149     0.742
1 10 9 0.502 -2.420     0.719
2 1 1 0.961 -0.797     0.973
2 2 1 0.138 -0.115     1.309
2 3 1 -1.133 0.036     1.272
2 4 1 0.232 0.328     1.307
2 5 1 0.945 -0.245     1.187
2 6 1 -1.347 0.927     1.237
2 7 1 -1.091 -0.605     1.310
2 8 1 -0.102 0.447     1.357
2 9 1 0.028 0.041     1.298
2 10 1 0.377 -0.813     1.153
2 1 2 0.393 -0.589     1.035
2 2 2 -0.586 0.062     1.279
2 3 2 -0.852 0.864     1.260
2 4 2 -0.003 1.499     1.202
2 5 2 0.502 -0.323     1.257
2 6 2 -1.430 -0.105     1.283
2 7 2 -1.487 -1.001     1.112
2 8 2 0.304 -1.042     1.163
2 9 2 0.060 -0.698     1.183
2 10 2 0.054 -1.094     1.105
2 1 3 0.205 -0.547     1.069
2 2 3 -0.211 -0.240     1.386
2 3 3 -0.185 1.041     1.208
2 4 3 -0.680 1.192     1.243
2 5 3 -0.748 -0.428     1.280
2 6 3 -1.555 -0.251     1.139
2 7 3 -1.946 -0.896     0.976
2 8 3 0.362 -1.730     0.984
2 9 3 0.674 -1.245     1.036
2 10 3 -0.076 -1.370     1.056
2 1 4 -0.315 -0.782     1.088
2 2 4 0.206 -0.615     1.277
2 3 4 0.659 0.437     1.260
2 4 4 -1.013 0.468     1.319
2 5 4 -1.175 -0.360     1.211
2 6 4 -1.435 -0.615     1.097
2 7 4 -2.159 -0.631     0.937
2 8 4 0.617 -1.698     0.922
2 9 4 1.414 -1.553     0.948
2 10 4 0.133 -1.646     0.998
2 1 5 -0.388 -1.495     1.091
2 2 5 0.544 -0.719     1.300
2 3 5 0.940 -0.006     1.317
2 4 5 -0.972 0.098     1.292
2 5 5 -1.268 -0.844     1.110
2 6 5 -0.935 -1.495     1.015
2 7 5 -1.899 -0.954     0.948
2 8 5 0.383 -1.391     0.928
2 9 5 1.726 -1.615     0.901
2 10 5 0.471 -1.662     0.977
2 1 6 -0.357 -1.251     1.065
2 2 6 1.164 -0.719     1.241
2 3 6 0.768 -0.292     1.323
2 4 6 -1.253 -0.698     1.130
2 5 6 -0.925 -1.480     0.994
2 6 6 -0.018 -1.641     0.993
2 7 6 -0.805 -1.745     0.937
2 8 6 0.560 -0.688     1.012
2 9 6 1.919 -1.360     0.880
2 10 6 0.888 -1.391     0.967
2 1 7 -0.216 -0.303     1.220
2 2 7 1.252 -0.355     1.234
2 3 7 -0.107 -0.573     1.234
2 4 7 -1.513 -0.782     0.996
2 5 7 0.237 -0.620     1.077
2 6 7 0.810 -1.120     1.033
2 7 7 0.461 -1.896     0.905
2 8 7 1.372 -0.850     0.974
2 9 7 1.560 -1.282     0.901
2 10 7 1.107 -1.188     0.963
2 1 8 -0.065 -0.516     1.172
2 2 8 0.346 -0.589     1.275
2 3 8 -1.091 -0.037     1.166
2 4 8 -1.237 0.869     1.075
2 5 8 0.705 0.869     1.203
2 6 8 0.737 -0.646     1.069
2 7 8 0.846 -1.422     0.941
2 8 8 1.711 -1.422     0.896
2 9 8 1.502 -1.230     0.919
2 10 8 1.023 -1.271     0.951
2 1 9 -0.362 -0.469     0.877
2 2 9 0.023 -0.907     0.954
2 3 9 -0.873 0.177     0.955
2 4 9 -1.440 1.208     0.839
2 5 9 -0.498 0.182     0.873
2 6 9 -0.143 -0.912     0.764
2 7 9 0.825 -1.256     0.690
2 8 9 1.768 -1.032     0.655
2 9 9 1.070 -0.912     0.705
2 10 9 0.325 -1.428     0.683
3 1 1 1.779 -2.768     0.963
3 2 1 0.831 -1.549     1.424
3 3 1 -0.075 -1.013     1.445
3 4 1 1.461 -0.367     1.442
3 5 1 1.941 0.024     1.307
3 6 1 -0.153 0.899     1.421
3 7 1 0.399 -0.794     1.493
3 8 1 1.008 0.368     1.526
3 9 1 0.883 -0.002     1.475
3 10 1 1.107 -0.778     1.303
3 1 2 1.451 -2.179     1.043
3 2 2 0.451 -0.882     1.432
3 3 2 0.519 0.196     1.461
3 4 2 1.472 0.826     1.338
3 5 2 1.566 -0.549     1.372
3 6 2 -0.565 -0.252     1.481
3 7 2 -0.497 -1.184     1.266
3 8 2 1.008 -0.997     1.311
3 9 2 0.467 -0.372     1.377
3 10 2 0.519 -0.768     1.279
3 1 3 1.680 -1.684     1.098
3 2 3 1.086 -0.773     1.561
3 3 3 1.066 0.810     1.360
3 4 3 0.560 0.862     1.420
3 5 3 0.263 -0.684     1.471
3 6 3 -0.893 -0.304     1.316
3 7 3 -1.398 -0.747     1.118
3 8 3 1.003 -1.414     1.122
3 9 3 0.972 -0.726     1.195
3 10 3 0.008 -0.830     1.235
3 1 4 1.154 -1.398     1.135
3 2 4 1.092 -0.919     1.408
3 3 4 1.159 0.435     1.424
3 4 4 -0.309 0.430     1.524
3 5 4 -0.070 -0.294     1.432
3 6 4 -0.648 -0.429     1.284
3 7 4 -1.789 -0.054     1.069
3 8 4 1.248 -1.138     1.058
3 9 4 1.618 -0.888     1.078
3 10 4 -0.132 -0.867     1.176
3 1 5 0.800 -1.830     1.169
3 2 5 0.826 -0.867     1.466
3 3 5 0.868 0.045     1.505
3 4 5 -0.617 0.263     1.490
3 5 5 -0.320 -0.487     1.308
3 6 5 -0.101 -1.054     1.179
3 7 5 -1.513 -0.216     1.094
3 8 5 0.914 -0.684     1.090
3 9 5 1.805 -0.945     1.024
3 10 5 -0.007 -0.851     1.156
3 1 6 0.316 -1.627     1.105
3 2 6 1.175 -0.841     1.387
3 3 6 0.800 -0.257     1.505
3 4 6 -0.773 -0.440     1.310
3 5 6 -0.174 -0.971     1.162
3 6 6 0.477 -1.023     1.157
3 7 6 -0.497 -1.164     1.096
3 8 6 0.888 -0.049     1.189
3 9 6 1.894 -0.836     1.001
3 10 6 0.513 -0.763     1.142
3 1 7 0.123 -0.533     1.338
3 2 7 1.394 -0.424     1.382
3 3 7 0.310 -0.539     1.430
3 4 7 -0.794 -0.523     1.172
3 5 7 0.805 -0.268     1.255
3 6 7 0.915 -0.679     1.197
3 7 7 0.696 -1.460     1.041
3 8 7 1.654 -0.351     1.109
3 9 7 1.539 -0.851     1.037
3 10 7 0.987 -0.820     1.120
3 1 8 0.237 -0.638     1.287
3 2 8 0.638 -0.554     1.460
3 3 8 -0.533 0.133     1.361
3 4 8 -0.518 0.956     1.242
3 5 8 1.060 0.737     1.359
3 6 8 0.743 -0.533     1.249
3 7 8 1.118 -0.841     1.090
3 8 8 1.987 -0.799     1.013
3 9 8 1.404 -0.737     1.062
3 10 8 0.852 -1.070     1.103
3 1 9 -0.028 -0.591     0.857
3 2 9 0.425 -0.882     0.995
3 3 9 -0.492 0.321     1.014
3 4 9 -0.877 1.133     0.854
3 5 9 0.045 -0.044     0.956
3 6 9 0.232 -0.679     0.815
3 7 9 1.274 -0.419     0.711
3 8 9 1.873 -0.216     0.652
3 9 9 0.711 -0.351     0.749
3 10 9 -0.018 -1.237     0.710
4 1 1 2.100 -3.212     0.948
4 2 1 1.188 -1.905     1.520
4 3 1 0.022 -1.067     1.629
4 4 1 1.444 -0.212     1.587
4 5 1 2.032 0.397     1.433
4 6 1 -0.036 0.996     1.620
4 7 1 0.574 -0.822     1.692
4 8 1 1.063 0.584     1.707
4 9 1 0.845 0.517     1.672
4 10 1 1.100 -0.140     1.492
4 1 2 1.933 -2.671     1.035
4 2 2 0.897 -1.082     1.597
4 3 2 0.657 0.116     1.681
4 4 2 1.298 0.772     1.496
4 5 2 1.391 -0.509     1.525
4 6 2 -0.640 -0.306     1.696
4 7 2 -0.405 -1.212     1.435
4 8 2 1.095 -0.770     1.481
4 9 2 0.459 0.267     1.606
4 10 2 0.532 -0.004     1.506
4 1 3 2.194 -2.082     1.109
4 2 3 1.595 -0.879     1.714
4 3 3 1.287 0.741     1.522
4 4 3 0.397 0.720     1.632
4 5 3 -0.030 -0.780     1.686
4 6 3 -1.004 -0.447     1.504
4 7 3 -1.322 -0.947     1.270
4 8 3 1.053 -1.379     1.284
4 9 3 0.928 -0.343     1.383
4 10 3 -0.077 -0.181     1.482
4 1 4 1.553 -1.525     1.178
4 2 4 1.418 -0.874     1.540
4 3 4 1.246 0.501     1.593
4 4 4 -0.530 0.470     1.745
4 5 4 -0.411 -0.400     1.656
4 6 4 -0.791 -0.624     1.480
4 7 4 -1.739 -0.311     1.214
4 8 4 1.209 -1.348     1.215
4 9 4 1.506 -0.910     1.234
4 10 4 -0.228 -0.515     1.398
4 1 5 0.938 -1.723     1.264
4 2 5 0.964 -0.738     1.641
4 3 5 0.891 0.230     1.705
4 4 5 -0.911 0.397     1.680
4 5 5 -0.707 -0.671     1.498
4 6 5 -0.145 -1.218     1.359
4 7 5 -1.322 -0.369     1.261
4 8 5 0.928 -1.035     1.257
4 9 5 1.751 -1.166     1.164
4 10 5 -0.015 -0.692     1.372
4 1 6 0.136 -1.389     1.179
4 2 6 1.095 -0.660     1.563
4 3 6 0.735 -0.077     1.721
4 4 6 -1.213 -0.436     1.484
4 5 6 -0.567 -1.280     1.326
4 6 6 0.574 -1.212     1.331
4 7 6 -0.249 -1.254     1.269
4 8 6 0.944 -0.322     1.384
4 9 6 1.865 -1.009     1.137
4 10 6 0.454 -0.655     1.351
4 1 7 -0.161 -0.327     1.497
4 2 7 1.069 -0.322     1.571
4 3 7 -0.093 -0.520     1.657
4 4 7 -1.442 -0.650     1.329
4 5 7 0.522 -0.509     1.462
4 6 7 1.089 -0.874     1.367
4 7 7 0.740 -1.655     1.185
4 8 7 1.527 -0.551     1.265
4 9 7 1.428 -0.942     1.189
4 10 7 0.813 -0.707     1.311
4 1 8 -0.181 -0.509     1.429
4 2 8 0.136 -0.561     1.687
4 3 8 -1.109 -0.030     1.541
4 4 8 -1.041 0.850     1.408
4 5 8 1.001 0.741     1.535
4 6 8 0.876 -0.608     1.440
4 7 8 1.011 -1.150     1.247
4 8 8 1.766 -1.103     1.143
4 9 8 1.303 -0.858     1.225
4 10 8 0.735 -0.962     1.287
4 1 9 -0.536 -0.426     0.831
4 2 9 -0.135 -0.874     1.040
4 3 9 -0.843 0.131     1.059
4 4 9 -1.056 1.017     0.865
4 5 9 0.089 -0.067     1.034
4 6 9 0.272 -0.785     0.861
4 7 9 1.022 -0.754     0.731
4 8 9 1.683 -0.520     0.661
4 9 9 0.673 -0.515     0.793
4 10 9 -0.051 -1.223     0.740
5 1 1 2.679 -4.223     0.925
5 2 1 1.690 -2.296     1.622
5 3 1 0.560 -1.244     1.842
5 4 1 1.607 -0.489     1.782
5 5 1 1.867 0.954     1.608
5 6 1 0.242 1.147     1.854
5 7 1 1.086 -0.827     1.916
5 8 1 1.268 0.485     1.925
5 9 1 0.956 0.412     1.915
5 10 1 1.122 -0.228     1.729
5 1 2 2.534 -3.801     1.012
5 2 2 1.357 -1.473     1.774
5 3 2 1.101 -0.275     1.924
5 4 2 1.508 0.126     1.707
5 5 2 1.200 -0.588     1.735
5 6 2 -0.643 -0.270     1.978
5 7 2 -0.175 -1.275     1.662
5 8 2 1.054 -0.781     1.707
5 9 2 0.325 0.261     1.901
5 10 2 0.393 -0.140     1.799
5 1 3 2.851 -3.119     1.100
5 2 3 1.971 -1.119     1.870
5 3 3 1.570 0.459     1.727
5 4 3 0.742 0.230     1.902
5 5 3 0.190 -1.025     1.938
5 6 3 -1.050 -0.380     1.745
5 7 3 -1.513 -0.952     1.466
5 8 3 0.768 -1.442     1.497
5 9 3 0.622 -0.364     1.650
5 10 3 -0.367 -0.369     1.766
5 1 4 2.383 -2.281     1.199
5 2 4 1.732 -0.932     1.701
5 3 4 1.252 0.563     1.814
5 4 4 -0.232 0.381     2.045
5 5 4 0.122 -0.473     1.950
5 6 4 -0.664 -0.452     1.749
5 7 4 -2.055 -0.166     1.393
5 8 4 0.830 -1.270     1.428
5 9 4 1.143 -0.859     1.464
5 10 4 -0.664 -0.708     1.647
5 1 5 1.758 -2.395     1.339
5 2 5 1.034 -0.890     1.865
5 3 5 0.716 0.407     1.969
5 4 5 -0.701 0.532     1.942
5 5 5 -0.274 -0.593     1.769
5 6 5 -0.112 -1.114     1.601
5 7 5 -1.779 -0.218     1.453
5 8 5 0.461 -0.786     1.514
5 9 5 1.310 -0.994     1.381
5 10 5 -0.503 -0.817     1.623
5 1 6 0.706 -2.187     1.247
5 2 6 1.049 -1.083     1.777
5 3 6 0.627 -0.124     2.008
5 4 6 -0.972 -0.406     1.730
5 5 6 -0.326 -1.234     1.550
5 6 6 0.393 -1.171     1.566
5 7 6 -0.737 -1.166     1.489
5 8 6 0.440 -0.051     1.670
5 9 6 1.471 -0.843     1.339
5 10 6 0.096 -0.744     1.622
5 1 7 0.252 -1.057     1.661
5 2 7 1.112 -0.848     1.796
5 3 7 0.034 -0.728     1.927
5 4 7 -1.039 -0.770     1.564
5 5 7 0.732 -0.541     1.711
5 6 7 0.888 -0.838     1.596
5 7 7 0.440 -1.478     1.399
5 8 7 1.273 -0.291     1.493
5 9 7 1.148 -0.812     1.414
5 10 7 0.638 -0.775     1.564
5 1 8 0.179 -1.281     1.579
5 2 8 0.388 -1.093     1.925
5 3 8 -0.784 -0.249     1.806
5 4 8 -0.612 0.673     1.659
5 5 8 1.200 0.615     1.754
5 6 8 0.763 -0.598     1.695
5 7 8 0.914 -0.864     1.475
5 8 8 1.674 -0.775     1.338
5 9 8 1.117 -0.687     1.452
5 10 8 0.591 -0.994     1.524
5 1 9 -0.117 -1.473     0.773
5 2 9 0.357 -1.551     1.052
5 3 9 -0.503 -0.156     1.127
5 4 9 -0.706 0.803     0.899
5 5 9 0.341 -0.228     1.104
5 6 9 0.330 -0.687     0.917
5 7 9 1.127 -0.395     0.760
5 8 9 1.653 -0.130     0.685
5 9 9 0.518 -0.265     0.851
5 10 9 -0.216 -1.145     0.774
6 1 1 3.544 -5.437     0.891
6 2 1 2.669 -3.588     1.681
6 3 1 1.596 -1.963     2.022
6 4 1 2.341 -1.119     1.953
6 5 1 2.211 1.105     1.838
6 6 1 1.028 1.355     2.110
6 7 1 2.237 -0.599     2.136
6 8 1 2.408 0.480     2.132
6 9 1 1.971 0.375     2.166
6 10 1 1.903 -0.208     1.996
6 1 2 3.669 -5.208     0.953
6 2 2 2.434 -2.651     1.907
6 3 2 2.205 -1.000     2.111
6 4 2 2.627 -0.552     1.887
6 5 2 2.044 -0.677     1.975
6 6 2 0.429 -0.046     2.377
6 7 2 1.226 -1.234     1.941
6 8 2 2.054 -0.666     1.957
6 9 2 1.028 0.636     2.222
6 10 2 1.091 0.375     2.131
6 1 3 4.289 -4.724     1.027
6 2 3 3.184 -2.031     1.931
6 3 3 2.606 -0.046     1.915
6 4 3 2.070 -0.010     2.142
6 5 3 1.435 -1.067     2.208
6 6 3 0.039 -0.208     2.158
6 7 3 -0.368 -1.166     1.796
6 8 3 1.408 -1.546     1.761
6 9 3 0.851 -0.104     2.014
6 10 3 -0.034 0.219     2.178
6 1 4 3.898 -3.822     1.137
6 2 4 2.643 -1.395     1.882
6 3 4 1.742 0.594     2.059
6 4 4 0.638 0.688     2.394
6 5 4 1.283 -0.291     2.262
6 6 4 0.231 -0.130     2.160
6 7 4 -1.310 -0.104     1.716
6 8 4 1.169 -1.432     1.707
6 9 4 1.044 -0.932     1.782
6 10 4 -0.680 -0.302     2.011
6 1 5 3.086 -3.619     1.329
6 2 5 1.513 -0.994     2.127
6 3 5 0.695 0.797     2.312
6 4 5 -0.378 1.000     2.278
6 5 5 0.487 -0.432     2.146
6 6 5 0.591 -0.776     1.953
6 7 5 -1.086 0.276     1.788
6 8 5 0.888 -0.822     1.845
6 9 5 1.247 -1.156     1.679
6 10 5 -0.586 -0.614     1.977
6 1 6 1.705 -3.156     1.278
6 2 6 1.195 -1.625     2.037
6 3 6 0.471 -0.260     2.407
6 4 6 -0.743 -0.468     2.089
6 5 6 0.174 -1.474     1.850
6 6 6 0.882 -1.224     1.871
6 7 6 -0.196 -0.817     1.841
6 8 6 0.809 -0.109     2.038
6 9 6 1.372 -0.911     1.633
6 10 6 -0.065 -0.609     2.002
6 1 7 0.778 -2.114     1.779
6 2 7 1.169 -2.213     2.013
6 3 7 0.101 -1.937     2.179
6 4 7 -0.654 -1.765     1.837
6 5 7 1.158 -1.224     1.986
6 6 7 1.237 -1.161     1.883
6 7 7 0.622 -1.520     1.694
6 8 7 1.231 -0.369     1.819
6 9 7 0.945 -0.760     1.740
6 10 7 0.424 -0.588     1.934
6 1 8 0.289 -2.703     1.661
6 2 8 0.440 -2.932     2.082
6 3 8 -0.612 -1.890     2.062
6 4 8 -0.112 -0.671     2.021
6 5 8 1.783 -0.224     2.031
6 6 8 1.205 -0.776     2.006
6 7 8 0.987 -0.911     1.792
6 8 8 1.492 -0.791     1.638
6 9 8 0.888 -0.562     1.791
6 10 8 0.367 -0.744     1.885
6 1 9 -0.128 -3.000     0.650
6 2 9 0.596 -3.255     1.008
6 3 9 -0.149 -1.640     1.173
6 4 9 -0.019 -0.375     1.008
6 5 9 1.231 -0.843     1.156
6 6 9 0.882 -0.656     0.995
6 7 9 1.132 -0.333     0.835
6 8 9 1.450 -0.130     0.742
6 9 9 0.346 -0.171     0.961
6 10 9 -0.394 -0.880     0.854
7 1 1 3.337 -5.564     0.869
7 2 1 2.243 -3.308     1.761
7 3 1 1.128 -1.876     2.216
7 4 1 2.003 -1.173     2.149
7 5 1 2.045 1.150     2.053
7 6 1 0.852 1.582     2.354
7 7 1 2.024 -0.287     2.356
7 8 1 2.394 0.640     2.308
7 9 1 2.134 0.395     2.367
7 10 1 2.144 -0.439     2.213
7 1 2 3.394 -5.246     0.920
7 2 2 1.993 -2.402     2.036
7 3 2 1.722 -0.918     2.345
7 4 2 2.269 -0.485     2.102
7 5 2 1.889 -0.803     2.199
7 6 2 0.238 -0.079     2.796
7 7 2 0.894 -1.017     2.232
7 8 2 1.852 -0.470     2.202
7 9 2 1.066 0.660     2.536
7 10 2 1.222 0.249     2.444
7 1 3 3.883 -4.537     1.000
7 2 3 2.670 -1.860     2.015
7 3 3 2.144 -0.001     2.142
7 4 3 1.649 0.020     2.405
7 5 3 1.144 -1.371     2.453
7 6 3 -0.064 -0.428     2.558
7 7 3 -0.564 -1.194     2.096
7 8 3 1.009 -1.444     2.027
7 9 3 0.732 -0.027     2.375
7 10 3 0.186 0.181     2.596
7 1 4 3.482 -3.298     1.140
7 2 4 2.342 -1.386     2.044
7 3 4 1.696 0.332     2.319
7 4 4 0.555 0.535     2.757
7 5 4 0.873 -0.668     2.593
7 6 4 0.113 -0.360     2.564
7 7 4 -1.340 -0.616     2.004
7 8 4 0.696 -1.543     1.967
7 9 4 0.925 -0.850     2.099
7 10 4 -0.314 -0.366     2.399
7 1 5 2.628 -3.199     1.364
7 2 5 1.347 -1.324     2.366
7 3 5 0.988 0.020     2.651
7 4 5 0.040 0.400     2.679
7 5 5 0.368 -0.871     2.488
7 6 5 0.368 -1.142     2.267
7 7 5 -1.117 -0.423     2.103
7 8 5 0.524 -1.017     2.154
7 9 5 1.186 -1.058     1.966
7 10 5 -0.252 -0.746     2.334
7 1 6 1.160 -3.329     1.312
7 2 6 0.831 -2.272     2.227
7 3 6 0.670 -1.376     2.684
7 4 6 -0.236 -1.616     2.352
7 5 6 0.128 -2.230     2.055
7 6 6 0.618 -1.840     2.112
7 7 6 -0.200 -1.204     2.152
7 8 6 0.634 -0.142     2.401
7 9 6 1.331 -0.756     1.924
7 10 6 0.160 -0.756     2.368
7 1 7 0.347 -2.881     1.839
7 2 7 0.774 -2.991     2.128
7 3 7 0.149 -2.944     2.297
7 4 7 -0.361 -3.084     1.961
7 5 7 1.071 -2.303     2.156
7 6 7 1.227 -1.746     2.102
7 7 7 0.753 -1.501     1.955
7 8 7 1.134 -0.220     2.146
7 9 7 0.941 -0.626     2.063
7 10 7 0.535 -0.751     2.285
7 1 8 0.133 -3.574     1.671
7 2 8 0.399 -3.558     2.137
7 3 8 -0.434 -2.543     2.219
7 4 8 0.113 -1.537     2.287
7 5 8 2.087 -0.965     2.225
7 6 8 1.686 -1.084     2.239
7 7 8 1.165 -0.850     2.078
7 8 8 1.415 -0.595     1.931
7 9 8 0.936 -0.548     2.123
7 10 8 0.592 -0.959     2.209
7 1 9 -0.007 -3.558     0.505
7 2 9 0.805 -3.595     0.926
7 3 9 0.175 -1.944     1.177
7 4 9 0.462 -0.709     1.078
7 5 9 1.873 -1.142     1.137
7 6 9 1.498 -0.824     1.018
7 7 9 1.259 -0.277     0.872
7 8 9 1.410 -0.037     0.792
7 9 9 0.581 -0.277     1.042
7 10 9 0.061 -1.225     0.905
8 1 1 4.067 -5.787     0.831
8 2 1 2.963 -3.756     1.806
8 3 1 1.885 -2.115     2.388
8 4 1 2.739 -1.319     2.283
8 5 1 2.599 1.207     2.247
8 6 1 1.494 1.629     2.582
8 7 1 2.708 -0.261     2.523
8 8 1 3.187 0.822     2.405
8 9 1 3.218 0.890     2.453
8 10 1 3.307 0.431     2.333
8 1 2 4.140 -5.391     0.875
8 2 2 2.786 -2.720     2.106
8 3 2 2.489 -1.131     2.515
8 4 2 3.041 -0.683     2.236
8 5 2 2.593 -0.641     2.411
8 6 2 1.078 0.051     3.149
8 7 2 2.015 -1.246     2.436
8 8 2 3.067 -0.501     2.328
8 9 2 2.234 1.348     2.706
8 10 2 2.286 1.416     2.617
8 1 3 4.578 -4.714     0.956
8 2 3 3.416 -2.053     2.001
8 3 3 2.885 -0.209     2.306
8 4 3 2.442 -0.141     2.596
8 5 3 1.932 -1.173     2.653
8 6 3 0.817 -0.214     2.937
8 7 3 0.869 -1.438     2.378
8 8 3 2.494 -1.626     2.187
8 9 3 1.765 0.562     2.648
8 10 3 0.932 1.473     2.879
8 1 4 4.104 -3.725     1.104
8 2 4 2.942 -1.563     2.177
8 3 4 2.276 0.145     2.532
8 4 4 1.250 0.306     3.082
8 5 4 1.671 -0.595     2.851
8 6 4 1.020 0.015     2.928
8 7 4 0.182 -0.329     2.425
8 8 4 2.182 -1.631     2.154
8 9 4 1.791 -0.579     2.397
8 10 4 0.156 0.546     2.832
8 1 5 3.244 -3.647     1.356
8 2 5 1.948 -1.490     2.557
8 3 5 1.463 -0.027     2.952
8 4 5 0.609 0.317     3.082
8 5 5 1.224 -0.756     2.789
8 6 5 1.442 -0.610     2.569
8 7 5 0.494 0.192     2.524
8 8 5 2.041 -1.157     2.364
8 9 5 1.958 -1.162     2.229
8 10 5 0.026 -0.251     2.806
8 1 6 1.864 -3.584     1.340
8 2 6 1.505 -2.287     2.388
8 3 6 1.104 -1.126     2.985
8 4 6 0.328 -1.168     2.695
8 5 6 1.031 -1.751     2.303
8 6 6 1.770 -1.397     2.340
8 7 6 1.276 -0.964     2.456
8 8 6 1.979 -0.740     2.639
8 9 6 1.974 -1.095     2.183
8 10 6 0.229 -0.355     2.821
8 1 7 1.036 -2.902     1.869
8 2 7 1.463 -2.855     2.255
8 3 7 0.750 -2.563     2.481
8 4 7 0.286 -2.392     2.187
8 5 7 1.765 -1.772     2.351
8 6 7 2.093 -1.626     2.300
8 7 7 1.890 -1.892     2.155
8 8 7 2.213 -1.016     2.374
8 9 7 1.447 -0.964     2.370
8 10 7 0.390 -0.298     2.736
8 1 8 0.776 -3.438     1.678
8 2 8 1.026 -3.386     2.233
8 3 8 0.208 -2.282     2.445
8 4 8 0.666 -1.173     2.618
8 5 8 2.395 -0.824     2.422
8 6 8 2.182 -1.313     2.438
8 7 8 2.062 -1.506     2.287
8 8 8 2.302 -1.308     2.145
8 9 8 1.276 -0.746     2.459
8 10 8 0.302 -0.459     2.650
8 1 9 0.515 -3.475     0.369
8 2 9 1.359 -3.496     0.873
8 3 9 0.677 -1.766     1.212
8 4 9 0.859 -0.480     1.169
8 5 9 2.125 -1.115     1.135
8 6 9 1.932 -1.105     1.039
8 7 9 2.000 -0.985     0.897
8 8 9 1.989 -0.683     0.836
8 9 9 0.635 -0.324     1.155
8 10 9 -0.297 -0.584     1.028
9 1 1 3.416 -4.437     0.801
9 2 1 2.927 -2.615     1.842
9 3 1 2.172 -1.427     2.483
9 4 1 2.453 -0.641     2.391
9 5 1 2.385 1.615     2.344
9 6 1 2.015 1.547     2.682
9 7 1 3.114 -0.042     2.550
9 8 1 3.484 0.693     2.388
9 9 1 3.552 0.620     2.412
9 10 1 3.547 0.333     2.319
9 1 2 3.448 -4.208     0.839
9 2 2 2.755 -2.073     2.107
9 3 2 2.583 -0.943     2.589
9 4 2 2.625 -0.443     2.340
9 5 2 2.172 0.136     2.570
9 6 2 1.526 0.771     3.323
9 7 2 2.692 -0.370     2.508
9 8 2 3.385 -0.198     2.323
9 9 2 2.599 1.156     2.741
9 10 2 2.677 1.193     2.645
9 1 3 3.890 -3.828     0.912
9 2 3 3.265 -1.734     1.924
9 3 3 2.828 -0.328     2.391
9 4 3 2.354 -0.078     2.710
9 5 3 1.875 -0.354     2.817
9 6 3 1.213 0.781     3.155
9 7 3 1.541 -0.260     2.588
9 8 3 2.849 -0.927     2.247
9 9 3 1.932 0.667     2.801
9 10 3 1.078 1.354     3.066
9 1 4 3.536 -3.068     1.060
9 2 4 2.765 -1.307     2.229
9 3 4 2.302 0.073     2.651
9 4 4 1.547 0.432     3.277
9 5 4 1.739 0.089     3.026
9 6 4 1.145 0.875     3.156
9 7 4 0.656 0.750     2.707
9 8 4 2.505 -0.766     2.256
9 9 4 1.755 -0.172     2.599
9 10 4 -0.026 0.870     3.149
9 1 5 2.880 -2.844     1.337
9 2 5 1.833 -1.016     2.697
9 3 5 1.526 0.297     3.150
9 4 5 0.942 0.677     3.349
9 5 5 1.270 -0.094     3.041
9 6 5 1.265 0.344     2.831
9 7 5 0.505 1.339     2.769
9 8 5 2.119 -0.141     2.516
9 9 5 1.802 -0.536     2.429
9 10 5 -0.282 0.427     3.174
9 1 6 1.828 -2.578     1.357
9 2 6 1.494 -1.281     2.557
9 3 6 1.083 -0.120     3.268
9 4 6 0.395 -0.333     3.053
9 5 6 0.974 -0.995     2.550
9 6 6 1.380 -0.250     2.587
9 7 6 0.671 0.375     2.778
9 8 6 1.640 0.490     2.833
9 9 6 1.734 -0.385     2.389
9 10 6 -0.141 0.287     3.207
9 1 7 1.203 -1.781     1.923
9 2 7 1.474 -1.432     2.440
9 3 7 0.557 -1.036     2.759
9 4 7 -0.032 -1.312     2.448
9 5 7 1.401 -1.057     2.553
9 6 7 1.416 -0.755     2.519
9 7 7 0.953 -0.750     2.430
9 8 7 1.458 0.135     2.618
9 9 7 0.890 -0.271     2.671
9 10 7 -0.058 0.208     3.143
9 1 8 0.885 -2.266     1.724
9 2 8 0.937 -2.016     2.395
9 3 8 -0.042 -1.052     2.741
9 4 8 0.203 -0.521     2.964
9 5 8 1.729 -0.448     2.627
9 6 8 1.291 -0.922     2.667
9 7 8 1.010 -0.812     2.548
9 8 8 1.265 -0.489     2.400
9 9 8 0.479 -0.193     2.815
9 10 8 -0.329 0.099     3.028
9 1 9 0.489 -2.641     0.285
9 2 9 1.062 -2.614     0.859
9 3 9 0.312 -1.161     1.269
9 4 9 0.229 -0.318     1.284
9 5 9 1.255 -1.052     1.173
9 6 9 0.942 -1.021     1.097
9 7 9 0.932 -0.599     0.972
9 8 9 0.885 -0.177     0.917
9 9 9 -0.245 0.073     1.272
9 10 9 -1.016 0.104     1.098
10 1 1 2.980 -4.797     0.791
10 2 1 2.355 -2.307     1.936
10 3 1 1.579 -1.026     2.663
10 4 1 2.172 -0.349     2.535
10 5 1 2.323 1.573     2.446
10 6 1 1.693 1.515     2.803
10 7 1 2.599 -0.177     2.642
10 8 1 2.855 0.672     2.464
10 9 1 2.756 0.557     2.497
10 10 1 2.678 0.307     2.430
10 1 2 2.964 -4.521     0.826
10 2 2 2.053 -1.787     2.185
10 3 2 1.980 -0.516     2.744
10 4 2 2.125 -0.058     2.501
10 5 2 1.709 0.041     2.769
10 6 2 0.938 0.588     3.607
10 7 2 2.063 -0.604     2.644
10 8 2 2.782 -0.224     2.414
10 9 2 1.891 1.114     2.884
10 10 2 2.042 1.146     2.774
10 1 3 3.287 -4.000     0.906
10 2 3 2.422 -1.563     1.955
10 3 3 2.131 0.088     2.546
10 4 3 1.500 0.198     2.941
10 5 3 0.995 -0.495     3.097
10 6 3 0.386 0.583     3.510
10 7 3 0.719 -0.563     2.899
10 8 3 2.235 -1.125     2.374
10 9 3 1.417 0.531     3.027
10 10 3 0.667 1.234     3.308
10 1 4 2.995 -3.110     1.062
10 2 4 2.037 -1.229     2.345
10 3 4 1.537 0.469     2.856
10 4 4 0.537 0.620     3.610
10 5 4 0.974 -0.005     3.323
10 6 4 0.506 0.604     3.497
10 7 4 -0.218 0.370     3.094
10 8 4 1.954 -1.172     2.398
10 9 4 1.417 -0.464     2.840
10 10 4 -0.265 0.693     3.492
10 1 5 2.532 -3.125     1.338
10 2 5 1.297 -1.120     2.885
10 3 5 0.870 0.547     3.439
10 4 5 0.047 0.838     3.676
10 5 5 0.631 -0.297     3.392
10 6 5 0.917 -0.214     3.139
10 7 5 -0.093 0.786     3.097
10 8 5 1.662 -0.651     2.711
10 9 5 1.526 -0.906     2.638
10 10 5 -0.458 0.250     3.553
10 1 6 1.563 -3.313     1.334
10 2 6 1.110 -1.781     2.721
10 3 6 0.714 -0.182     3.622
10 4 6 -0.171 -0.406     3.448
10 5 6 0.495 -1.401     2.779
10 6 6 1.204 -0.974     2.810
10 7 6 0.490 -0.334     3.137
10 8 6 1.422 0.026     3.078
10 9 6 1.558 -0.740     2.607
10 10 6 -0.270 0.094     3.625
10 1 7 0.891 -2.917     1.910
10 2 7 1.157 -2.375     2.549
10 3 7 0.386 -1.557     2.978
10 4 7 -0.187 -1.610     2.666
10 5 7 1.365 -1.334     2.727
10 6 7 1.521 -1.156     2.701
10 7 7 1.094 -1.271     2.640
10 8 7 1.553 -0.240     2.848
10 9 7 0.875 -0.599     2.968
10 10 7 -0.166 -0.037     3.576
10 1 8 0.636 -3.766     1.652
10 2 8 0.724 -3.255     2.421
10 3 8 -0.182 -1.735     2.942
10 4 8 0.271 -0.672     3.298
10 5 8 1.995 -0.391     2.790
10 6 8 1.605 -0.948     2.854
10 7 8 1.355 -1.005     2.762
10 8 8 1.568 -0.724     2.613
10 9 8 0.506 -0.396     3.174
10 10 8 -0.437 -0.167     3.411
10 1 9 0.485 -3.964     0.159
10 2 9 1.136 -3.724     0.772
10 3 9 0.282 -1.724     1.284
10 4 9 0.318 -0.328     1.384
10 5 9 1.521 -0.912     1.186
10 6 9 1.235 -0.886     1.129
10 7 9 1.323 -0.573     1.011
10 8 9 1.235 -0.224     0.968
10 9 9 -0.161 0.005     1.401
10 10 9 -1.073 -0.146     1.162
11 1 1 2.778 -4.237     0.777
11 2 1 1.690 -2.039     2.011
11 3 1 0.315 -1.320     2.851
11 4 1 1.237 -0.831     2.706
11 5 1 2.080 0.534     2.547
11 6 1 0.955 1.127     2.966
11 7 1 1.018 -0.263     2.868
11 8 1 1.080 0.091     2.686
11 9 1 1.252 -1.300     2.624
11 10 1 1.632 -2.570     2.412
11 1 2 2.799 -3.982     0.811
11 2 2 1.669 -1.748     2.190
11 3 2 1.096 -0.482     2.953
11 4 2 1.341 0.096     2.687
11 5 2 1.299 -0.956     2.876
11 6 2 0.002 -1.050     3.832
11 7 2 0.018 -2.274     2.699
11 8 2 0.731 -2.383     2.460
11 9 2 0.627 -2.763     2.858
11 10 2 1.039 -3.492     2.644
11 1 3 3.106 -3.471     0.897
11 2 3 2.315 -1.581     1.917
11 3 3 1.789 0.331     2.672
11 4 3 0.627 0.440     3.208
11 5 3 -0.487 -1.998     3.169
11 6 3 -1.269 -2.367     3.447
11 7 3 -1.295 -3.680     2.685
11 8 3 0.309 -4.419     2.195
11 9 3 0.820 -4.326     2.735
11 10 3 0.789 -4.362     2.988
11 1 4 2.669 -2.623     1.063
11 2 4 2.018 -1.195     2.357
11 3 4 1.565 0.351     3.000
11 4 4 -0.524 0.028     3.931
11 5 4 -1.467 -2.206     3.286
11 6 4 -1.696 -2.961     3.323
11 7 4 -1.915 -3.768     2.804
11 8 4 0.283 -4.914     2.123
11 9 4 1.268 -4.992     2.481
11 10 4 0.815 -4.763     3.064
11 1 5 1.919 -2.586     1.374
11 2 5 1.080 -1.117     3.033
11 3 5 0.554 -0.347     3.731
11 4 5 -1.498 -0.987     3.766
11 5 5 -2.118 -2.945     3.183
11 6 5 -1.477 -3.831     2.886
11 7 5 -1.790 -3.789     2.828
11 8 5 0.148 -4.711     2.398
11 9 5 1.570 -5.029     2.302
11 10 5 1.080 -4.794     3.096
11 1 6 0.434 -2.664     1.351
11 2 6 0.164 -1.992     2.817
11 3 6 -0.717 -1.831     3.681
11 4 6 -2.685 -2.992     3.154
11 5 6 -2.430 -4.123     2.467
11 6 6 -1.118 -4.211     2.564
11 7 6 -1.217 -4.404     2.795
11 8 6 0.158 -4.169     2.805
11 9 6 1.710 -4.831     2.284
11 10 6 1.429 -4.732     3.137
11 1 7 -0.409 -2.263     1.953
11 2 7 -0.336 -2.638     2.572
11 3 7 -1.967 -3.258     2.807
11 4 7 -3.602 -4.091     2.286
11 5 7 -1.946 -3.836     2.467
11 6 7 -0.826 -3.982     2.506
11 7 7 -0.691 -4.690     2.344
11 8 7 0.544 -4.107     2.620
11 9 7 1.362 -4.654     2.616
11 10 7 1.653 -4.727     3.091
11 1 8 -0.675 -2.732     1.664
11 2 8 -0.941 -3.091     2.389
11 3 8 -2.659 -2.925     2.736
11 4 8 -3.383 -2.617     2.965
11 5 8 -1.717 -2.555     2.713
11 6 8 -1.138 -3.862     2.639
11 7 8 -0.576 -4.555     2.465
11 8 8 0.820 -4.513     2.357
11 9 8 1.382 -4.456     2.811
11 10 8 1.653 -4.727     2.951
11 1 9 -0.852 -2.831     0.080
11 2 9 -0.737 -3.086     0.688
11 3 9 -1.972 -2.248     1.167
11 4 9 -2.956 -1.820     1.210
11 5 9 -2.383 -2.909     1.007
11 6 9 -1.779 -4.154     0.905
11 7 9 -0.409 -4.503     0.791
11 8 9 1.013 -4.268     0.781
11 9 9 1.226 -4.143     1.151
11 10 9 1.164 -4.654     0.921
12 1 1 0.681 -0.621     0.784
12 2 1 -0.199 0.020     2.152
12 3 1 -0.912 0.103     2.897
12 4 1 1.088 0.139     2.731
12 5 1 2.140 0.129     2.470
12 6 1 0.119 1.202     2.981
12 7 1 -0.147 -0.407     3.004
12 8 1 0.119 0.473     2.818
12 9 1 0.181 0.270     2.770
12 10 1 0.546 0.041     2.515
12 1 2 0.572 -0.720     0.821
12 2 2 -0.517 0.145     2.296
12 3 2 -0.433 1.072     2.979
12 4 2 0.770 1.405     2.658
12 5 2 1.437 -0.126     2.833
12 6 2 -0.298 -0.022     4.016
12 7 2 -0.892 -1.053     2.698
12 8 2 0.171 -1.084     2.504
12 9 2 0.041 -0.288     3.022
12 10 2 0.306 -0.131     2.786
12 1 3 0.692 -0.954     0.897
12 2 3 0.072 -0.173     2.070
12 3 3 0.327 1.457     2.654
12 4 3 0.192 1.457     3.199
12 5 3 0.009 -0.262     3.337
12 6 3 -0.907 -0.308     3.520
12 7 3 -1.730 -1.366     2.564
12 8 3 -0.032 -2.100     2.119
12 9 3 0.536 -1.048     2.771
12 10 3 0.239 -0.522     3.106
12 1 4 0.286 -1.319     1.048
12 2 4 0.520 -0.616     2.410
12 3 4 1.207 1.035     2.957
12 4 4 -0.069 1.015     3.994
12 5 4 -0.418 -0.241     3.433
12 6 4 -0.918 -0.600     3.377
12 7 4 -2.063 -1.225     2.652
12 8 4 0.015 -2.288     2.026
12 9 4 1.145 -1.564     2.421
12 10 4 0.400 -0.892     3.123
12 1 5 0.239 -2.006     1.311
12 2 5 0.947 -0.735     3.047
12 3 5 1.676 0.572     3.651
12 4 5 0.046 0.499     3.923
12 5 5 -0.725 -1.022     3.212
12 6 5 -0.647 -1.621     2.837
12 7 5 -1.798 -1.439     2.699
12 8 5 -0.079 -2.126     2.306
12 9 5 1.369 -1.720     2.218
12 10 5 0.546 -1.084     3.123
12 1 6 0.150 -1.652     1.293
12 2 6 1.655 -0.746     2.759
12 3 6 1.546 -0.027     3.659
12 4 6 -0.558 -0.907     3.209
12 5 6 -0.839 -2.116     2.353
12 6 6 -0.199 -2.163     2.477
12 7 6 -0.902 -2.194     2.665
12 8 6 0.213 -1.433     2.801
12 9 6 1.562 -1.631     2.190
12 10 6 0.744 -1.121     3.144
12 1 7 0.218 -0.626     1.982
12 2 7 1.895 -0.652     2.505
12 3 7 0.562 -0.913     2.865
12 4 7 -1.282 -1.496     2.227
12 5 7 0.056 -1.397     2.466
12 6 7 0.530 -1.756     2.465
12 7 7 0.088 -2.433     2.225
12 8 7 0.900 -1.439     2.589
12 9 7 1.166 -1.683     2.542
12 10 7 0.848 -1.209     3.080
12 1 8 0.275 -0.965     1.667
12 2 8 0.947 -1.116     2.398
12 3 8 -0.563 -0.683     2.814
12 4 8 -1.048 0.139     3.007
12 5 8 0.744 0.322     2.787
12 6 8 0.629 -1.137     2.665
12 7 8 0.468 -2.069     2.380
12 8 8 1.260 -1.980     2.252
12 9 8 1.129 -1.678     2.736
12 10 8 0.754 -1.381     2.927
12 1 9 -0.074 -0.881     0.040
12 2 9 0.588 -1.407     0.691
12 3 9 -0.272 -0.485     1.223
12 4 9 -0.803 0.561     1.231
12 5 9 0.145 -0.152     1.083
12 6 9 0.150 -1.178     0.922
12 7 9 0.650 -1.762     0.764
12 8 9 1.442 -1.548     0.743
12 9 9 0.900 -1.329     1.142
12 10 9 0.161 -1.501     0.913
13 1 1 -0.719 3.770     0.643
13 2 1 -0.604 3.332     1.970
13 3 1 0.010 2.473     2.757
13 4 1 1.542 2.306     2.554
13 5 1 2.214 1.629     2.340
13 6 1 1.885 1.301     2.878
13 7 1 2.974 0.150     2.807
13 8 1 3.495 0.816     2.534
13 9 1 3.422 0.738     2.496
13 10 1 3.417 0.514     2.243
13 1 2 -0.443 3.504     0.808
13 2 2 -0.135 3.103     2.109
13 3 2 0.703 2.566     2.934
13 4 2 1.422 2.160     2.642
13 5 2 1.781 1.061     2.792
13 6 2 1.813 0.874     4.030
13 7 2 3.172 0.374     2.605
13 8 2 4.234 0.421     2.304
13 9 2 3.521 1.509     2.808
13 10 2 3.297 1.447     2.597
13 1 3 -0.016 3.238     0.898
13 2 3 0.552 2.785     1.955
13 3 3 1.172 2.504     2.614
13 4 3 1.297 1.780     3.211
13 5 3 1.589 1.186     3.375
13 6 3 1.802 1.520     3.495
13 7 3 2.781 1.191     2.499
13 8 3 4.625 0.900     1.926
13 9 3 3.906 2.093     2.507
13 10 3 2.719 2.322     2.889
13 1 4 -0.005 2.905     1.045
13 2 4 0.656 2.379     2.316
13 3 4 1.177 2.306     2.911
13 4 4 1.125 1.780     3.981
13 5 4 1.875 1.499     3.395
13 6 4 2.000 1.957     3.294
13 7 4 2.484 2.441     2.518
13 8 4 4.776 1.915     1.774
13 9 4 4.073 2.379     2.181
13 10 4 2.042 2.827     2.906
13 1 5 -0.073 2.249     1.351
13 2 5 0.422 2.056     3.076
13 3 5 0.813 2.171     3.615
13 4 5 0.958 1.869     3.912
13 5 5 1.938 1.353     3.196
13 6 5 2.531 2.035     2.729
13 7 5 2.651 3.098     2.492
13 8 5 4.578 2.665     2.000
13 9 5 4.063 2.488     2.000
13 10 5 1.552 2.973     2.934
13 1 6 -0.187 1.863     1.339
13 2 6 0.339 1.816     2.836
13 3 6 0.203 2.046     3.677
13 4 6 0.479 1.514     3.312
13 5 6 2.224 1.499     2.336
13 6 6 3.052 2.415     2.321
13 7 6 3.052 2.895     2.441
13 8 6 4.328 3.494     2.378
13 9 6 3.750 2.624     1.975
13 10 6 1.214 3.046     2.966
13 1 7 -0.141 1.843     2.013
13 2 7 0.229 1.843     2.593
13 3 7 -0.328 1.957     2.925
13 4 7 0.526 1.874     2.308
13 5 7 2.818 2.353     2.317
13 6 7 3.042 2.379     2.313
13 7 7 3.464 2.634     2.046
13 8 7 4.260 3.473     2.213
13 9 7 2.646 2.827     2.371
13 10 7 0.917 3.129     2.908
13 1 8 0.104 1.322     1.753
13 2 8 0.287 1.577     2.519
13 3 8 0.063 2.421     2.810
13 4 8 1.328 2.723     2.890
13 5 8 2.839 2.415     2.601
13 6 8 2.802 1.957     2.553
13 7 8 3.714 2.691     2.145
13 8 8 3.964 3.051     1.996
13 9 8 1.984 3.202     2.553
13 10 8 0.422 3.244     2.764
13 1 9 0.094 1.244     0.141
13 2 9 0.912 1.191     0.851
13 3 9 0.990 1.926     1.335
13 4 9 1.573 1.843     1.312
13 5 9 2.771 1.093     1.139
13 6 9 3.339 1.889     0.949
13 7 9 4.042 2.733     0.753
13 8 9 3.344 3.306     0.753
13 9 9 0.969 3.634     1.144
13 10 9 -0.365 3.467     0.930
14 1 1 0.321 4.247     0.472
14 2 1 0.472 4.206     1.704
14 3 1 1.092 3.523     2.449
14 4 1 1.607 3.351     2.261
14 5 1 1.571 3.232     2.106
14 6 1 1.696 2.607     2.644
14 7 1 2.342 1.805     2.615
14 8 1 2.461 1.612     2.366
14 9 1 2.295 1.226     2.360
14 10 1 1.847 0.914     2.181
14 1 2 0.326 3.831     0.800
14 2 2 0.826 3.758     1.826
14 3 2 1.477 3.247     2.807
14 4 2 1.597 2.841     2.582
14 5 2 1.487 2.586     2.579
14 6 2 1.862 2.393     3.888
14 7 2 2.774 2.206     2.501
14 8 2 2.972 1.857     2.246
14 9 2 2.430 1.825     2.771
14 10 2 2.008 1.341     2.648
14 1 3 0.300 3.310     0.915
14 2 3 1.008 3.122     1.814
14 3 3 1.503 2.778     2.571
14 4 3 1.472 2.216     3.190
14 5 3 1.612 2.341     3.303
14 6 3 2.112 2.518     3.345
14 7 3 3.045 2.596     2.343
14 8 3 3.529 2.310     1.854
14 9 3 2.560 2.351     2.433
14 10 3 1.816 1.877     2.904
14 1 4 0.139 2.633     1.078
14 2 4 0.961 2.341     2.221
14 3 4 1.269 2.174     2.935
14 4 4 1.373 1.846     3.987
14 5 4 1.946 2.195     3.321
14 6 4 2.321 2.497     3.169
14 7 4 3.144 2.898     2.332
14 8 4 3.836 2.596     1.661
14 9 4 2.508 2.508     2.135
14 10 4 1.373 2.315     2.893
14 1 5 0.139 2.008     1.426
14 2 5 0.862 1.851     3.158
14 3 5 0.956 1.737     3.693
14 4 5 1.269 1.674     3.956
14 5 5 2.326 2.081     3.108
14 6 5 2.836 2.669     2.583
14 7 5 3.274 3.023     2.308
14 8 5 3.857 2.815     1.842
14 9 5 2.503 2.487     1.974
14 10 5 1.050 2.565     2.919
14 1 6 0.612 1.888     1.400
14 2 6 0.972 1.872     2.926
14 3 6 0.701 1.737     3.779
14 4 6 1.482 1.976     3.327
14 5 6 2.982 2.690     2.201
14 6 6 3.305 3.180     2.152
14 7 6 3.430 3.180     2.236
14 8 6 3.743 3.237     2.169
14 9 6 2.389 2.435     1.948
14 10 6 0.868 2.721     2.940
14 1 7 1.060 2.065     2.026
14 2 7 1.118 2.101     2.656
14 3 7 0.904 2.268     2.964
14 4 7 2.326 2.976     2.220
14 5 7 3.607 3.409     2.089
14 6 7 3.321 3.278     2.133
14 7 7 3.519 3.430     1.868
14 8 7 3.441 3.372     2.019
14 9 7 1.987 2.622     2.318
14 10 7 0.862 2.872     2.863
14 1 8 1.336 2.148     1.760
14 2 8 1.373 2.419     2.537
14 3 8 1.696 2.935     2.717
14 4 8 3.040 3.388     2.614
14 5 8 3.586 3.086     2.356
14 6 8 3.316 2.992     2.355
14 7 8 3.659 3.560     1.927
14 8 8 3.128 3.383     1.847
14 9 8 1.753 3.138     2.446
14 10 8 0.810 3.127     2.681
14 1 9 1.685 2.221     0.235
14 2 9 1.862 2.534     0.962
14 3 9 2.159 2.815     1.368
14 4 9 3.086 2.685     1.296
14 5 9 3.727 2.471     1.122
14 6 9 3.857 3.034     0.935
14 7 9 3.842 3.518     0.748
14 8 9 2.743 3.497     0.768
14 9 9 1.352 3.502     1.160
14 10 9 0.665 3.565     0.991
15 1 1 0.808 0.592     0.433
15 2 1 0.495 0.509     1.769
15 3 1 0.344 -0.106     2.578
15 4 1 1.438 0.076     2.264
15 5 1 1.693 0.613     2.074
15 6 1 0.797 0.582     2.682
15 7 1 1.542 -0.585     2.567
15 8 1 1.959 0.212     2.297
15 9 1 1.823 0.227     2.300
15 10 1 1.828 -0.226     2.128
15 1 2 0.542 0.477     0.773
15 2 2 0.354 0.519     1.883
15 3 2 0.787 0.462     2.871
15 4 2 1.443 0.446     2.556
15 5 2 1.354 -0.366     2.496
15 6 2 0.438 -0.564     3.984
15 7 2 1.120 -1.101     2.464
15 8 2 2.084 -0.585     2.158
15 9 2 1.485 0.358     2.743
15 10 2 1.271 0.186     2.640
15 1 3 0.610 0.316     0.894
15 2 3 0.797 0.269     1.824
15 3 3 1.120 0.701     2.576
15 4 3 0.880 0.321     3.235
15 5 3 0.662 -0.783     3.343
15 6 3 0.292 -0.507     3.446
15 7 3 0.620 -0.799     2.384
15 8 3 2.068 -0.820     1.775
15 9 3 1.511 0.071     2.408
15 10 3 0.599 0.269     2.982
15 1 4 0.401 0.139     1.074
15 2 4 0.880 -0.116     2.232
15 3 4 1.026 0.436     2.956
15 4 4 0.235 0.076     4.162
15 5 4 0.599 -0.460     3.410
15 6 4 0.505 0.050     3.276
15 7 4 0.334 0.394     2.430
15 8 4 2.042 -0.429     1.591
15 9 4 1.646 -0.293     2.097
15 10 4 0.203 0.108     3.031
15 1 5 0.360 -0.481     1.423
15 2 5 0.792 -0.418     3.220
15 3 5 0.797 0.087     3.762
15 4 5 0.057 -0.028     4.164
15 5 5 0.610 -0.450     3.188
15 6 5 1.047 0.014     2.610
15 7 5 0.558 1.003     2.323
15 8 5 1.813 0.061     1.797
15 9 5 1.662 -0.392     1.939
15 10 5 0.104 0.050     3.073
15 1 6 0.287 -0.877     1.377
15 2 6 0.990 -0.679     2.943
15 3 6 0.755 -0.293     3.849
15 4 6 0.115 -0.543     3.428
15 5 6 0.813 -0.721     2.229
15 6 6 1.432 -0.189     2.137
15 7 6 0.985 0.259     2.265
15 8 6 1.500 0.378     2.143
15 9 6 1.459 -0.294     1.931
15 10 6 0.156 0.154     3.085
15 1 7 0.318 -0.611     2.035
15 2 7 1.156 -0.648     2.660
15 3 7 0.599 -0.642     3.012
15 4 7 0.292 -0.778     2.282
15 5 7 1.386 -0.455     2.092
15 6 7 1.490 -0.340     2.109
15 7 7 1.261 -0.512     1.865
15 8 7 1.401 -0.028     2.016
15 9 7 0.813 -0.205     2.370
15 10 7 0.078 0.222     2.997
15 1 8 0.490 -0.783     1.740
15 2 8 0.839 -0.736     2.568
15 3 8 0.328 -0.314     2.828
15 4 8 0.599 0.024     2.720
15 5 8 1.620 -0.028     2.327
15 6 8 1.365 -0.392     2.343
15 7 8 1.313 -0.481     1.932
15 8 8 1.370 -0.434     1.837
15 9 8 0.542 -0.070     2.531
15 10 8 -0.239 0.201     2.800
15 1 9 0.412 -0.793     0.201
15 2 9 0.854 -0.960     0.977
15 3 9 0.511 -0.205     1.431
15 4 9 0.646 0.191     1.349
15 5 9 1.360 -0.429     1.119
15 6 9 1.240 -0.398     0.938
15 7 9 1.297 -0.283     0.749
15 8 9 1.130 -0.137     0.776
15 9 9 0.052 0.154     1.235
15 10 9 -0.812 0.201     1.020
16 1 1 -1.671 3.858     0.352
16 2 1 -1.317 2.874     1.653
16 3 1 -0.561 1.952     2.535
16 4 1 0.725 1.639     2.271
16 5 1 0.907 0.936     2.121
16 6 1 0.413 1.025     2.733
16 7 1 1.611 -0.126     2.559
16 8 1 2.282 0.421     2.221
16 9 1 2.178 0.327     2.229
16 10 1 1.892 0.098     2.030
16 1 2 -1.634 3.603     0.744
16 2 2 -0.988 2.744     1.667
16 3 2 -0.025 2.191     2.901
16 4 2 0.506 1.770     2.630
16 5 2 0.423 0.348     2.706
16 6 2 0.121 0.301     4.285
16 7 2 1.308 -0.100     2.601
16 8 2 2.605 0.155     2.137
16 9 2 2.262 0.848     2.726
16 10 2 1.824 0.775     2.610
16 1 3 -1.567 3.124     0.884
16 2 3 -0.671 2.280     1.754
16 3 3 0.053 1.952     2.644
16 4 3 0.012 1.296     3.371
16 5 3 0.053 0.426     3.612
16 6 3 0.121 0.712     3.669
16 7 3 0.965 0.645     2.540
16 8 3 2.777 0.577     1.783
16 9 3 2.512 1.332     2.358
16 10 3 1.407 1.374     2.944
16 1 4 -1.811 2.509     1.060
16 2 4 -0.686 1.608     2.186
16 3 4 -0.030 1.337     3.093
16 4 4 -0.264 0.936     4.351
16 5 4 0.376 0.707     3.624
16 6 4 0.595 1.082     3.430
16 7 4 0.918 1.665     2.499
16 8 4 2.829 1.290     1.582
16 9 4 2.532 1.535     2.060
16 10 4 0.897 1.676     3.006
16 1 5 -1.968 1.660     1.442
16 2 5 -0.718 1.040     3.368
16 3 5 -0.228 0.931     3.965
16 4 5 -0.327 0.712     4.390
16 5 5 0.663 0.452     3.400
16 6 5 1.392 1.025     2.706
16 7 5 1.361 2.014     2.348
16 8 5 2.694 1.738     1.766
16 9 5 2.335 1.535     1.928
16 10 5 0.444 1.743     3.053
16 1 6 -1.473 1.348     1.412
16 2 6 -0.212 0.858     3.142
16 3 6 -0.311 0.910     4.049
16 4 6 -0.311 0.577     3.665
16 5 6 1.178 0.592     2.374
16 6 6 2.090 1.379     2.159
16 7 6 1.975 1.697     2.273
16 8 6 2.512 2.145     2.090
16 9 6 1.959 1.514     1.946
16 10 6 0.168 1.728     3.075
16 1 7 -1.014 1.754     2.074
16 2 7 -0.035 1.384     2.792
16 3 7 -0.442 1.363     3.140
16 4 7 0.069 1.405     2.415
16 5 7 1.892 1.681     2.111
16 6 7 2.152 1.749     2.111
16 7 7 2.220 1.645     1.880
16 8 7 2.444 2.040     1.966
16 9 7 1.272 1.551     2.416
16 10 7 -0.014 1.733     2.992
16 1 8 -0.692 1.947     1.782
16 2 8 -0.171 1.858     2.639
16 3 8 -0.098 2.087     2.873
16 4 8 0.767 2.415     2.701
16 5 8 1.923 2.098     2.299
16 6 8 1.824 1.556     2.381
16 7 8 2.147 1.853     1.952
16 8 8 2.277 1.863     1.824
16 9 8 0.970 1.858     2.559
16 10 8 -0.327 1.754     2.790
16 1 9 -0.473 2.441     0.278
16 2 9 0.126 2.061     1.082
16 3 9 0.496 1.900     1.533
16 4 9 0.954 1.790     1.440
16 5 9 1.595 1.077     1.234
16 6 9 1.808 1.249     1.042
16 7 9 2.236 1.869     0.818
16 8 9 1.959 2.191     0.813
16 9 9 0.366 2.254     1.287
16 10 9 -0.822 1.895     1.030
17 1 1 -1.157 2.792     0.294
17 2 1 -0.902 2.324     1.569
17 3 1 -0.542 1.704     2.465
17 4 1 0.411 1.292     2.262
17 5 1 0.718 0.423     2.179
17 6 1 0.161 0.454     2.824
17 7 1 0.765 -0.380     2.601
17 8 1 0.989 0.188     2.249
17 9 1 0.739 -0.187     2.278
17 10 1 0.651 -0.926     1.990
17 1 2 -1.162 2.485     0.743
17 2 2 -0.657 2.204     1.488
17 3 2 -0.224 1.881     2.888
17 4 2 -0.037 1.396     2.685
17 5 2 0.119 0.120     2.931
17 6 2 -0.178 -0.150     4.551
17 7 2 0.458 -0.609     2.730
17 8 2 1.187 -0.333     2.201
17 9 2 0.640 -0.078     2.878
17 10 2 0.463 -0.739     2.686
17 1 3 -1.245 1.995     0.901
17 2 3 -0.480 1.594     1.756
17 3 3 -0.110 1.386     2.694
17 4 3 -0.412 0.792     3.501
17 5 3 -0.360 0.089     3.827
17 6 3 -0.448 0.136     3.874
17 7 3 -0.079 -0.234     2.735
17 8 3 1.302 -0.369     1.849
17 9 3 0.968 -0.067     2.467
17 10 3 0.260 -0.703     3.042
17 1 4 -1.500 1.516     1.074
17 2 4 -0.474 1.110     2.182
17 3 4 0.010 0.787     3.228
17 4 4 -0.381 0.386     4.559
17 5 4 -0.115 0.199     3.863
17 6 4 -0.412 0.412     3.612
17 7 4 -0.417 0.542     2.641
17 8 4 1.401 -0.067     1.644
17 9 4 1.338 -0.192     2.128
17 10 4 0.296 -0.744     3.097
17 1 5 -1.443 1.157     1.473
17 2 5 -0.391 0.891     3.488
17 3 5 -0.021 0.547     4.159
17 4 5 -0.256 0.225     4.639
17 5 5 0.249 -0.015     3.628
17 6 5 0.291 0.303     2.887
17 7 5 -0.094 0.813     2.473
17 8 5 1.260 0.173     1.844
17 9 5 1.484 -0.333     1.982
17 10 5 0.463 -0.723     3.136
17 1 6 -1.141 1.396     1.439
17 2 6 -0.136 0.928     3.270
17 3 6 -0.183 0.605     4.233
17 4 6 -0.256 0.167     3.892
17 5 6 0.661 0.157     2.509
17 6 6 1.036 0.365     2.254
17 7 6 0.536 0.308     2.419
17 8 6 1.145 0.459     2.172
17 9 6 1.453 -0.442     1.996
17 10 6 0.682 -0.666     3.144
17 1 7 -0.834 1.803     2.052
17 2 7 -0.292 1.240     2.864
17 3 7 -0.485 0.881     3.249
17 4 7 -0.105 0.725     2.550
17 5 7 1.098 0.771     2.174
17 6 7 1.098 0.318     2.200
17 7 7 0.973 -0.046     1.983
17 8 7 1.286 0.199     2.044
17 9 7 1.151 -0.499     2.491
17 10 7 0.874 -0.718     3.042
17 1 8 -0.641 1.928     1.765
17 2 8 -0.511 1.506     2.680
17 3 8 -0.459 1.287     2.928
17 4 8 0.223 1.261     2.772
17 5 8 1.010 0.725     2.375
17 6 8 0.869 -0.062     2.500
17 7 8 1.083 -0.057     2.047
17 8 8 1.385 -0.182     1.892
17 9 8 1.109 -0.421     2.644
17 10 8 0.838 -0.833     2.830
17 1 9 -0.584 2.256     0.294
17 2 9 -0.417 1.714     1.120
17 3 9 -0.209 1.084     1.613
17 4 9 0.223 0.745     1.544
17 5 9 0.812 0.063     1.334
17 6 9 0.984 -0.176     1.128
17 7 9 1.296 -0.025     0.881
17 8 9 1.260 -0.078     0.884
17 9 9 0.692 -0.312     1.396
17 10 9 0.432 -0.864     1.077
18 1 1 0.773 -0.507     0.277
18 2 1 0.701 -0.544     1.650
18 3 1 0.826 -0.429     2.565
18 4 1 1.586 -0.216     2.278
18 5 1 1.857 -0.085     2.175
18 6 1 1.576 0.211     2.815
18 7 1 2.414 -0.684     2.485
18 8 1 2.466 0.185     2.151
18 9 1 1.992 0.456     2.221
18 10 1 1.659 0.435     1.983
18 1 2 0.706 -0.262     0.736
18 2 2 0.711 -0.252     1.531
18 3 2 1.206 -0.111     2.946
18 4 2 1.685 -0.111     2.669
18 5 2 1.815 -0.492     2.708
18 6 2 1.419 -0.226     4.541
18 7 2 2.169 -0.700     2.628
18 8 2 2.716 -0.289     2.014
18 9 2 1.789 0.961     2.799
18 10 2 1.336 1.008     2.657
18 1 3 0.810 -0.122     0.895
18 2 3 1.039 -0.153     1.766
18 3 3 1.466 0.097     2.716
18 4 3 1.617 -0.117     3.475
18 5 3 1.701 -0.403     3.768
18 6 3 1.331 0.128     3.886
18 7 3 1.617 -0.137     2.710
18 8 3 2.815 -0.273     1.733
18 9 3 1.867 1.008     2.388
18 10 3 0.638 1.269     3.043
18 1 4 0.716 0.019     1.075
18 2 4 1.096 -0.070     2.158
18 3 4 1.440 0.279     3.226
18 4 4 1.326 0.165     4.573
18 5 4 1.794 -0.007     3.789
18 6 4 1.503 0.545     3.589
18 7 4 1.310 0.987     2.619
18 8 4 2.805 0.336     1.534
18 9 4 1.888 0.779     2.068
18 10 4 0.060 1.227     3.126
18 1 5 0.763 -0.164     1.479
18 2 5 1.034 0.071     3.561
18 3 5 1.185 0.508     4.182
18 4 5 1.050 0.399     4.694
18 5 5 1.659 -0.007     3.586
18 6 5 1.878 0.618     2.824
18 7 5 1.451 1.659     2.398
18 8 5 2.555 0.935     1.736
18 9 5 1.794 0.659     1.939
18 10 5 -0.195 1.154     3.169
18 1 6 0.784 -0.216     1.459
18 2 6 1.112 0.128     3.323
18 3 6 0.810 0.571     4.322
18 4 6 0.643 0.196     4.025
18 5 6 1.742 0.081     2.479
18 6 6 2.237 0.826     2.172
18 7 6 1.789 1.211     2.339
18 8 6 2.206 1.430     2.063
18 9 6 1.534 0.800     1.966
18 10 6 -0.232 1.175     3.176
18 1 7 0.862 0.133     2.064
18 2 7 1.034 0.352     2.924
18 3 7 0.305 0.571     3.379
18 4 7 0.513 0.503     2.656
18 5 7 2.122 0.826     2.111
18 6 7 2.221 0.784     2.121
18 7 7 2.018 0.649     1.930
18 8 7 2.034 1.227     1.961
18 9 7 0.721 0.977     2.517
18 10 7 -0.315 1.269     3.062
18 1 8 0.971 0.253     1.749
18 2 8 0.898 0.446     2.751
18 3 8 0.404 1.019     2.983
18 4 8 1.024 1.321     2.768
18 5 8 2.148 1.123     2.280
18 6 8 1.914 0.529     2.452
18 7 8 1.992 0.639     1.996
18 8 8 1.794 0.826     1.847
18 9 8 0.289 1.154     2.674
18 10 8 -0.659 1.258     2.833
18 1 9 0.773 0.576     0.240
18 2 9 1.149 0.441     1.135
18 3 9 0.940 0.894     1.614
18 4 9 1.154 0.915     1.525
18 5 9 1.925 0.264     1.284
18 6 9 1.987 0.430     1.075
18 7 9 1.951 0.795     0.821
18 8 9 1.232 1.008     0.849
18 9 9 -0.367 1.326     1.378
18 10 9 -1.180 1.300     1.036
19 1 1 1.310 1.349     0.205
19 2 1 1.195 0.891     1.698
19 3 1 1.602 0.401     2.595
19 4 1 2.346 0.500     2.218
19 5 1 2.305 1.230     2.113
19 6 1 2.174 1.079     2.739
19 7 1 2.945 0.412     2.354
19 8 1 3.227 0.912     2.041
19 9 1 3.466 0.865     2.070
19 10 1 3.549 0.693     1.851
19 1 2 1.216 1.167     0.675
19 2 2 1.336 0.693     1.441
19 3 2 2.003 0.506     2.932
19 4 2 2.560 0.276     2.596
19 5 2 2.534 0.266     2.322
19 6 2 2.393 0.610     4.382
19 7 2 3.164 0.407     2.461
19 8 2 3.586 0.688     1.789
19 9 2 3.200 1.547     2.618
19 10 2 3.128 1.495     2.484
19 1 3 1.154 0.844     0.850
19 2 3 1.513 0.407     1.743
19 3 3 2.117 0.401     2.691
19 4 3 2.456 0.026     3.374
19 5 3 2.607 -0.010     3.620
19 6 3 2.549 0.683     3.737
19 7 3 3.133 0.641     2.522
19 8 3 4.049 0.698     1.584
19 9 3 3.232 1.829     2.204
19 10 3 2.299 2.042     2.894
19 1 4 0.914 0.573     1.046
19 2 4 1.492 0.198     2.053
19 3 4 1.987 0.266     3.190
19 4 4 2.128 0.063     4.489
19 5 4 2.747 0.188     3.623
19 6 4 2.711 0.834     3.436
19 7 4 3.091 1.323     2.443
19 8 4 4.409 1.099     1.363
19 9 4 3.268 1.802     1.911
19 10 4 1.513 2.235     3.027
19 1 5 0.852 0.287     1.475
19 2 5 1.440 0.261     3.607
19 3 5 1.768 0.344     4.159
19 4 5 2.034 0.204     4.614
19 5 5 2.878 0.266     3.427
19 6 5 3.154 1.068     2.651
19 7 5 3.200 1.922     2.223
19 8 5 4.372 1.636     1.537
19 9 5 3.315 1.756     1.783
19 10 5 1.138 2.323     3.079
19 1 6 1.060 0.329     1.422
19 2 6 1.549 0.459     3.353
19 3 6 1.539 0.526     4.344
19 4 6 2.003 0.349     3.976
19 5 6 3.305 0.724     2.313
19 6 6 3.622 1.516     2.001
19 7 6 3.461 1.943     2.128
19 8 6 4.128 2.391     1.823
19 9 6 3.096 1.875     1.811
19 10 6 0.924 2.506     3.070
19 1 7 1.247 0.761     2.018
19 2 7 1.674 0.750     2.935
19 3 7 1.471 0.829     3.409
19 4 7 2.325 1.016     2.590
19 5 7 3.742 1.454     1.924
19 6 7 3.638 1.433     1.949
19 7 7 3.789 1.756     1.744
19 8 7 3.940 2.506     1.730
19 9 7 2.279 2.193     2.370
19 10 7 0.721 2.750     2.947
19 1 8 1.482 1.058     1.672
19 2 8 1.773 1.120     2.734
19 3 8 1.794 1.443     2.927
19 4 8 2.768 1.657     2.612
19 5 8 3.659 1.422     2.097
19 6 8 3.581 1.105     2.270
19 7 8 4.096 1.750     1.779
19 8 8 3.721 2.261     1.647
19 9 8 1.768 2.698     2.514
19 10 8 0.253 3.026     2.709
19 1 9 1.596 1.329     0.172
19 2 9 2.029 1.297     1.135
19 3 9 2.154 1.495     1.580
19 4 9 2.841 1.230     1.454
19 5 9 3.753 0.782     1.168
19 6 9 4.128 1.287     0.957
19 7 9 4.450 1.948     0.679
19 8 9 3.372 2.573     0.730
19 9 9 0.997 3.136     1.293
19 10 9 -0.487 3.323     0.988
20 1 1 1.560 -2.747     0.234
20 2 1 1.461 -2.310     1.753
20 3 1 1.268 -1.518     2.690
20 4 1 1.857 -1.138     2.297
20 5 1 2.034 -0.706     2.212
20 6 1 1.633 -0.279     2.851
20 7 1 1.893 -0.680     2.443
20 8 1 1.680 0.081     2.168
20 9 1 1.622 -0.159     2.203
20 10 1 1.940 -0.607     1.960
20 1 2 1.529 -2.643     0.663
20 2 2 1.404 -2.065     1.248
20 3 2 1.607 -1.320     3.006
20 4 2 2.128 -1.049     2.643
20 5 2 2.143 -1.127     2.064
20 6 2 1.534 -0.825     4.438
20 7 2 1.867 -1.138     2.525
20 8 2 1.878 -0.690     1.819
20 9 2 1.206 -0.091     2.794
20 10 2 1.419 -0.294     2.640
20 1 3 1.753 -2.627     0.827
20 2 3 1.763 -1.940     1.665
20 3 3 1.867 -1.075     2.759
20 4 3 1.893 -0.883     3.412
20 5 3 1.836 -1.164     3.641
20 6 3 1.435 -0.711     3.840
20 7 3 1.654 -1.143     2.595
20 8 3 2.232 -1.232     1.659
20 9 3 1.398 -0.482     2.355
20 10 3 0.956 -0.258     3.108
20 1 4 1.711 -2.461     1.007
20 2 4 1.852 -1.700     1.791
20 3 4 1.820 -0.971     3.238
20 4 4 1.497 -0.773     4.576
20 5 4 1.815 -0.752     3.688
20 6 4 1.471 -0.320     3.565
20 7 4 1.409 -0.440     2.586
20 8 4 2.477 -1.190     1.425
20 9 4 1.799 -0.956     2.012
20 10 4 0.846 -0.430     3.248
20 1 5 1.612 -2.268     1.443
20 2 5 1.612 -1.388     3.642
20 3 5 1.607 -0.982     4.218
20 4 5 1.393 -0.742     4.716
20 5 5 1.805 -0.732     3.503
20 6 5 1.685 -0.482     2.764
20 7 5 1.310 -0.096     2.391
20 8 5 2.331 -0.992     1.612
20 9 5 2.070 -1.138     1.856
20 10 5 0.971 -0.544     3.274
20 1 6 1.445 -1.971     1.412
20 2 6 1.633 -1.383     3.387
20 3 6 1.529 -1.232     4.379
20 4 6 1.378 -1.284     4.031
20 5 6 1.805 -1.164     2.391
20 6 6 1.893 -0.883     2.092
20 7 6 1.518 -0.721     2.258
20 8 6 2.148 -0.752     1.920
20 9 6 2.122 -1.159     1.878
20 10 6 1.091 -0.518     3.249
20 1 7 1.305 -1.508     2.040
20 2 7 1.779 -1.466     2.977
20 3 7 1.430 -1.653     3.442
20 4 7 1.331 -1.721     2.655
20 5 7 2.138 -1.278     1.995
20 6 7 2.076 -1.258     2.019
20 7 7 1.919 -1.367     1.827
20 8 7 2.211 -0.961     1.820
20 9 7 1.784 -1.159     2.446
20 10 7 1.206 -0.534     3.118
20 1 8 1.336 -1.570     1.690
20 2 8 1.565 -1.607     2.794
20 3 8 1.185 -1.409     3.031
20 4 8 1.596 -1.143     2.719
20 5 8 2.461 -0.987     2.150
20 6 8 2.221 -1.252     2.322
20 7 8 2.247 -1.310     1.845
20 8 8 2.378 -1.263     1.706
20 9 8 1.716 -0.992     2.606
20 10 8 1.174 -0.591     2.879
20 1 9 1.247 -1.680     0.088
20 2 9 1.680 -1.872     1.086
20 3 9 1.409 -1.185     1.567
20 4 9 1.872 -0.851     1.422
20 5 9 2.513 -1.091     1.093
20 6 9 2.232 -0.950     0.916
20 7 9 2.299 -0.997     0.639
20 8 9 2.263 -0.997     0.684
20 9 9 1.466 -0.784     1.287
20 10 9 0.852 -0.622     1.031
21 1 1 1.294 -2.260     0.248
21 2 1 1.059 -1.750     1.837
21 3 1 0.809 -1.219     2.807
21 4 1 1.820 -0.906     2.360
21 5 1 2.059 -0.026     2.291
21 6 1 1.273 0.761     2.954
21 7 1 1.976 -0.286     2.510
21 8 1 2.148 0.724     2.208
21 9 1 1.737 0.740     2.276
21 10 1 1.450 0.057     2.081
21 1 2 1.169 -2.187     0.652
21 2 2 0.924 -1.526     1.140
21 3 2 1.294 -0.823     3.114
21 4 2 2.117 -0.547     2.674
21 5 2 2.122 -0.922     1.787
21 6 2 1.054 -0.469     4.589
21 7 2 1.601 -1.068     2.586
21 8 2 2.085 -0.375     1.788
21 9 2 0.950 0.682     2.941
21 10 2 0.596 0.313     2.848
21 1 3 1.408 -2.094     0.813
21 2 3 1.434 -1.474     1.652
21 3 3 1.700 -0.489     2.835
21 4 3 1.737 -0.448     3.469
21 5 3 1.601 -1.193     3.666
21 6 3 0.914 -0.635     4.000
21 7 3 1.059 -1.088     2.699
21 8 3 2.059 -1.026     1.710
21 9 3 0.924 0.063     2.525
21 10 3 -0.060 0.125     3.401
21 1 4 1.289 -1.823     0.994
21 2 4 1.539 -1.312     1.602
21 3 4 1.690 -0.536     3.298
21 4 4 1.153 -0.557     4.710
21 5 4 1.544 -0.797     3.756
21 6 4 1.122 -0.099     3.731
21 7 4 0.710 0.026     2.792
21 8 4 2.096 -0.771     1.489
21 9 4 1.257 -0.469     2.147
21 10 4 -0.149 -0.229     3.527
21 1 5 1.169 -1.812     1.433
21 2 5 1.440 -1.125     3.695
21 3 5 1.575 -0.739     4.272
21 4 5 1.138 -0.661     4.843
21 5 5 1.658 -0.786     3.560
21 6 5 1.690 -0.234     2.851
21 7 5 0.924 0.682     2.544
21 8 5 1.851 -0.239     1.705
21 9 5 1.398 -0.578     1.968
21 10 5 -0.019 -0.364     3.550
21 1 6 0.945 -1.661     1.413
21 2 6 1.606 -1.255     3.413
21 3 6 1.601 -1.141     4.393
21 4 6 1.247 -1.364     4.070
21 5 6 1.877 -1.266     2.433
21 6 6 2.210 -0.724     2.137
21 7 6 1.492 -0.167     2.379
21 8 6 1.559 0.120     2.045
21 9 6 1.247 -0.526     2.008
21 10 6 0.158 -0.266     3.545
21 1 7 0.830 -1.151     2.092
21 2 7 1.856 -1.239     3.007
21 3 7 1.445 -1.578     3.433
21 4 7 1.195 -1.766     2.701
21 5 7 2.393 -1.234     2.026
21 6 7 2.523 -1.062     2.034
21 7 7 2.007 -1.036     1.887
21 8 7 1.565 -0.286     1.942
21 9 7 0.763 -0.495     2.645
21 10 7 0.263 -0.250     3.408
21 1 8 1.002 -1.260     1.718
21 2 8 1.513 -1.333     2.852
21 3 8 0.997 -1.042     3.167
21 4 8 1.429 -0.745     2.839
21 5 8 2.804 -0.698     2.160
21 6 8 2.690 -0.953     2.319
21 7 8 2.278 -0.807     1.900
21 8 8 1.726 -0.620     1.818
21 9 8 0.716 -0.349     2.821
21 10 8 0.158 -0.364     3.159
21 1 9 0.820 -1.229     0.030
21 2 9 1.460 -1.594     1.066
21 3 9 1.122 -0.745     1.600
21 4 9 1.565 -0.391     1.431
21 5 9 2.794 -1.052     1.016
21 6 9 2.695 -0.708     0.856
21 7 9 2.237 -0.338     0.614
21 8 9 1.455 -0.167     0.705
21 9 9 0.226 -0.010     1.403
21 10 9 -0.357 -0.380     1.116
22 1 1 0.644 1.517     0.175
22 2 1 0.654 0.981     1.855
22 3 1 0.581 0.126     2.894
22 4 1 1.284 0.111     2.363
22 5 1 1.519 0.694     2.270
22 6 1 1.154 0.564     2.956
22 7 1 1.810 -0.358     2.457
22 8 1 1.946 0.470     2.133
22 9 1 1.889 0.569     2.202
22 10 1 1.842 0.491     2.017
22 1 2 0.529 1.600     0.572
22 2 2 0.545 0.996     1.022
22 3 2 0.920 0.371     3.163
22 4 2 1.389 0.132     2.676
22 5 2 1.477 -0.165     1.570
22 6 2 1.081 -0.191     4.625
22 7 2 1.790 -0.712     2.513
22 8 2 2.232 -0.144     1.593
22 9 2 1.451 0.991     2.883
22 10 2 1.217 1.033     2.801
22 1 3 0.571 1.397     0.747
22 2 3 0.758 0.699     1.653
22 3 3 1.066 0.423     2.858
22 4 3 1.159 -0.139     3.496
22 5 3 1.290 -0.582     3.653
22 6 3 1.154 -0.254     4.023
22 7 3 1.597 -0.608     2.641
22 8 3 2.446 -0.509     1.620
22 9 3 1.321 0.840     2.482
22 10 3 0.274 1.246     3.398
22 1 4 0.144 0.949     0.954
22 2 4 0.587 0.288     1.592
22 3 4 0.826 0.152     3.370
22 4 4 0.691 -0.400     4.814
22 5 4 1.441 -0.535     3.734
22 6 4 1.446 -0.035     3.716
22 7 4 1.456 0.257     2.764
22 8 4 2.555 -0.233     1.396
22 9 4 1.243 0.444     2.134
22 10 4 -0.424 1.116     3.541
22 1 5 -0.169 0.168     1.459
22 2 5 0.383 -0.066     3.860
22 3 5 0.529 -0.197     4.423
22 4 5 0.456 -0.572     4.968
22 5 5 1.498 -0.676     3.525
22 6 5 1.889 0.017     2.798
22 7 5 1.534 0.908     2.496
22 8 5 2.295 0.277     1.637
22 9 5 1.170 0.220     1.968
22 10 5 -0.669 0.955     3.567
22 1 6 -0.236 -0.202     1.443
22 2 6 0.675 -0.431     3.525
22 3 6 0.561 -0.577     4.515
22 4 6 0.566 -0.957     4.125
22 5 6 1.784 -0.681     2.378
22 6 6 2.217 0.059     2.058
22 7 6 1.712 0.475     2.339
22 8 6 1.889 0.731     2.000
22 9 6 0.993 0.205     2.038
22 10 6 -0.559 0.850     3.601
22 1 7 -0.163 0.022     2.168
22 2 7 0.842 -0.478     3.074
22 3 7 0.581 -0.822     3.492
22 4 7 0.951 -0.863     2.729
22 5 7 2.342 -0.316     1.964
22 6 7 2.284 -0.275     1.959
22 7 7 2.024 -0.181     1.840
22 8 7 1.774 0.486     1.893
22 9 7 0.467 0.356     2.746
22 10 7 -0.356 0.897     3.472
22 1 8 0.144 0.012     1.775
22 2 8 0.743 -0.400     2.932
22 3 8 0.680 -0.358     3.279
22 4 8 1.498 -0.181     2.855
22 5 8 2.576 -0.233     2.077
22 6 8 2.404 -0.572     2.232
22 7 8 2.503 -0.191     1.820
22 8 8 1.909 0.173     1.769
22 9 8 0.352 0.699     2.900
22 10 8 -0.460 0.970     3.219
22 1 9 0.311 0.257    -0.005
22 2 9 0.998 -0.342     1.086
22 3 9 1.060 -0.311     1.639
22 4 9 1.758 -0.363     1.414
22 5 9 2.800 -0.733     0.942
22 6 9 2.967 -0.243     0.779
22 7 9 2.967 0.132     0.540
22 8 9 1.810 0.517     0.674
22 9 9 -0.096 1.053     1.443
22 10 9 -0.893 1.001     1.124
23 1 1 -0.208 2.243     0.105
23 2 1 -0.437 1.868     1.778
23 3 1 -0.640 1.071     2.884
23 4 1 0.204 1.019     2.382
23 5 1 0.683 0.883     2.274
23 6 1 -0.442 1.258     2.924
23 7 1 -0.650 0.107     2.499
23 8 1 -0.635 0.310     2.160
23 9 1 -0.833 -0.143     2.212
23 10 1 -0.520 -0.757     1.997
23 1 2 -0.281 2.321     0.531
23 2 2 -0.437 1.800     0.757
23 3 2 -0.244 1.586     3.165
23 4 2 0.126 1.644     2.679
23 5 2 0.428 0.602     1.541
23 6 2 -0.583 0.472     4.746
23 7 2 -0.926 -0.179     2.592
23 8 2 -0.416 -0.638     1.614
23 9 2 -0.812 -0.679     2.936
23 10 2 -0.630 -1.210     2.786
23 1 3 -0.286 2.170     0.714
23 2 3 -0.015 1.389     1.596
23 3 3 0.173 1.566     2.860
23 4 3 -0.234 1.331     3.509
23 5 3 -0.312 0.264     3.828
23 6 3 -0.796 0.248     4.120
23 7 3 -1.338 -0.205     2.666
23 8 3 -0.327 -1.117     1.659
23 9 3 -0.255 -1.111     2.513
23 10 3 -0.484 -1.507     3.353
23 1 4 -0.697 1.878     0.918
23 2 4 0.136 0.977     1.501
23 3 4 0.511 1.113     3.413
23 4 4 -0.531 0.873     4.891
23 5 4 -0.468 0.264     3.897
23 6 4 -0.609 0.045     3.846
23 7 4 -1.468 0.055     2.771
23 8 4 -0.255 -0.971     1.451
23 9 4 0.235 -1.231     2.152
23 10 4 -0.229 -1.523     3.504
23 1 5 -0.885 1.363     1.449
23 2 5 0.183 0.753     3.977
23 3 5 0.495 0.816     4.525
23 4 5 -0.598 0.612     5.085
23 5 5 -0.567 -0.033     3.671
23 6 5 -0.197 -0.341     2.938
23 7 5 -1.249 -0.127     2.524
23 8 5 -0.416 -0.736     1.705
23 9 5 0.423 -1.216     1.981
23 10 5 0.016 -1.445     3.520
23 1 6 -0.827 1.295     1.446
23 2 6 0.386 0.795     3.628
23 3 6 0.298 0.779     4.645
23 4 6 -0.770 0.253     4.246
23 5 6 -0.333 -0.200     2.517
23 6 6 0.178 -0.278     2.190
23 7 6 -0.697 -0.606     2.401
23 8 6 -0.275 -0.315     2.111
23 9 6 0.521 -1.226     2.036
23 10 6 0.245 -1.335     3.594
23 1 7 -0.718 1.649     2.156
23 2 7 0.126 1.191     3.132
23 3 7 -0.359 0.868     3.564
23 4 7 -0.812 0.654     2.799
23 5 7 0.282 0.602     2.067
23 6 7 0.261 -0.044     2.086
23 7 7 -0.135 -0.627     1.929
23 8 7 0.266 -0.471     1.986
23 9 7 0.240 -1.299     2.740
23 10 7 0.428 -1.294     3.470
23 1 8 -0.630 1.717     1.760
23 2 8 -0.432 1.310     2.965
23 3 8 -0.729 1.258     3.297
23 4 8 -0.557 1.670     2.840
23 5 8 0.266 1.284     2.127
23 6 8 0.022 0.055     2.399
23 7 8 0.115 -0.356     1.941
23 8 8 0.589 -0.940     1.797
23 9 8 0.485 -1.283     2.888
23 10 8 0.636 -1.346     3.193
23 1 9 -0.796 2.081    -0.009
23 2 9 -0.463 1.461     1.097
23 3 9 -0.484 1.243     1.664
23 4 9 -0.692 1.389     1.420
23 5 9 -0.208 0.571     1.013
23 6 9 0.001 -0.013     0.875
23 7 9 0.396 -0.278     0.600
23 8 9 0.725 -0.690     0.694
23 9 9 0.527 -1.018     1.460
23 10 9 0.495 -1.351     1.102
24 1 1 1.599 6.745    -0.123
24 2 1 1.234 6.083     1.412
24 3 1 1.630 4.135     2.549
24 4 1 1.963 3.719     2.101
24 5 1 1.510 4.073     2.035
24 6 1 1.474 3.094     2.706
24 7 1 2.531 2.146     2.337
24 8 1 3.088 2.422     1.973
24 9 1 2.989 2.339     2.027
24 10 1 2.635 2.172     1.863
24 1 2 1.718 6.583     0.407
24 2 2 1.734 5.458    -0.161
24 3 2 2.067 4.000     3.001
24 4 2 1.786 3.219     2.650
24 5 2 1.302 3.057     0.993
24 6 2 1.546 3.031     4.584
24 7 2 2.713 2.969     2.520
24 8 2 3.442 2.740     1.383
24 9 2 3.015 3.083     2.826
24 10 2 2.609 2.818     2.726
24 1 3 1.822 6.198     0.593
24 2 3 1.974 4.750     1.267
24 3 3 2.041 3.713     2.756
24 4 3 1.651 2.891     3.471
24 5 3 1.635 3.088     3.730
24 6 3 1.937 3.484     3.909
24 7 3 2.791 3.698     2.498
24 8 3 3.750 3.365     1.591
24 9 3 3.031 3.661     2.379
24 10 3 2.260 3.432     3.213
24 1 4 1.682 5.630     0.770
24 2 4 1.911 4.099     0.639
24 3 4 1.890 3.448     3.271
24 4 4 1.744 2.995     4.722
24 5 4 2.171 3.286     3.719
24 6 4 2.296 3.604     3.630
24 7 4 2.911 4.182     2.534
24 8 4 3.890 3.922     1.362
24 9 4 2.833 3.927     2.050
24 10 4 1.713 3.854     3.331
24 1 5 1.395 4.880     1.323
24 2 5 1.724 3.641     3.699
24 3 5 1.687 3.349     4.328
24 4 5 1.802 3.120     4.847
24 5 5 2.557 3.146     3.498
24 6 5 2.880 3.776     2.747
24 7 5 3.182 4.417     2.307
24 8 5 3.807 4.266     1.574
24 9 5 2.661 3.990     1.902
24 10 5 1.354 4.073     3.205
24 1 6 1.364 4.380     1.302
24 2 6 1.630 3.625     3.456
24 3 6 1.291 3.365     4.470
24 4 6 1.786 3.297     4.059
24 5 6 3.239 3.786     2.304
24 6 6 3.526 4.469     2.010
24 7 6 3.468 4.625     2.149
24 8 6 3.619 4.823     1.900
24 9 6 2.432 4.042     1.854
24 10 6 1.099 4.297     3.372
24 1 7 1.458 4.333     1.983
24 2 7 1.385 3.974     3.006
24 3 7 1.036 3.906     3.280
24 4 7 2.333 4.448     2.546
24 5 7 3.885 4.875     1.826
24 6 7 3.567 4.729     1.907
24 7 7 3.552 4.901     1.701
24 8 7 3.328 4.870     1.736
24 9 7 1.864 4.224     2.476
24 10 7 0.994 4.490     3.262
24 1 8 1.494 4.401     1.620
24 2 8 1.390 4.479     2.795
24 3 8 1.572 4.734     2.994
24 4 8 2.822 4.969     2.569
24 5 8 3.458 4.292     1.973
24 6 8 3.192 4.125     2.226
24 7 8 3.552 4.906     1.726
24 8 8 3.010 4.729     1.592
24 9 8 1.604 4.599     2.571
24 10 8 0.729 4.661     2.987
24 1 9 1.552 4.745    -0.003
24 2 9 1.734 4.771     1.070
24 3 9 1.906 4.312     1.602
24 4 9 2.364 3.380     1.431
24 5 9 2.953 2.667     1.060
24 6 9 3.510 3.719     0.855
24 7 9 3.713 4.703     0.564
24 8 9 2.567 4.812     0.612
24 9 9 1.083 4.891     1.365
24 10 9 0.291 4.974     1.074
25 1 1 2.421 -4.554    -0.039
25 2 1 1.871 -3.460     1.510
25 3 1 1.337 -2.148     2.702
25 4 1 1.850 -1.575     2.274
25 5 1 2.074 -1.043     2.227
25 6 1 1.673 -0.205     2.932
25 7 1 1.962 -0.533     2.542
25 8 1 1.869 0.102     2.204
25 9 1 2.007 -0.335     2.237
25 10 1 2.436 -0.861     2.030
25 1 2 2.415 -4.450     0.404
25 2 2 1.874 -3.142    -0.550
25 3 2 1.705 -1.981     3.127
25 4 2 2.012 -1.444     2.792
25 5 2 1.962 -1.429     0.694
25 6 2 1.327 -0.799     4.814
25 7 2 1.663 -1.179     2.710
25 8 2 1.710 -0.773     1.507
25 9 2 1.244 -0.158     3.109
25 10 2 1.764 -0.460     2.930
25 1 3 2.673 -4.273     0.583
25 2 3 2.262 -2.929     1.179
25 3 3 1.986 -1.705     2.887
25 4 3 1.764 -1.330     3.623
25 5 3 1.587 -1.523     3.872
25 6 3 1.160 -0.861     4.168
25 7 3 1.319 -1.528     2.687
25 8 3 1.869 -1.611     1.765
25 9 3 1.225 -0.502     2.643
25 10 3 1.168 -0.309     3.503
25 1 4 2.449 -3.825     0.748
25 2 4 2.090 -2.528     0.180
25 3 4 1.811 -1.601     3.388
25 4 4 1.387 -1.293     4.900
25 5 4 1.619 -1.252     3.888
25 6 4 1.184 -0.736     3.900
25 7 4 1.007 -1.085     2.786
25 8 4 2.129 -1.877     1.513
25 9 4 1.553 -1.043     2.261
25 10 4 0.866 -0.377     3.653
25 1 5 2.033 -3.424     1.317
25 2 5 1.616 -2.106     3.700
25 3 5 1.514 -1.590     4.458
25 4 5 1.309 -1.299     5.025
25 5 5 1.520 -1.304     3.685
25 6 5 1.306 -1.184     2.972
25 7 5 0.931 -0.903     2.586
25 8 5 2.111 -1.736     1.735
25 9 5 1.884 -1.398     2.064
25 10 5 0.874 -0.507     3.478
25 1 6 1.525 -2.981     1.294
25 2 6 1.507 -2.226     3.542
25 3 6 1.447 -1.960     4.565
25 4 6 1.228 -1.955     4.181
25 5 6 1.421 -1.882     2.450
25 6 6 1.478 -1.731     2.203
25 7 6 1.298 -1.616     2.347
25 8 6 2.111 -1.496     2.069
25 9 6 2.100 -1.523     1.938
25 10 6 1.033 -0.554     3.670
25 1 7 1.199 -2.429     2.039
25 2 7 1.626 -2.356     3.099
25 3 7 1.345 -2.502     3.252
25 4 7 1.178 -2.543     2.627
25 5 7 1.780 -2.080     1.976
25 6 7 1.712 -2.007     2.078
25 7 7 1.837 -2.184     1.831
25 8 7 2.330 -1.621     1.827
25 9 7 1.819 -1.564     2.557
25 10 7 1.181 -0.637     3.539
25 1 8 1.191 -2.580     1.660
25 2 8 1.441 -2.517     2.882
25 3 8 1.139 -2.189     3.104
25 4 8 1.535 -1.882     2.723
25 5 8 2.244 -1.523     2.132
25 6 8 1.955 -1.762     2.370
25 7 8 2.181 -1.913     1.867
25 8 8 2.504 -1.871     1.658
25 9 8 1.830 -1.476     2.660
25 10 8 1.215 -0.809     3.247
25 1 9 1.283 -2.887    -0.152
25 2 9 1.710 -2.913     0.944
25 3 9 1.444 -1.845     1.543
25 4 9 1.936 -1.330     1.378
25 5 9 2.415 -1.293     0.994
25 6 9 1.988 -1.158     0.819
25 7 9 2.264 -1.424     0.510
25 8 9 2.405 -1.523     0.506
25 9 9 1.650 -1.325     1.322
25 10 9 1.025 -1.028     1.093
26 1 1 3.530 -7.668     0.081
26 2 1 2.817 -4.934     1.631
26 3 1 1.660 -2.059     2.992
26 4 1 1.952 -1.017     2.617
26 5 1 2.134 -0.402     2.580
26 6 1 1.093 0.676     3.371
26 7 1 1.447 -0.236     2.961
26 8 1 1.775 0.420     2.575
26 9 1 1.764 0.045     2.614
26 10 1 1.999 -0.684     2.374
26 1 2 3.525 -7.283     0.411
26 2 2 2.603 -3.923    -0.979
26 3 2 2.041 -1.387     3.424
26 4 2 2.077 -0.283     3.133
26 5 2 1.863 -0.616     0.663
26 6 2 0.530 -0.309     5.380
26 7 2 0.671 -0.913     3.161
26 8 2 1.462 -0.653     1.817
26 9 2 1.296 -0.257     3.536
26 10 2 1.624 -0.668     3.297
26 1 3 3.801 -6.720     0.595
26 2 3 2.931 -3.413     1.164
26 3 3 2.171 -0.835     3.202
26 4 3 1.468 0.014     4.038
26 5 3 1.067 -0.611     4.321
26 6 3 0.212 -0.408     4.745
26 7 3 -0.100 -1.106     3.141
26 8 3 1.051 -1.574     2.141
26 9 3 1.212 -1.080     3.021
26 10 3 1.238 -1.048     3.886
26 1 4 3.405 -5.736     0.759
26 2 4 2.259 -2.585    -0.171
26 3 4 1.426 -0.600     3.783
26 4 4 0.541 0.030     5.483
26 5 4 0.759 -0.241     4.409
26 6 4 0.285 -0.231     4.481
26 7 4 -0.532 -0.679     3.270
26 8 4 0.931 -1.970     1.866
26 9 4 1.343 -1.882     2.568
26 10 4 0.968 -1.595     4.001
26 1 5 2.655 -4.767     1.361
26 2 5 1.337 -1.949     3.890
26 3 5 0.707 -0.663     4.959
26 4 5 0.067 -0.038     5.705
26 5 5 0.259 -0.449     4.243
26 6 5 0.426 -0.751     3.455
26 7 5 -0.334 -0.710     3.070
26 8 5 0.890 -2.085     2.069
26 9 5 1.582 -2.257     2.338
26 10 5 0.957 -1.887     3.690
26 1 6 1.613 -3.757     1.405
26 2 6 1.030 -2.059     3.831
26 3 6 0.598 -1.106     5.022
26 4 6 -0.303 -0.975     4.668
26 5 6 -0.116 -1.309     2.863
26 6 6 0.509 -1.298     2.630
26 7 6 0.150 -1.621     2.745
26 8 6 1.030 -1.778     2.431
26 9 6 1.822 -2.267     2.112
26 10 6 1.129 -1.923     3.960
26 1 7 1.025 -2.830     2.224
26 2 7 1.067 -2.210     3.397
26 3 7 0.254 -1.788     3.533
26 4 7 -0.491 -1.731     2.989
26 5 7 0.551 -1.330     2.390
26 6 7 0.770 -1.475     2.482
26 7 7 0.546 -2.236     2.146
26 8 7 1.363 -1.876     2.110
26 9 7 1.603 -2.272     2.710
26 10 7 1.317 -1.934     3.826
26 1 8 0.869 -3.189     1.829
26 2 8 0.811 -2.715     3.149
26 3 8 -0.194 -1.600     3.485
26 4 8 -0.142 -0.684     3.232
26 5 8 1.186 -0.444     2.562
26 6 8 0.900 -1.324     2.771
26 7 8 0.754 -2.033     2.202
26 8 8 1.530 -2.262     1.897
26 9 8 1.634 -2.189     2.820
26 10 8 1.447 -2.054     3.515
26 1 9 0.791 -3.199    -0.271
26 2 9 1.270 -3.017     0.857
26 3 9 0.363 -1.376     1.577
26 4 9 0.108 -0.132     1.507
26 5 9 0.843 -0.684     1.033
26 6 9 0.551 -1.330     0.844
26 7 9 0.806 -1.814     0.489
26 8 9 1.593 -1.944     0.418
26 9 9 1.551 -1.955     1.255
26 10 9 1.171 -2.309     1.020
27 1 1 2.819 -5.808     0.113
27 2 1 1.970 -3.417     1.748
27 3 1 0.955 -1.225     3.291
27 4 1 1.647 -0.204     2.898
27 5 1 1.741 0.354     2.851
27 6 1 0.507 0.895     3.719
27 7 1 1.257 -0.490     3.269
27 8 1 1.543 0.525     2.836
27 9 1 1.121 0.499     2.924
27 10 1 1.064 0.057     2.702
27 1 2 2.923 -5.501     0.396
27 2 2 1.876 -2.704    -1.268
27 3 2 1.481 -0.480     3.723
27 4 2 1.668 0.421     3.392
27 5 2 1.319 -0.297     0.661
27 6 2 -0.066 -0.063     5.955
27 7 2 0.512 -0.735     3.536
27 8 2 1.580 -0.303     1.984
27 9 2 0.824 0.567     3.884
27 10 2 0.658 0.286     3.681
27 1 3 3.277 -5.047     0.584
27 2 3 2.335 -2.308     1.179
27 3 3 1.684 0.114     3.476
27 4 3 0.892 0.551     4.398
27 5 3 0.439 -0.391     4.763
27 6 3 -0.353 0.124     5.238
27 7 3 -0.311 -0.225     3.586
27 8 3 1.548 -0.501     2.407
27 9 3 1.074 0.374     3.343
27 10 3 0.043 0.270     4.361
27 1 4 3.022 -4.292     0.748
27 2 4 2.043 -1.761    -0.480
27 3 4 1.293 0.281     4.093
27 4 4 0.027 0.635     5.950
27 5 4 0.303 0.124     4.902
27 6 4 -0.030 0.234     4.986
27 7 4 -0.660 0.744     3.622
27 8 4 1.642 -0.032     2.132
27 9 4 1.345 0.203     2.851
27 10 4 -0.249 0.161     4.480
27 1 5 2.455 -3.766     1.366
27 2 5 1.392 -1.355     4.025
27 3 5 0.736 0.166     5.388
27 4 5 -0.353 0.676     6.146
27 5 5 0.168 -0.016     4.756
27 6 5 0.673 -0.230     3.852
27 7 5 -0.337 0.880     3.425
27 8 5 1.231 0.447     2.373
27 9 5 1.361 0.119     2.619
27 10 5 -0.191 0.088     4.158
27 1 6 1.564 -3.100     1.456
27 2 6 1.251 -1.641     4.033
27 3 6 0.699 -0.454     5.428
27 4 6 -0.478 -0.256     5.128
27 5 6 0.356 -0.667     3.244
27 6 6 1.262 -0.303     2.939
27 7 6 0.330 -0.053     3.159
27 8 6 0.918 0.874     2.749
27 9 6 1.309 0.051     2.355
27 10 6 0.152 0.046     4.458
27 1 7 1.007 -2.350     2.350
27 2 7 1.304 -1.896     3.586
27 3 7 0.376 -1.417     3.730
27 4 7 -0.238 -1.032     3.324
27 5 7 1.402 -0.412     2.686
27 6 7 1.595 -0.230     2.745
27 7 7 0.996 -0.584     2.448
27 8 7 1.283 0.437     2.352
27 9 7 0.876 -0.042     3.028
27 10 7 0.559 -0.016     4.254
27 1 8 0.819 -2.933     1.910
27 2 8 0.850 -2.573     3.303
27 3 8 -0.103 -1.370     3.779
27 4 8 0.335 -0.230     3.683
27 5 8 1.981 0.203     2.792
27 6 8 1.439 -0.261     3.040
27 7 8 1.220 -0.188     2.512
27 8 8 1.527 -0.100     2.130
27 9 8 0.892 0.046     3.138
27 10 8 0.533 -0.183     3.933
27 1 9 0.543 -3.178    -0.395
27 2 9 1.152 -3.131     0.760
27 3 9 0.376 -1.495     1.582
27 4 9 0.408 -0.214     1.598
27 5 9 1.402 -0.579     1.013
27 6 9 1.074 -0.344     0.844
27 7 9 1.283 0.130     0.489
27 8 9 1.413 0.286     0.377
27 9 9 0.434 0.249     1.322
27 10 9 -0.025 -0.360     1.091
28 1 1 1.847 -2.580     0.092
28 2 1 1.149 -1.190     1.844
28 3 1 -0.002 -0.559     3.504
28 4 1 0.982 -0.075     3.050
28 5 1 1.326 0.196     2.975
28 6 1 -0.482 1.149     3.833
28 7 1 0.034 -0.299     3.519
28 8 1 0.617 0.696     2.987
28 9 1 0.498 0.493     3.113
28 10 1 0.727 0.003     2.878
28 1 2 1.690 -2.460     0.370
28 2 2 0.914 -0.861    -1.407
28 3 2 0.550 0.180     3.948
28 4 2 0.899 0.842     3.506
28 5 2 0.961 -0.242     0.547
28 6 2 -0.779 0.206     6.186
28 7 2 -0.633 -0.523     3.706
28 8 2 0.675 -0.330     2.089
28 9 2 0.258 0.368     4.135
28 10 2 0.341 0.081     3.939
28 1 3 1.794 -2.169     0.568
28 2 3 1.331 -0.867     1.206
28 3 3 1.003 0.571     3.606
28 4 3 0.268 0.873     4.577
28 5 3 0.008 -0.268     5.070
28 6 3 -0.877 0.159     5.434
28 7 3 -1.299 -0.367     3.667
28 8 3 0.659 -0.960     2.519
28 9 3 0.623 -0.033     3.542
28 10 3 -0.086 -0.075     4.688
28 1 4 1.445 -1.705     0.751
28 2 4 1.268 -0.887    -0.722
28 3 4 1.143 0.373     4.211
28 4 4 -0.226 0.633     6.219
28 5 4 -0.143 0.050     5.237
28 6 4 -0.601 -0.028     5.237
28 7 4 -1.575 -0.033     3.671
28 8 4 0.805 -1.023     2.224
28 9 4 1.091 -0.486     2.969
28 10 4 -0.279 -0.439     4.737
28 1 5 1.117 -1.898     1.369
28 2 5 0.914 -0.924     4.059
28 3 5 0.940 0.066     5.586
28 4 5 -0.305 0.477     6.442
28 5 5 -0.247 -0.372     5.027
28 6 5 -0.112 -0.877     4.023
28 7 5 -1.367 -0.268     3.516
28 8 5 0.503 -0.747     2.516
28 9 5 1.263 -0.799     2.695
28 10 5 -0.117 -0.716     4.316
28 1 6 0.617 -1.986     1.460
28 2 6 1.050 -1.278     4.088
28 3 6 0.878 -0.507     5.612
28 4 6 -0.456 -0.653     5.343
28 5 6 -0.055 -1.268     3.329
28 6 6 0.550 -1.190     3.045
28 7 6 -0.424 -1.106     3.275
28 8 6 0.513 -0.096     2.951
28 9 6 1.425 -0.794     2.331
28 10 6 0.388 -0.773     4.641
28 1 7 0.445 -1.445     2.391
28 2 7 1.133 -1.361     3.635
28 3 7 0.331 -1.304     3.750
28 4 7 -0.450 -1.403     3.385
28 5 7 1.055 -1.007     2.755
28 6 7 1.201 -1.080     2.812
28 7 7 0.680 -1.445     2.500
28 8 7 1.222 -0.330     2.404
28 9 7 1.133 -0.830     3.038
28 10 7 0.836 -0.820     4.383
28 1 8 0.414 -1.929     1.902
28 2 8 0.560 -1.783     3.344
28 3 8 -0.409 -1.044     3.904
28 4 8 0.003 -0.257     3.952
28 5 8 1.732 -0.054     2.835
28 6 8 1.284 -0.924     3.089
28 7 8 1.055 -1.059     2.585
28 8 8 1.544 -0.913     2.107
28 9 8 1.164 -0.742     3.158
28 10 8 0.852 -0.986     4.034
28 1 9 0.180 -2.252    -0.512
28 2 9 0.643 -2.273     0.668
28 3 9 -0.081 -0.882     1.585
28 4 9 0.013 0.066     1.669
28 5 9 1.117 -0.653     0.966
28 6 9 0.925 -0.950     0.793
28 7 9 1.201 -0.752     0.437
28 8 9 1.560 -0.460     0.269
28 9 9 0.722 -0.471     1.320
28 10 9 0.180 -1.158     1.060
29 1 1 1.272 -1.784     0.065
29 2 1 0.501 -0.498     1.970
29 3 1 -0.384 -0.055     3.721
29 4 1 0.808 0.304     3.194
29 5 1 1.235 -0.097     3.065
29 6 1 -1.015 0.950     3.879
29 7 1 -0.968 -0.753     3.591
29 8 1 -0.405 -0.159     3.155
29 9 1 -0.660 0.007     3.253
29 10 1 -0.556 -0.034     3.032
29 1 2 1.017 -1.529     0.357
29 2 2 0.267 -0.180    -1.416
29 3 2 0.105 0.841     4.110
29 4 2 0.407 1.268     3.575
29 5 2 0.459 -0.337     0.507
29 6 2 -1.447 0.195     6.210
29 7 2 -1.504 -0.425     3.721
29 8 2 0.251 -0.977     2.106
29 9 2 -0.192 -0.310     4.354
29 10 2 -0.525 -0.196     4.114
29 1 3 1.126 -1.399     0.562
29 2 3 0.782 -0.456     1.245
29 3 3 0.699 0.887     3.709
29 4 3 -0.176 0.986     4.696
29 5 3 -0.473 -0.092     5.308
29 6 3 -1.296 0.559     5.473
29 7 3 -1.660 0.492     3.665
29 8 3 0.782 -0.529     2.618
29 9 3 0.881 -0.097     3.655
29 10 3 -0.384 -0.170     4.919
29 1 4 0.798 -1.295     0.754
29 2 4 0.949 -0.722    -0.940
29 3 4 1.105 0.377     4.307
29 4 4 -0.426 0.565     6.434
29 5 4 -0.337 0.341     5.480
29 6 4 -0.608 0.450     5.409
29 7 4 -1.494 1.341     3.620
29 8 4 1.152 0.507     2.292
29 9 4 1.616 0.346     2.965
29 10 4 -0.134 0.012     5.032
29 1 5 0.605 -1.597     1.367
29 2 5 0.933 -0.696     4.086
29 3 5 1.001 0.096     5.730
29 4 5 -0.452 0.450     6.680
29 5 5 -0.212 0.007     5.317
29 6 5 0.194 -0.243     4.241
29 7 5 -1.150 1.143     3.523
29 8 5 0.699 1.231     2.571
29 9 5 1.689 0.585     2.675
29 10 5 0.064 0.174     4.568
29 1 6 0.433 -1.185     1.504
29 2 6 1.282 -0.550     4.159
29 3 6 0.871 -0.008     5.783
29 4 6 -0.525 -0.055     5.575
29 5 6 0.235 -0.352     3.520
29 6 6 0.970 -0.060     3.151
29 7 6 -0.160 0.179     3.481
29 8 6 0.626 1.606     2.966
29 9 6 1.605 0.622     2.229
29 10 6 0.392 0.309     4.856
29 1 7 0.376 -0.123     2.531
29 2 7 1.267 -0.014     3.731
29 3 7 0.303 0.028     3.959
29 4 7 -0.390 0.367     3.568
29 5 7 1.308 0.747     2.792
29 6 7 1.407 0.476     2.848
29 7 7 0.965 -0.076     2.591
29 8 7 1.459 0.960     2.328
29 9 7 1.199 0.413     3.017
29 10 7 0.699 0.262     4.546
29 1 8 0.444 -0.180     2.013
29 2 8 0.657 -0.008     3.519
29 3 8 -0.171 0.705     4.070
29 4 8 0.173 1.788     3.957
29 5 8 1.527 1.710     2.784
29 6 8 1.011 0.512     3.164
29 7 8 1.178 0.382     2.656
29 8 8 1.735 0.361     2.032
29 9 8 1.110 0.419     3.157
29 10 8 0.543 0.033     4.223
29 1 9 0.261 -0.024    -0.566
29 2 9 0.642 -0.191     0.677
29 3 9 0.178 0.643     1.618
29 4 9 -0.004 1.455     1.629
29 5 9 0.689 0.580     0.952
29 6 9 0.683 0.143     0.779
29 7 9 1.350 0.596     0.378
29 8 9 1.647 0.762     0.130
29 9 9 0.496 0.632     1.313
29 10 9 -0.223 -0.076     1.095
30 1 1 1.067 1.329    -0.032
30 2 1 0.734 1.647     1.925
30 3 1 0.608 1.215     3.717
30 4 1 1.088 1.465     3.119
30 5 1 1.322 1.824     2.957
30 6 1 1.187 1.366     3.794
30 7 1 1.812 0.600     3.506
30 8 1 2.046 0.834     3.022
30 9 1 2.077 0.689     3.096
30 10 1 1.989 0.392     2.925
30 1 2 1.181 1.116     0.324
30 2 2 0.859 1.272    -1.738
30 3 2 0.905 1.121     4.165
30 4 2 0.947 1.126     3.616
30 5 2 0.885 1.090     0.116
30 6 2 1.041 1.152     6.228
30 7 2 1.978 0.954     3.629
30 8 2 2.556 0.866     1.831
30 9 2 2.150 1.350     4.154
30 10 2 1.905 1.058     3.983
30 1 3 1.447 0.845     0.532
30 2 3 1.249 0.928     1.195
30 3 3 1.082 1.017     3.750
30 4 3 0.838 0.866     4.788
30 5 3 0.859 1.084     5.363
30 6 3 1.135 1.517     5.423
30 7 3 1.963 1.543     3.522
30 8 3 2.973 1.366     2.418
30 9 3 2.317 1.892     3.437
30 10 3 1.499 1.704     4.751
30 1 4 1.374 0.652     0.727
30 2 4 1.166 0.704    -1.276
30 3 4 0.937 0.866     4.383
30 4 4 0.806 0.876     6.552
30 5 4 1.187 1.282     5.455
30 6 4 1.286 1.761     5.298
30 7 4 1.931 2.173     3.426
30 8 4 3.140 1.939     2.057
30 9 4 2.244 2.142     2.775
30 10 4 0.994 2.126     4.882
30 1 5 1.129 0.449     1.378
30 2 5 0.838 0.605     4.119
30 3 5 0.609 0.767     5.888
30 4 5 0.806 0.949     6.781
30 5 5 1.442 1.272     5.253
30 6 5 1.749 1.959     4.067
30 7 5 2.030 2.511     3.296
30 8 5 2.978 2.345     2.313
30 9 5 2.056 2.162     2.515
30 10 5 0.551 2.303     4.179
30 1 6 0.859 0.371     1.521
30 2 6 0.671 0.569     4.305
30 3 6 0.426 0.772     5.965
30 4 6 0.874 1.043     5.642
30 5 6 1.937 1.595     3.329
30 6 6 2.192 2.235     2.968
30 7 6 2.296 2.475     3.214
30 8 6 2.744 2.845     2.682
30 9 6 1.687 2.126     1.939
30 10 6 0.171 2.381     4.675
30 1 7 0.832 0.418     2.584
30 2 7 0.739 0.595     3.862
30 3 7 0.614 0.975     3.968
30 4 7 1.390 1.522     3.495
30 5 7 2.306 1.933     2.586
30 6 7 2.119 1.954     2.719
30 7 7 2.510 2.303     2.356
30 8 7 2.567 2.782     1.885
30 9 7 0.947 2.199     2.739
30 10 7 -0.121 2.501     4.371
30 1 8 0.931 0.329     2.047
30 2 8 0.968 0.626     3.616
30 3 8 1.056 1.204     4.073
30 4 8 1.822 1.553     3.858
30 5 8 2.192 1.350     2.690
30 6 8 2.025 1.366     3.016
30 7 8 2.681 2.157     2.430
30 8 8 2.312 2.454     1.683
30 9 8 0.536 2.522     2.837
30 10 8 -0.459 2.704     4.009
30 1 9 1.020 0.251    -0.592
30 2 9 1.291 0.454     0.721
30 3 9 1.379 0.782     1.645
30 4 9 1.931 0.600     1.610
30 5 9 2.405 0.423     0.902
30 6 9 2.588 1.241     0.682
30 7 9 2.858 2.037     0.271
30 8 9 1.791 2.506    -0.044
30 9 9 -0.131 2.850     1.198
30 10 9 -0.944 3.043     0.959
31 1 1 3.404 -3.537    -0.093
31 2 1 2.779 -2.412     1.901
31 3 1 2.154 -0.912     3.756
31 4 1 1.529 0.213     3.273
31 5 1 0.529 2.213     3.040
31 6 1 0.029 2.338     3.822
31 7 1 0.779 1.463     3.645
31 8 1 1.154 1.088     3.168
31 9 1 1.279 0.463     3.256
31 10 1 1.029 -0.037     3.139
31 1 2 3.279 -4.037     0.212
31 2 2 2.779 -2.162    -2.405
31 3 2 2.404 -0.662     4.177
31 4 2 1.654 0.338     3.750
31 5 2 0.404 1.963    -0.404
31 6 2 -0.096 2.463     6.166
31 7 2 0.529 1.963     3.698
31 8 2 1.029 1.213     1.876
31 9 2 0.779 0.713     4.371
31 10 2 0.779 -0.162     4.238
31 1 3 3.904 -3.912     0.402
31 2 3 3.654 -1.787     0.958
31 3 3 2.904 -0.162     3.699
31 4 3 1.654 1.088     4.864
31 5 3 0.404 2.338     5.342
31 6 3 -0.096 2.838     5.315
31 7 3 0.154 2.463     3.526
31 8 3 0.529 1.338     2.576
31 9 3 0.404 0.713     3.690
31 10 3 0.279 -0.037     5.130
31 1 4 4.029 -3.537     0.565
31 2 4 3.529 -1.287    -2.187
31 3 4 2.404 0.713     4.363
31 4 4 1.029 1.963     6.553
31 5 4 0.154 2.713     5.359
31 6 4 -0.221 2.963     5.170
31 7 4 -0.346 2.588     3.426
31 8 4 -0.221 1.463     2.207
31 9 4 -0.221 0.588     3.038
31 10 4 0.029 0.213     5.284
31 1 5 3.779 -2.912     1.237
31 2 5 2.779 -0.662     3.780
31 3 5 1.404 1.338     5.961
31 4 5 0.154 2.463     6.701
31 5 5 -0.471 2.838     5.129
31 6 5 -0.596 2.713     4.014
31 7 5 -0.971 2.338     3.319
31 8 5 -0.971 1.713     2.416
31 9 5 -0.721 0.963     2.703
31 10 5 -0.096 0.713     4.379
31 1 6 3.154 -2.412     1.374
31 2 6 2.279 -0.537     4.336
31 3 6 1.029 1.588     6.054
31 4 6 -0.096 2.838     5.519
31 5 6 -0.846 3.088     3.154
31 6 6 -1.346 2.838     2.926
31 7 6 -1.471 2.213     3.208
31 8 6 -1.346 1.963     2.748
31 9 6 -0.846 1.588     1.922
31 10 6 -0.096 1.463     4.818
31 1 7 2.904 -1.787     2.465
31 2 7 2.529 -0.537     3.877
31 3 7 1.654 1.213     3.874
31 4 7 0.529 2.463     3.479
31 5 7 -0.846 2.713     2.544
31 6 7 -1.846 2.963     2.653
31 7 7 -1.846 2.463     2.314
31 8 7 -1.596 2.463     1.720
31 9 7 -0.971 2.213     2.563
31 10 7 -0.221 1.963     4.433
31 1 8 2.904 -1.537     1.957
31 2 8 2.904 -0.787     3.579
31 3 8 2.154 0.463     4.100
31 4 8 0.779 1.338     4.020
31 5 8 -0.846 1.838     2.792
31 6 8 -1.971 2.588     2.876
31 7 8 -1.971 2.713     2.367
31 8 8 -1.596 2.713     1.496
31 9 8 -1.221 2.588     2.568
31 10 8 -0.721 2.088     4.032
31 1 9 2.779 -1.787    -0.742
31 2 9 2.904 -1.287     0.604
31 3 9 2.279 -0.412     1.557
31 4 9 1.029 0.213     1.626
31 5 9 -0.721 1.213     0.875
31 6 9 -1.971 2.088     0.538
31 7 9 -2.221 2.463     0.130
31 8 9 -2.096 2.588    -0.298
31 9 9 -1.596 2.338     1.040
31 10 9 -1.096 1.588     0.882
