0 1 1 2.470 -3.992     0.983
0 2 1 1.871 -2.086     1.157
0 3 1 0.715 -1.169     1.217
0 4 1 1.658 -0.867     1.193
0 5 1 2.715 0.112     1.163
0 6 1 1.543 0.612     1.213
0 7 1 0.715 -0.872     1.229
0 8 1 0.324 -0.945     1.235
0 9 1 0.480 -2.627     1.155
0 10 1 0.986 -3.966     1.092
0 1 2 2.527 -3.622     0.997
0 2 2 1.783 -1.633     1.179
0 3 2 1.434 -0.565     1.216
0 4 2 1.720 -0.190     1.200
0 5 2 1.611 -1.117     1.203
0 6 2 0.236 -1.601     1.212
0 7 2 -0.353 -3.185     1.131
0 8 2 -0.176 -3.544     1.120
0 9 2 -0.020 -4.231     1.085
0 10 2 0.762 -4.810     1.047
0 1 3 2.829 -3.028     1.010
0 2 3 2.392 -1.445     1.181
0 3 3 2.189 -0.007     1.180
0 4 3 1.204 0.081     1.235
0 5 3 -0.197 -2.216     1.179
0 6 3 -1.186 -3.028     1.129
0 7 3 -1.384 -4.534     1.050
0 8 3 -0.322 -5.257     1.022
0 9 3 0.460 -5.356     1.028
0 10 3 0.949 -5.304     1.022
0 1 4 2.522 -2.252     1.043
0 2 4 2.189 -1.195     1.174
0 3 4 2.027 -0.023     1.190
0 4 4 0.132 -0.310     1.279
0 5 4 -1.197 -2.549     1.155
0 6 4 -1.603 -3.580     1.096
0 7 4 -1.796 -4.565     1.039
0 8 4 -0.150 -5.638     0.999
0 9 4 1.069 -5.752     1.005
0 10 4 1.251 -5.466     1.006
0 1 5 1.928 -2.231     1.072
0 2 5 1.527 -1.060     1.200
0 3 5 1.215 -0.471     1.232
0 4 5 -0.921 -1.226     1.221
0 5 5 -1.957 -3.247     1.107
0 6 5 -1.587 -4.351     1.061
0 7 5 -1.717 -4.742     1.035
0 8 5 -0.077 -5.737     0.988
0 9 5 1.512 -5.903     0.986
0 10 5 1.522 -5.476     1.003
0 1 6 0.819 -2.247     1.088
0 2 6 0.850 -1.539     1.201
0 3 6 -0.046 -1.429     1.220
0 4 6 -2.207 -2.836     1.116
0 5 6 -2.436 -4.268     1.050
0 6 6 -1.384 -4.763     1.042
0 7 6 -1.280 -5.388     1.008
0 8 6 0.168 -5.513     1.009
0 9 6 1.819 -5.935     0.975
0 10 6 1.746 -5.596     0.993
0 1 7 0.257 -1.825     1.114
0 2 7 0.392 -1.971     1.191
0 3 7 -1.363 -2.476     1.146
0 4 7 -3.249 -3.596     1.052
0 5 7 -2.197 -3.971     1.056
0 6 7 -1.207 -4.606     1.046
0 7 7 -0.848 -5.711     0.995
0 8 7 0.569 -5.508     1.007
0 9 7 1.600 -6.002     0.973
0 10 7 1.887 -5.841     0.983
0 1 8 0.105 -2.164     1.104
0 2 8 -0.171 -2.409     1.177
0 3 8 -2.040 -2.242     1.140
0 4 8 -3.223 -2.164     1.087
0 5 8 -2.082 -2.601     1.115
0 6 8 -1.462 -4.393     1.051
0 7 8 -0.707 -5.596     1.006
0 8 8 0.845 -5.903     0.986
0 9 8 1.632 -5.966     0.975
0 10 8 1.944 -6.028     0.973
0 1 9 -0.046 -2.054     0.914
0 2 9 0.048 -2.351     0.982
0 3 9 -1.254 -1.648     0.993
0 4 9 -2.707 -1.325     0.950
0 5 9 -2.671 -2.716     0.902
0 6 9 -2.046 -4.565     0.837
0 7 9 -0.577 -5.565     0.810
0 8 9 1.012 -5.731     0.796
0 9 9 1.569 -5.747     0.796
0 10 9 1.637 -6.070     0.774
1 1 1 1.158 -1.206     0.978
1 2 1 0.033 -0.545     1.242
1 3 1 -1.253 -0.259     1.262
1 4 1 0.669 -0.003     1.263
1 5 1 1.981 -0.342     1.166
1 6 1 0.033 1.023     1.262
1 7 1 -0.086 -0.389     1.318
1 8 1 0.424 0.471     1.308
1 9 1 0.664 0.122     1.231
1 10 1 1.257 -0.529     1.133
1 1 2 0.747 -0.837     1.014
1 2 2 -0.513 0.044     1.254
1 3 2 -0.805 0.997     1.262
1 4 2 0.612 1.476     1.222
1 5 2 1.497 -0.378     1.225
1 6 2 -0.435 -0.337     1.299
1 7 2 -0.982 -1.269     1.147
1 8 2 0.195 -1.191     1.157
1 9 2 0.289 -0.628     1.156
1 10 2 0.851 -0.769     1.101
1 1 3 0.830 -0.545     1.038
1 2 3 0.028 0.184     1.302
1 3 3 -0.217 1.731     1.199
1 4 3 -0.248 1.689     1.253
1 5 3 -0.149 -0.566     1.259
1 6 3 -1.159 -0.795     1.159
1 7 3 -1.920 -1.665     1.024
1 8 3 -0.081 -2.352     1.006
1 9 3 0.596 -1.628     1.041
1 10 3 0.565 -1.305     1.065
1 1 4 0.440 -0.561     1.078
1 2 4 0.356 -0.144     1.257
1 3 4 0.393 1.325     1.231
1 4 4 -0.878 1.116     1.313
1 5 4 -0.904 -0.467     1.209
1 6 4 -1.362 -1.071     1.112
1 7 4 -2.362 -1.581     0.991
1 8 4 -0.055 -2.722     0.953
1 9 4 1.153 -2.337     0.978
1 10 4 0.565 -1.868     1.021
1 1 5 0.252 -1.243     1.096
1 2 5 0.596 -0.384     1.281
1 3 5 0.768 0.669     1.292
1 4 5 -0.883 0.590     1.278
1 5 5 -1.373 -1.045     1.122
1 6 5 -1.227 -2.040     1.038
1 7 5 -2.086 -1.915     0.995
1 8 5 -0.055 -2.696     0.945
1 9 5 1.481 -2.587     0.942
1 10 5 0.737 -2.139     1.004
1 1 6 0.054 -1.134     1.095
1 2 6 1.117 -0.514     1.246
1 3 6 0.674 -0.087     1.292
1 4 6 -1.368 -0.852     1.130
1 5 6 -1.612 -2.217     1.015
1 6 6 -0.836 -2.581     1.014
1 7 6 -1.144 -2.759     0.968
1 8 6 0.299 -2.175     0.999
1 9 6 1.731 -2.498     0.933
1 10 6 0.981 -2.149     0.989
1 1 7 0.033 -0.352     1.180
1 2 7 1.257 -0.451     1.232
1 3 7 -0.253 -1.035     1.190
1 4 7 -2.081 -1.779     1.015
1 5 7 -0.784 -1.904     1.045
1 6 7 -0.159 -2.321     1.037
1 7 7 -0.248 -3.055     0.939
1 8 7 0.955 -2.196     0.996
1 9 7 1.429 -2.472     0.942
1 10 7 1.117 -2.134     0.977
1 1 8 0.065 -0.680     1.149
1 2 8 0.164 -0.920     1.242
1 3 8 -1.508 -0.852     1.158
1 4 8 -1.977 -0.368     1.089
1 5 8 -0.128 -0.342     1.196
1 6 8 0.028 -1.811     1.059
1 7 8 0.117 -2.691     0.966
1 8 8 1.278 -2.680     0.947
1 9 8 1.414 -2.410     0.950
1 10 8 1.054 -2.248     0.965
1 1 9 -0.279 -0.618     0.898
1 2 9 -0.232 -1.149     0.975
1 3 9 -1.352 -0.410     0.974
1 4 9 -1.883 0.304     0.905
1 5 9 -0.956 -0.748     0.881
1 6 9 -0.618 -1.930     0.786
1 7 9 0.299 -2.493     0.742
1 8 9 1.497 -2.337     0.725
1 9 9 1.216 -2.149     0.743
1 10 9 0.502 -2.420     0.720
2 1 1 0.961 -0.797     0.972
2 2 1 0.138 -0.115     1.308
2 3 1 -1.133 0.036     1.273
2 4 1 0.232 0.328     1.308
2 5 1 0.945 -0.245     1.188
2 6 1 -1.347 0.927     1.237
2 7 1 -1.091 -0.605     1.310
2 8 1 -0.102 0.447     1.357
2 9 1 0.028 0.041     1.298
2 10 1 0.377 -0.813     1.154
2 1 2 0.393 -0.589     1.035
2 2 2 -0.586 0.062     1.280
2 3 2 -0.852 0.864     1.261
2 4 2 -0.003 1.499     1.203
2 5 2 0.502 -0.323     1.258
2 6 2 -1.430 -0.105     1.284
2 7 2 -1.487 -1.001     1.113
2 8 2 0.304 -1.042     1.164
2 9 2 0.060 -0.698     1.184
2 10 2 0.054 -1.094     1.106
2 1 3 0.205 -0.547     1.068
2 2 3 -0.211 -0.240     1.387
2 3 3 -0.185 1.041     1.209
2 4 3 -0.680 1.192     1.243
2 5 3 -0.748 -0.428     1.280
2 6 3 -1.555 -0.251     1.140
2 7 3 -1.946 -0.896     0.977
2 8 3 0.362 -1.730     0.985
2 9 3 0.674 -1.245     1.037
2 10 3 -0.076 -1.370     1.057
2 1 4 -0.315 -0.782     1.089
2 2 4 0.206 -0.615     1.278
2 3 4 0.659 0.437     1.261
2 4 4 -1.013 0.468     1.319
2 5 4 -1.175 -0.360     1.211
2 6 4 -1.435 -0.615     1.098
2 7 4 -2.159 -0.631     0.938
2 8 4 0.617 -1.698     0.923
2 9 4 1.414 -1.553     0.949
2 10 4 0.133 -1.646     0.999
2 1 5 -0.388 -1.495     1.091
2 2 5 0.544 -0.719     1.301
2 3 5 0.940 -0.006     1.317
2 4 5 -0.972 0.098     1.293
2 5 5 -1.268 -0.844     1.111
2 6 5 -0.935 -1.495     1.016
2 7 5 -1.899 -0.954     0.950
2 8 5 0.383 -1.391     0.930
2 9 5 1.726 -1.615     0.902
2 10 5 0.471 -1.662     0.978
2 1 6 -0.357 -1.251     1.066
2 2 6 1.164 -0.719     1.242
2 3 6 0.768 -0.292     1.323
2 4 6 -1.253 -0.698     1.131
2 5 6 -0.925 -1.480     0.995
2 6 6 -0.018 -1.641     0.994
2 7 6 -0.805 -1.745     0.939
2 8 6 0.560 -0.688     1.014
2 9 6 1.919 -1.360     0.882
2 10 6 0.888 -1.391     0.968
2 1 7 -0.216 -0.303     1.221
2 2 7 1.252 -0.355     1.235
2 3 7 -0.107 -0.573     1.234
2 4 7 -1.513 -0.782     0.997
2 5 7 0.237 -0.620     1.078
2 6 7 0.810 -1.120     1.034
2 7 7 0.461 -1.896     0.907
2 8 7 1.372 -0.850     0.975
2 9 7 1.560 -1.282     0.903
2 10 7 1.107 -1.188     0.964
2 1 8 -0.065 -0.516     1.173
2 2 8 0.346 -0.589     1.275
2 3 8 -1.091 -0.037     1.167
2 4 8 -1.237 0.869     1.076
2 5 8 0.705 0.869     1.204
2 6 8 0.737 -0.646     1.071
2 7 8 0.846 -1.422     0.943
2 8 8 1.711 -1.422     0.898
2 9 8 1.502 -1.230     0.921
2 10 8 1.023 -1.271     0.952
2 1 9 -0.362 -0.469     0.877
2 2 9 0.023 -0.907     0.955
2 3 9 -0.873 0.177     0.956
2 4 9 -1.440 1.208     0.841
2 5 9 -0.498 0.182     0.875
2 6 9 -0.143 -0.912     0.766
2 7 9 0.825 -1.256     0.692
2 8 9 1.768 -1.032     0.656
2 9 9 1.070 -0.912     0.706
2 10 9 0.325 -1.428     0.685
3 1 1 1.779 -2.768     0.963
3 2 1 0.831 -1.549     1.423
3 3 1 -0.075 -1.013     1.445
3 4 1 1.461 -0.367     1.443
3 5 1 1.941 0.024     1.308
3 6 1 -0.153 0.899     1.421
3 7 1 0.399 -0.794     1.494
3 8 1 1.008 0.368     1.526
3 9 1 0.883 -0.002     1.476
3 10 1 1.107 -0.778     1.304
3 1 2 1.451 -2.179     1.044
3 2 2 0.451 -0.882     1.434
3 3 2 0.519 0.196     1.461
3 4 2 1.472 0.826     1.339
3 5 2 1.566 -0.549     1.374
3 6 2 -0.565 -0.252     1.482
3 7 2 -0.497 -1.184     1.267
3 8 2 1.008 -0.997     1.312
3 9 2 0.467 -0.372     1.378
3 10 2 0.519 -0.768     1.281
3 1 3 1.680 -1.684     1.097
3 2 3 1.086 -0.773     1.562
3 3 3 1.066 0.810     1.361
3 4 3 0.560 0.862     1.420
3 5 3 0.263 -0.684     1.472
3 6 3 -0.893 -0.304     1.317
3 7 3 -1.398 -0.747     1.120
3 8 3 1.003 -1.414     1.123
3 9 3 0.972 -0.726     1.196
3 10 3 0.008 -0.830     1.236
3 1 4 1.154 -1.398     1.135
3 2 4 1.092 -0.919     1.410
3 3 4 1.159 0.435     1.424
3 4 4 -0.309 0.430     1.524
3 5 4 -0.070 -0.294     1.433
3 6 4 -0.648 -0.429     1.285
3 7 4 -1.789 -0.054     1.071
3 8 4 1.248 -1.138     1.060
3 9 4 1.618 -0.888     1.079
3 10 4 -0.132 -0.867     1.177
3 1 5 0.800 -1.830     1.170
3 2 5 0.826 -0.867     1.467
3 3 5 0.868 0.045     1.505
3 4 5 -0.617 0.263     1.490
3 5 5 -0.320 -0.487     1.309
3 6 5 -0.101 -1.054     1.180
3 7 5 -1.513 -0.216     1.096
3 8 5 0.914 -0.684     1.093
3 9 5 1.805 -0.945     1.026
3 10 5 -0.007 -0.851     1.157
3 1 6 0.316 -1.627     1.106
3 2 6 1.175 -0.841     1.387
3 3 6 0.800 -0.257     1.505
3 4 6 -0.773 -0.440     1.311
3 5 6 -0.174 -0.971     1.164
3 6 6 0.477 -1.023     1.159
3 7 6 -0.497 -1.164     1.098
3 8 6 0.888 -0.049     1.190
3 9 6 1.894 -0.836     1.003
3 10 6 0.513 -0.763     1.144
3 1 7 0.123 -0.533     1.339
3 2 7 1.394 -0.424     1.383
3 3 7 0.310 -0.539     1.430
3 4 7 -0.794 -0.523     1.173
3 5 7 0.805 -0.268     1.256
3 6 7 0.915 -0.679     1.199
3 7 7 0.696 -1.460     1.043
3 8 7 1.654 -0.351     1.110
3 9 7 1.539 -0.851     1.038
3 10 7 0.987 -0.820     1.121
3 1 8 0.237 -0.638     1.288
3 2 8 0.638 -0.554     1.460
3 3 8 -0.533 0.133     1.361
3 4 8 -0.518 0.956     1.243
3 5 8 1.060 0.737     1.361
3 6 8 0.743 -0.533     1.251
3 7 8 1.118 -0.841     1.092
3 8 8 1.987 -0.799     1.015
3 9 8 1.404 -0.737     1.063
3 10 8 0.852 -1.070     1.105
3 1 9 -0.028 -0.591     0.858
3 2 9 0.425 -0.882     0.996
3 3 9 -0.492 0.321     1.015
3 4 9 -0.877 1.133     0.856
3 5 9 0.045 -0.044     0.957
3 6 9 0.232 -0.679     0.817
3 7 9 1.274 -0.419     0.713
3 8 9 1.873 -0.216     0.654
3 9 9 0.711 -0.351     0.750
3 10 9 -0.018 -1.237     0.712
4 1 1 2.100 -3.212     0.947
4 2 1 1.188 -1.905     1.518
4 3 1 0.022 -1.067     1.630
4 4 1 1.444 -0.212     1.588
4 5 1 2.032 0.397     1.434
4 6 1 -0.036 0.996     1.621
4 7 1 0.574 -0.822     1.692
4 8 1 1.063 0.584     1.708
4 9 1 0.845 0.517     1.672
4 10 1 1.100 -0.140     1.493
4 1 2 1.933 -2.671     1.035
4 2 2 0.897 -1.082     1.599
4 3 2 0.657 0.116     1.681
4 4 2 1.298 0.772     1.497
4 5 2 1.391 -0.509     1.527
4 6 2 -0.640 -0.306     1.697
4 7 2 -0.405 -1.212     1.436
4 8 2 1.095 -0.770     1.482
4 9 2 0.459 0.267     1.607
4 10 2 0.532 -0.004     1.508
4 1 3 2.194 -2.082     1.109
4 2 3 1.595 -0.879     1.715
4 3 3 1.287 0.741     1.523
4 4 3 0.397 0.720     1.633
4 5 3 -0.030 -0.780     1.686
4 6 3 -1.004 -0.447     1.505
4 7 3 -1.322 -0.947     1.272
4 8 3 1.053 -1.379     1.285
4 9 3 0.928 -0.343     1.385
4 10 3 -0.077 -0.181     1.483
4 1 4 1.553 -1.525     1.178
4 2 4 1.418 -0.874     1.542
4 3 4 1.246 0.501     1.594
4 4 4 -0.530 0.470     1.745
4 5 4 -0.411 -0.400     1.657
4 6 4 -0.791 -0.624     1.481
4 7 4 -1.739 -0.311     1.216
4 8 4 1.209 -1.348     1.217
4 9 4 1.506 -0.910     1.236
4 10 4 -0.228 -0.515     1.400
4 1 5 0.938 -1.723     1.265
4 2 5 0.964 -0.738     1.642
4 3 5 0.891 0.230     1.706
4 4 5 -0.911 0.397     1.681
4 5 5 -0.707 -0.671     1.499
4 6 5 -0.145 -1.218     1.360
4 7 5 -1.322 -0.369     1.263
4 8 5 0.928 -1.035     1.260
4 9 5 1.751 -1.166     1.165
4 10 5 -0.015 -0.692     1.373
4 1 6 0.136 -1.389     1.181
4 2 6 1.095 -0.660     1.564
4 3 6 0.735 -0.077     1.721
4 4 6 -1.213 -0.436     1.485
4 5 6 -0.567 -1.280     1.328
4 6 6 0.574 -1.212     1.332
4 7 6 -0.249 -1.254     1.271
4 8 6 0.944 -0.322     1.386
4 9 6 1.865 -1.009     1.139
4 10 6 0.454 -0.655     1.353
4 1 7 -0.161 -0.327     1.498
4 2 7 1.069 -0.322     1.572
4 3 7 -0.093 -0.520     1.657
4 4 7 -1.442 -0.650     1.331
4 5 7 0.522 -0.509     1.463
4 6 7 1.089 -0.874     1.368
4 7 7 0.740 -1.655     1.188
4 8 7 1.527 -0.551     1.266
4 9 7 1.428 -0.942     1.191
4 10 7 0.813 -0.707     1.313
4 1 8 -0.181 -0.509     1.429
4 2 8 0.136 -0.561     1.688
4 3 8 -1.109 -0.030     1.541
4 4 8 -1.041 0.850     1.410
4 5 8 1.001 0.741     1.536
4 6 8 0.876 -0.608     1.442
4 7 8 1.011 -1.150     1.249
4 8 8 1.766 -1.103     1.146
4 9 8 1.303 -0.858     1.227
4 10 8 0.735 -0.962     1.289
4 1 9 -0.536 -0.426     0.832
4 2 9 -0.135 -0.874     1.041
4 3 9 -0.843 0.131     1.060
4 4 9 -1.056 1.017     0.867
4 5 9 0.089 -0.067     1.036
4 6 9 0.272 -0.785     0.863
4 7 9 1.022 -0.754     0.733
4 8 9 1.683 -0.520     0.664
4 9 9 0.673 -0.515     0.796
4 10 9 -0.051 -1.223     0.743
5 1 1 2.679 -4.223     0.978
5 2 1 1.690 -2.296     1.682
5 3 1 0.560 -1.244     1.894
5 4 1 1.607 -0.489     1.873
5 5 1 1.867 0.954     1.644
5 6 1 0.242 1.147     1.897
5 7 1 1.086 -0.827     1.974
5 8 1 1.268 0.485     1.982
5 9 1 0.956 0.412     1.980
5 10 1 1.122 -0.228     1.783
5 1 2 2.534 -3.801     1.088
5 2 2 1.357 -1.473     1.867
5 3 2 1.101 -0.275     1.972
5 4 2 1.508 0.126     1.767
5 5 2 1.200 -0.588     1.831
5 6 2 -0.643 -0.270     2.029
5 7 2 -0.175 -1.275     1.746
5 8 2 1.054 -0.781     1.777
5 9 2 0.325 0.261     1.969
5 10 2 0.393 -0.140     1.869
5 1 3 2.851 -3.119     1.148
5 2 3 1.971 -1.119     2.069
5 3 3 1.570 0.459     1.782
5 4 3 0.742 0.230     1.937
5 5 3 0.190 -1.025     1.992
5 6 3 -1.050 -0.380     1.811
5 7 3 -1.513 -0.952     1.555
5 8 3 0.768 -1.442     1.565
5 9 3 0.622 -0.364     1.731
5 10 3 -0.367 -0.369     1.836
5 1 4 2.383 -2.281     1.289
5 2 4 1.732 -0.932     1.805
5 3 4 1.252 0.563     1.854
5 4 4 -0.232 0.381     2.080
5 5 4 0.122 -0.473     2.000
5 6 4 -0.664 -0.452     1.809
5 7 4 -2.055 -0.166     1.497
5 8 4 0.830 -1.270     1.532
5 9 4 1.143 -0.859     1.527
5 10 4 -0.664 -0.708     1.725
5 1 5 1.758 -2.395     1.301
5 2 5 1.034 -0.890     1.907
5 3 5 0.716 0.407     1.996
5 4 5 -0.701 0.532     1.986
5 5 5 -0.274 -0.593     1.833
5 6 5 -0.112 -1.114     1.682
5 7 5 -1.779 -0.218     1.547
5 8 5 0.461 -0.786     1.642
5 9 5 1.310 -0.994     1.452
5 10 5 -0.503 -0.817     1.699
5 1 6 0.706 -2.187     1.394
5 2 6 1.049 -1.083     1.826
5 3 6 0.627 -0.124     2.059
5 4 6 -0.972 -0.406     1.789
5 5 6 -0.326 -1.234     1.629
5 6 6 0.393 -1.171     1.641
5 7 6 -0.737 -1.166     1.576
5 8 6 0.440 -0.051     1.767
5 9 6 1.471 -0.843     1.429
5 10 6 0.096 -0.744     1.700
5 1 7 0.252 -1.057     1.737
5 2 7 1.112 -0.848     1.835
5 3 7 0.034 -0.728     1.997
5 4 7 -1.039 -0.770     1.635
5 5 7 0.732 -0.541     1.810
5 6 7 0.888 -0.838     1.670
5 7 7 0.440 -1.478     1.510
5 8 7 1.273 -0.291     1.585
5 9 7 1.148 -0.812     1.511
5 10 7 0.638 -0.775     1.635
5 1 8 0.179 -1.281     1.660
5 2 8 0.388 -1.093     1.966
5 3 8 -0.784 -0.249     1.877
5 4 8 -0.612 0.673     1.743
5 5 8 1.200 0.615     1.835
5 6 8 0.763 -0.598     1.781
5 7 8 0.914 -0.864     1.585
5 8 8 1.674 -0.775     1.438
5 9 8 1.117 -0.687     1.535
5 10 8 0.591 -0.994     1.596
5 1 9 -0.117 -1.473     0.857
5 2 9 0.357 -1.551     1.112
5 3 9 -0.503 -0.156     1.191
5 4 9 -0.706 0.803     0.982
5 5 9 0.341 -0.228     1.201
5 6 9 0.330 -0.687     1.014
5 7 9 1.127 -0.395     0.880
5 8 9 1.653 -0.130     0.799
5 9 9 0.518 -0.265     0.934
5 10 9 -0.216 -1.145     0.863
6 1 1 3.544 -5.437     0.946
6 2 1 2.669 -3.588     1.744
6 3 1 1.596 -1.963     2.077
6 4 1 2.341 -1.119     2.049
6 5 1 2.211 1.105     1.876
6 6 1 1.028 1.355     2.155
6 7 1 2.237 -0.599     2.197
6 8 1 2.408 0.480     2.191
6 9 1 1.971 0.375     2.233
6 10 1 1.903 -0.208     2.053
6 1 2 3.669 -5.208     1.034
6 2 2 2.434 -2.651     2.004
6 3 2 2.205 -1.000     2.162
6 4 2 2.627 -0.552     1.950
6 5 2 2.044 -0.677     2.076
6 6 2 0.429 -0.046     2.430
6 7 2 1.226 -1.234     2.029
6 8 2 2.054 -0.666     2.031
6 9 2 1.028 0.636     2.292
6 10 2 1.091 0.375     2.205
6 1 3 4.289 -4.724     1.078
6 2 3 3.184 -2.031     2.140
6 3 3 2.606 -0.046     1.972
6 4 3 2.070 -0.010     2.180
6 5 3 1.435 -1.067     2.264
6 6 3 0.039 -0.208     2.227
6 7 3 -0.368 -1.166     1.890
6 8 3 1.408 -1.546     1.831
6 9 3 0.851 -0.104     2.098
6 10 3 -0.034 0.219     2.251
6 1 4 3.898 -3.822     1.232
6 2 4 2.643 -1.395     1.991
6 3 4 1.742 0.594     2.102
6 4 4 0.638 0.688     2.431
6 5 4 1.283 -0.291     2.314
6 6 4 0.231 -0.130     2.222
6 7 4 -1.310 -0.104     1.825
6 8 4 1.169 -1.432     1.816
6 9 4 1.044 -0.932     1.848
6 10 4 -0.680 -0.302     2.092
6 1 5 3.086 -3.619     1.288
6 2 5 1.513 -0.994     2.172
6 3 5 0.695 0.797     2.340
6 4 5 -0.378 1.000     2.325
6 5 5 0.487 -0.432     2.213
6 6 5 0.591 -0.776     2.038
6 7 5 -1.086 0.276     1.885
6 8 5 0.888 -0.822     1.979
6 9 5 1.247 -1.156     1.753
6 10 5 -0.586 -0.614     2.057
6 1 6 1.705 -3.156     1.433
6 2 6 1.195 -1.625     2.088
6 3 6 0.471 -0.260     2.459
6 4 6 -0.743 -0.468     2.150
6 5 6 0.174 -1.474     1.933
6 6 6 0.882 -1.224     1.950
6 7 6 -0.196 -0.817     1.933
6 8 6 0.809 -0.109     2.139
6 9 6 1.372 -0.911     1.727
6 10 6 -0.065 -0.609     2.084
6 1 7 0.778 -2.114     1.859
6 2 7 1.169 -2.213     2.053
6 3 7 0.101 -1.937     2.252
6 4 7 -0.654 -1.765     1.911
6 5 7 1.158 -1.224     2.091
6 6 7 1.237 -1.161     1.961
6 7 7 0.622 -1.520     1.810
6 8 7 1.231 -0.369     1.915
6 9 7 0.945 -0.760     1.840
6 10 7 0.424 -0.588     2.009
6 1 8 0.289 -2.703     1.746
6 2 8 0.440 -2.932     2.126
6 3 8 -0.612 -1.890     2.137
6 4 8 -0.112 -0.671     2.110
6 5 8 1.783 -0.224     2.116
6 6 8 1.205 -0.776     2.097
6 7 8 0.987 -0.911     1.908
6 8 8 1.492 -0.791     1.742
6 9 8 0.888 -0.562     1.878
6 10 8 0.367 -0.744     1.961
6 1 9 -0.128 -3.000     0.738
6 2 9 0.596 -3.255     1.071
6 3 9 -0.149 -1.640     1.240
6 4 9 -0.019 -0.375     1.095
6 5 9 1.231 -0.843     1.258
6 6 9 0.882 -0.656     1.096
6 7 9 1.132 -0.333     0.961
6 8 9 1.450 -0.130     0.862
6 9 9 0.346 -0.171     1.048
6 10 9 -0.394 -0.880     0.948
7 1 1 3.337 -5.564     0.927
7 2 1 2.243 -3.308     1.827
7 3 1 1.128 -1.876     2.274
7 4 1 2.003 -1.173     2.250
7 5 1 2.045 1.150     2.093
7 6 1 0.852 1.582     2.402
7 7 1 2.024 -0.287     2.420
7 8 1 2.394 0.640     2.370
7 9 1 2.134 0.395     2.438
7 10 1 2.144 -0.439     2.272
7 1 2 3.394 -5.246     1.005
7 2 2 1.993 -2.402     2.138
7 3 2 1.722 -0.918     2.399
7 4 2 2.269 -0.485     2.169
7 5 2 1.889 -0.803     2.305
7 6 2 0.238 -0.079     2.851
7 7 2 0.894 -1.017     2.325
7 8 2 1.852 -0.470     2.280
7 9 2 1.066 0.660     2.610
7 10 2 1.222 0.249     2.521
7 1 3 3.883 -4.537     1.054
7 2 3 2.670 -1.860     2.234
7 3 3 2.144 -0.001     2.203
7 4 3 1.649 0.020     2.444
7 5 3 1.144 -1.371     2.512
7 6 3 -0.064 -0.428     2.629
7 7 3 -0.564 -1.194     2.194
7 8 3 1.009 -1.444     2.101
7 9 3 0.732 -0.027     2.463
7 10 3 0.186 0.181     2.673
7 1 4 3.482 -3.298     1.240
7 2 4 2.342 -1.386     2.158
7 3 4 1.696 0.332     2.363
7 4 4 0.555 0.535     2.795
7 5 4 0.873 -0.668     2.647
7 6 4 0.113 -0.360     2.630
7 7 4 -1.340 -0.616     2.119
7 8 4 0.696 -1.543     2.081
7 9 4 0.925 -0.850     2.167
7 10 4 -0.314 -0.366     2.484
7 1 5 2.628 -3.199     1.322
7 2 5 1.347 -1.324     2.413
7 3 5 0.988 0.020     2.680
7 4 5 0.040 0.400     2.728
7 5 5 0.368 -0.871     2.558
7 6 5 0.368 -1.142     2.356
7 7 5 -1.117 -0.423     2.205
7 8 5 0.524 -1.017     2.294
7 9 5 1.186 -1.058     2.043
7 10 5 -0.252 -0.746     2.417
7 1 6 1.160 -3.329     1.474
7 2 6 0.831 -2.272     2.280
7 3 6 0.670 -1.376     2.739
7 4 6 -0.236 -1.616     2.415
7 5 6 0.128 -2.230     2.143
7 6 6 0.618 -1.840     2.194
7 7 6 -0.200 -1.204     2.247
7 8 6 0.634 -0.142     2.507
7 9 6 1.331 -0.756     2.023
7 10 6 0.160 -0.756     2.453
7 1 7 0.347 -2.881     1.923
7 2 7 0.774 -2.991     2.171
7 3 7 0.149 -2.944     2.373
7 4 7 -0.361 -3.084     2.039
7 5 7 1.071 -2.303     2.265
7 6 7 1.227 -1.746     2.184
7 7 7 0.753 -1.501     2.077
7 8 7 1.134 -0.220     2.246
7 9 7 0.941 -0.626     2.169
7 10 7 0.535 -0.751     2.363
7 1 8 0.133 -3.574     1.760
7 2 8 0.399 -3.558     2.183
7 3 8 -0.434 -2.543     2.298
7 4 8 0.113 -1.537     2.380
7 5 8 2.087 -0.965     2.314
7 6 8 1.686 -1.084     2.334
7 7 8 1.165 -0.850     2.199
7 8 8 1.415 -0.595     2.040
7 9 8 0.936 -0.548     2.214
7 10 8 0.592 -0.959     2.288
7 1 9 -0.007 -3.558     0.598
7 2 9 0.805 -3.595     0.993
7 3 9 0.175 -1.944     1.247
7 4 9 0.462 -0.709     1.170
7 5 9 1.873 -1.142     1.245
7 6 9 1.498 -0.824     1.125
7 7 9 1.259 -0.277     1.005
7 8 9 1.410 -0.037     0.917
7 9 9 0.581 -0.277     1.133
7 10 9 0.061 -1.225     1.004
8 1 1 4.067 -5.787     0.893
8 2 1 2.963 -3.756     1.875
8 3 1 1.885 -2.115     2.449
8 4 1 2.739 -1.319     2.389
8 5 1 2.599 1.207     2.289
8 6 1 1.494 1.629     2.632
8 7 1 2.708 -0.261     2.591
8 8 1 3.187 0.822     2.469
8 9 1 3.218 0.890     2.527
8 10 1 3.307 0.431     2.396
8 1 2 4.140 -5.391     0.965
8 2 2 2.786 -2.720     2.214
8 3 2 2.489 -1.131     2.572
8 4 2 3.041 -0.683     2.306
8 5 2 2.593 -0.641     2.522
8 6 2 1.078 0.051     3.207
8 7 2 2.015 -1.246     2.533
8 8 2 3.067 -0.501     2.410
8 9 2 2.234 1.348     2.783
8 10 2 2.286 1.416     2.698
8 1 3 4.578 -4.714     1.013
8 2 3 3.416 -2.053     2.231
8 3 3 2.885 -0.209     2.370
8 4 3 2.442 -0.141     2.637
8 5 3 1.932 -1.173     2.714
8 6 3 0.817 -0.214     3.012
8 7 3 0.869 -1.438     2.481
8 8 3 2.494 -1.626     2.265
8 9 3 1.765 0.562     2.740
8 10 3 0.932 1.473     2.959
8 1 4 4.104 -3.725     1.209
8 2 4 2.942 -1.563     2.297
8 3 4 2.276 0.145     2.579
8 4 4 1.250 0.306     3.122
8 5 4 1.671 -0.595     2.908
8 6 4 1.020 0.015     2.996
8 7 4 0.182 -0.329     2.545
8 8 4 2.182 -1.631     2.274
8 9 4 1.791 -0.579     2.468
8 10 4 0.156 0.546     2.920
8 1 5 3.244 -3.647     1.312
8 2 5 1.948 -1.490     2.606
8 3 5 1.463 -0.027     2.982
8 4 5 0.609 0.317     3.132
8 5 5 1.224 -0.756     2.863
8 6 5 1.442 -0.610     2.662
8 7 5 0.494 0.192     2.631
8 8 5 2.041 -1.157     2.510
8 9 5 1.958 -1.162     2.310
8 10 5 0.026 -0.251     2.893
8 1 6 1.864 -3.584     1.511
8 2 6 1.505 -2.287     2.445
8 3 6 1.104 -1.126     3.041
8 4 6 0.328 -1.168     2.761
8 5 6 1.031 -1.751     2.394
8 6 6 1.770 -1.397     2.427
8 7 6 1.276 -0.964     2.555
8 8 6 1.979 -0.740     2.750
8 9 6 1.974 -1.095     2.287
8 10 6 0.229 -0.355     2.910
8 1 7 1.036 -2.902     1.957
8 2 7 1.463 -2.855     2.300
8 3 7 0.750 -2.563     2.561
8 4 7 0.286 -2.392     2.269
8 5 7 1.765 -1.772     2.466
8 6 7 2.093 -1.626     2.386
8 7 7 1.890 -1.892     2.283
8 8 7 2.213 -1.016     2.479
8 9 7 1.447 -0.964     2.480
8 10 7 0.390 -0.298     2.817
8 1 8 0.776 -3.438     1.772
8 2 8 1.026 -3.386     2.281
8 3 8 0.208 -2.282     2.527
8 4 8 0.666 -1.173     2.715
8 5 8 2.395 -0.824     2.515
8 6 8 2.182 -1.313     2.537
8 7 8 2.062 -1.506     2.414
8 8 8 2.302 -1.308     2.259
8 9 8 1.276 -0.746     2.554
8 10 8 0.302 -0.459     2.733
8 1 9 0.515 -3.475     0.467
8 2 9 1.359 -3.496     0.943
8 3 9 0.677 -1.766     1.286
8 4 9 0.859 -0.480     1.265
8 5 9 2.125 -1.115     1.248
8 6 9 1.932 -1.105     1.151
8 7 9 2.000 -0.985     1.036
8 8 9 1.989 -0.683     0.969
8 9 9 0.635 -0.324     1.251
8 10 9 -0.297 -0.584     1.132
9 1 1 3.416 -4.437     0.866
9 2 1 2.927 -2.615     1.915
9 3 1 2.172 -1.427     2.547
9 4 1 2.453 -0.641     2.502
9 5 1 2.385 1.615     2.388
9 6 1 2.015 1.547     2.735
9 7 1 3.114 -0.042     2.621
9 8 1 3.484 0.693     2.457
9 9 1 3.552 0.620     2.490
9 10 1 3.547 0.333     2.385
9 1 2 3.448 -4.208     0.934
9 2 2 2.755 -2.073     2.221
9 3 2 2.583 -0.943     2.649
9 4 2 2.625 -0.443     2.414
9 5 2 2.172 0.136     2.686
9 6 2 1.526 0.771     3.383
9 7 2 2.692 -0.370     2.610
9 8 2 3.385 -0.198     2.409
9 9 2 2.599 1.156     2.822
9 10 2 2.677 1.193     2.730
9 1 3 3.890 -3.828     0.972
9 2 3 3.265 -1.734     2.166
9 3 3 2.828 -0.328     2.458
9 4 3 2.354 -0.078     2.753
9 5 3 1.875 -0.354     2.881
9 6 3 1.213 0.781     3.233
9 7 3 1.541 -0.260     2.696
9 8 3 2.849 -0.927     2.328
9 9 3 1.932 0.667     2.897
9 10 3 1.078 1.354     3.150
9 1 4 3.536 -3.068     1.171
9 2 4 2.765 -1.307     2.356
9 3 4 2.302 0.073     2.700
9 4 4 1.547 0.432     3.318
9 5 4 1.739 0.089     3.085
9 6 4 1.145 0.875     3.227
9 7 4 0.656 0.750     2.832
9 8 4 2.505 -0.766     2.382
9 9 4 1.755 -0.172     2.673
9 10 4 -0.026 0.870     3.241
9 1 5 2.880 -2.844     1.291
9 2 5 1.833 -1.016     2.749
9 3 5 1.526 0.297     3.182
9 4 5 0.942 0.677     3.401
9 5 5 1.270 -0.094     3.118
9 6 5 1.265 0.344     2.927
9 7 5 0.505 1.339     2.881
9 8 5 2.119 -0.141     2.670
9 9 5 1.802 -0.536     2.514
9 10 5 -0.282 0.427     3.264
9 1 6 1.828 -2.578     1.537
9 2 6 1.494 -1.281     2.616
9 3 6 1.083 -0.120     3.327
9 4 6 0.395 -0.333     3.123
9 5 6 0.974 -0.995     2.646
9 6 6 1.380 -0.250     2.678
9 7 6 0.671 0.375     2.883
9 8 6 1.640 0.490     2.949
9 9 6 1.734 -0.385     2.497
9 10 6 -0.141 0.287     3.300
9 1 7 1.203 -1.781     2.016
9 2 7 1.474 -1.432     2.487
9 3 7 0.557 -1.036     2.843
9 4 7 -0.032 -1.312     2.533
9 5 7 1.401 -1.057     2.673
9 6 7 1.416 -0.755     2.609
9 7 7 0.953 -0.750     2.563
9 8 7 1.458 0.135     2.728
9 9 7 0.890 -0.271     2.787
9 10 7 -0.058 0.208     3.227
9 1 8 0.885 -2.266     1.823
9 2 8 0.937 -2.016     2.446
9 3 8 -0.042 -1.052     2.827
9 4 8 0.203 -0.521     3.066
9 5 8 1.729 -0.448     2.725
9 6 8 1.291 -0.922     2.771
9 7 8 1.010 -0.812     2.681
9 8 8 1.265 -0.489     2.519
9 9 8 0.479 -0.193     2.914
9 10 8 -0.329 0.099     3.114
9 1 9 0.489 -2.641     0.389
9 2 9 1.062 -2.614     0.933
9 3 9 0.312 -1.161     1.347
9 4 9 0.229 -0.318     1.385
9 5 9 1.255 -1.052     1.291
9 6 9 0.942 -1.021     1.215
9 7 9 0.932 -0.599     1.118
9 8 9 0.885 -0.177     1.056
9 9 9 -0.245 0.073     1.373
9 10 9 -1.016 0.104     1.206
10 1 1 2.980 -4.797     0.916
10 2 1 2.355 -2.307     1.990
10 3 1 1.579 -1.026     2.746
10 4 1 2.172 -0.349     2.663
10 5 1 2.323 1.573     2.452
10 6 1 1.693 1.515     2.890
10 7 1 2.599 -0.177     2.671
10 8 1 2.855 0.672     2.507
10 9 1 2.756 0.557     2.561
10 10 1 2.678 0.307     2.476
10 1 2 2.964 -4.521     0.969
10 2 2 2.053 -1.787     2.716
10 3 2 1.980 -0.516     2.782
10 4 2 2.125 -0.058     2.585
10 5 2 1.709 0.041     3.144
10 6 2 0.938 0.588     3.633
10 7 2 2.063 -0.604     2.756
10 8 2 2.782 -0.224     2.500
10 9 2 1.891 1.114     2.927
10 10 2 2.042 1.146     2.825
10 1 3 3.287 -4.000     1.004
10 2 3 2.422 -1.563     2.790
10 3 3 2.131 0.088     2.603
10 4 3 1.500 0.198     2.971
10 5 3 0.995 -0.495     3.147
10 6 3 0.386 0.583     3.579
10 7 3 0.719 -0.563     3.040
10 8 3 2.235 -1.125     2.471
10 9 3 1.417 0.531     3.096
10 10 3 0.667 1.234     3.353
10 1 4 2.995 -3.110     1.214
10 2 4 2.037 -1.229     2.830
10 3 4 1.537 0.469     2.923
10 4 4 0.537 0.620     3.616
10 5 4 0.974 -0.005     3.364
10 6 4 0.506 0.604     3.539
10 7 4 -0.218 0.370     3.255
10 8 4 1.954 -1.172     2.557
10 9 4 1.417 -0.464     2.886
10 10 4 -0.265 0.693     3.557
10 1 5 2.532 -3.125     1.326
10 2 5 1.297 -1.120     2.936
10 3 5 0.870 0.547     3.451
10 4 5 0.047 0.838     3.703
10 5 5 0.631 -0.297     3.462
10 6 5 0.917 -0.214     3.212
10 7 5 -0.093 0.786     3.207
10 8 5 1.662 -0.651     2.867
10 9 5 1.526 -0.906     2.700
10 10 5 -0.458 0.250     3.615
10 1 6 1.563 -3.313     1.583
10 2 6 1.110 -1.781     2.780
10 3 6 0.714 -0.182     3.604
10 4 6 -0.171 -0.406     3.504
10 5 6 0.495 -1.401     2.910
10 6 6 1.204 -0.974     2.905
10 7 6 0.490 -0.334     3.253
10 8 6 1.422 0.026     3.172
10 9 6 1.558 -0.740     2.724
10 10 6 -0.270 0.094     3.679
10 1 7 0.891 -2.917     2.025
10 2 7 1.157 -2.375     2.581
10 3 7 0.386 -1.557     3.020
10 4 7 -0.187 -1.610     2.764
10 5 7 1.365 -1.334     2.852
10 6 7 1.521 -1.156     2.795
10 7 7 1.094 -1.271     2.788
10 8 7 1.553 -0.240     2.921
10 9 7 0.875 -0.599     3.076
10 10 7 -0.166 -0.037     3.613
10 1 8 0.636 -3.766     1.779
10 2 8 0.724 -3.255     2.458
10 3 8 -0.182 -1.735     3.005
10 4 8 0.271 -0.672     3.414
10 5 8 1.995 -0.391     2.860
10 6 8 1.605 -0.948     2.917
10 7 8 1.355 -1.005     2.892
10 8 8 1.568 -0.724     2.730
10 9 8 0.506 -0.396     3.257
10 10 8 -0.437 -0.167     3.478
10 1 9 0.485 -3.964     0.376
10 2 9 1.136 -3.724     0.918
10 3 9 0.282 -1.724     1.418
10 4 9 0.318 -0.328     1.560
10 5 9 1.521 -0.912     1.364
10 6 9 1.235 -0.886     1.301
10 7 9 1.323 -0.573     1.241
10 8 9 1.235 -0.224     1.178
10 9 9 -0.161 0.005     1.577
10 10 9 -1.073 -0.146     1.345
11 1 1 2.778 -4.237     0.909
11 2 1 1.690 -2.039     2.067
11 3 1 0.315 -1.320     2.938
11 4 1 1.237 -0.831     2.840
11 5 1 2.080 0.534     2.554
11 6 1 0.955 1.127     3.057
11 7 1 1.018 -0.263     2.899
11 8 1 1.080 0.091     2.730
11 9 1 1.252 -1.300     2.691
11 10 1 1.632 -2.570     2.460
11 1 2 2.799 -3.982     0.961
11 2 2 1.669 -1.748     2.747
11 3 2 1.096 -0.482     2.992
11 4 2 1.341 0.096     2.775
11 5 2 1.299 -0.956     3.269
11 6 2 0.002 -1.050     3.859
11 7 2 0.018 -2.274     2.816
11 8 2 0.731 -2.383     2.550
11 9 2 0.627 -2.763     2.903
11 10 2 1.039 -3.492     2.698
11 1 3 3.106 -3.471     1.000
11 2 3 2.315 -1.581     2.793
11 3 3 1.789 0.331     2.731
11 4 3 0.627 0.440     3.239
11 5 3 -0.487 -1.998     3.221
11 6 3 -1.269 -2.367     3.520
11 7 3 -1.295 -3.680     2.833
11 8 3 0.309 -4.419     2.296
11 9 3 0.820 -4.326     2.808
11 10 3 0.789 -4.362     3.035
11 1 4 2.669 -2.623     1.223
11 2 4 2.018 -1.195     2.865
11 3 4 1.565 0.351     3.070
11 4 4 -0.524 0.028     3.937
11 5 4 -1.467 -2.206     3.329
11 6 4 -1.696 -2.961     3.367
11 7 4 -1.915 -3.768     2.972
11 8 4 0.283 -4.914     2.290
11 9 4 1.268 -4.992     2.529
11 10 4 0.815 -4.763     3.132
11 1 5 1.919 -2.586     1.361
11 2 5 1.080 -1.117     3.087
11 3 5 0.554 -0.347     3.743
11 4 5 -1.498 -0.987     3.793
11 5 5 -2.118 -2.945     3.257
11 6 5 -1.477 -3.831     2.962
11 7 5 -1.790 -3.789     2.943
11 8 5 0.148 -4.711     2.562
11 9 5 1.570 -5.029     2.367
11 10 5 1.080 -4.794     3.161
11 1 6 0.434 -2.664     1.612
11 2 6 0.164 -1.992     2.878
11 3 6 -0.717 -1.831     3.662
11 4 6 -2.685 -2.992     3.213
11 5 6 -2.430 -4.123     2.605
11 6 6 -1.118 -4.211     2.663
11 7 6 -1.217 -4.404     2.916
11 8 6 0.158 -4.169     2.903
11 9 6 1.710 -4.831     2.407
11 10 6 1.429 -4.732     3.195
11 1 7 -0.409 -2.263     2.073
11 2 7 -0.336 -2.638     2.606
11 3 7 -1.967 -3.258     2.851
11 4 7 -3.602 -4.091     2.390
11 5 7 -1.946 -3.836     2.599
11 6 7 -0.826 -3.982     2.604
11 7 7 -0.691 -4.690     2.499
11 8 7 0.544 -4.107     2.697
11 9 7 1.362 -4.654     2.729
11 10 7 1.653 -4.727     3.130
11 1 8 -0.675 -2.732     1.798
11 2 8 -0.941 -3.091     2.427
11 3 8 -2.659 -2.925     2.802
11 4 8 -3.383 -2.617     3.087
11 5 8 -1.717 -2.555     2.787
11 6 8 -1.138 -3.862     2.705
11 7 8 -0.576 -4.555     2.602
11 8 8 0.820 -4.513     2.480
11 9 8 1.382 -4.456     2.899
11 10 8 1.653 -4.727     3.021
11 1 9 -0.852 -2.831     0.308
11 2 9 -0.737 -3.086     0.842
11 3 9 -1.972 -2.248     1.307
11 4 9 -2.956 -1.820     1.395
11 5 9 -2.383 -2.909     1.194
11 6 9 -1.779 -4.154     1.086
11 7 9 -0.409 -4.503     1.033
11 8 9 1.013 -4.268     1.002
11 9 9 1.226 -4.143     1.336
11 10 9 1.164 -4.654     1.113
12 1 1 0.681 -0.621     0.922
12 2 1 -0.199 0.020     2.211
12 3 1 -0.912 0.103     2.987
12 4 1 1.088 0.139     2.871
12 5 1 2.140 0.129     2.477
12 6 1 0.119 1.202     3.075
12 7 1 -0.147 -0.407     3.036
12 8 1 0.119 0.473     2.864
12 9 1 0.181 0.270     2.839
12 10 1 0.546 0.041     2.565
12 1 2 0.572 -0.720     0.979
12 2 2 -0.517 0.145     2.880
12 3 2 -0.433 1.072     3.019
12 4 2 0.770 1.405     2.750
12 5 2 1.437 -0.126     3.245
12 6 2 -0.298 -0.022     4.043
12 7 2 -0.892 -1.053     2.820
12 8 2 0.171 -1.084     2.598
12 9 2 0.041 -0.288     3.068
12 10 2 0.306 -0.131     2.841
12 1 3 0.692 -0.954     1.006
12 2 3 0.072 -0.173     2.987
12 3 3 0.327 1.457     2.715
12 4 3 0.192 1.457     3.231
12 5 3 0.009 -0.262     3.391
12 6 3 -0.907 -0.308     3.595
12 7 3 -1.730 -1.366     2.719
12 8 3 -0.032 -2.100     2.225
12 9 3 0.536 -1.048     2.847
12 10 3 0.239 -0.522     3.154
12 1 4 0.286 -1.319     1.216
12 2 4 0.520 -0.616     2.943
12 3 4 1.207 1.035     3.030
12 4 4 -0.069 1.015     3.999
12 5 4 -0.418 -0.241     3.476
12 6 4 -0.918 -0.600     3.423
12 7 4 -2.063 -1.225     2.829
12 8 4 0.015 -2.288     2.201
12 9 4 1.145 -1.564     2.472
12 10 4 0.400 -0.892     3.193
12 1 5 0.239 -2.006     1.297
12 2 5 0.947 -0.735     3.103
12 3 5 1.676 0.572     3.664
12 4 5 0.046 0.499     3.950
12 5 5 -0.725 -1.022     3.288
12 6 5 -0.647 -1.621     2.917
12 7 5 -1.798 -1.439     2.820
12 8 5 -0.079 -2.126     2.478
12 9 5 1.369 -1.720     2.285
12 10 5 0.546 -1.084     3.192
12 1 6 0.150 -1.652     1.567
12 2 6 1.655 -0.746     2.823
12 3 6 1.546 -0.027     3.638
12 4 6 -0.558 -0.907     3.270
12 5 6 -0.839 -2.116     2.497
12 6 6 -0.199 -2.163     2.580
12 7 6 -0.902 -2.194     2.792
12 8 6 0.213 -1.433     2.904
12 9 6 1.562 -1.631     2.319
12 10 6 0.744 -1.121     3.204
12 1 7 0.218 -0.626     2.108
12 2 7 1.895 -0.652     2.540
12 3 7 0.562 -0.913     2.910
12 4 7 -1.282 -1.496     2.335
12 5 7 0.056 -1.397     2.604
12 6 7 0.530 -1.756     2.568
12 7 7 0.088 -2.433     2.388
12 8 7 0.900 -1.439     2.669
12 9 7 1.166 -1.683     2.660
12 10 7 0.848 -1.209     3.120
12 1 8 0.275 -0.965     1.807
12 2 8 0.947 -1.116     2.438
12 3 8 -0.563 -0.683     2.883
12 4 8 -1.048 0.139     3.135
12 5 8 0.744 0.322     2.864
12 6 8 0.629 -1.137     2.734
12 7 8 0.468 -2.069     2.523
12 8 8 1.260 -1.980     2.381
12 9 8 1.129 -1.678     2.827
12 10 8 0.754 -1.381     3.000
12 1 9 -0.074 -0.881     0.280
12 2 9 0.588 -1.407     0.853
12 3 9 -0.272 -0.485     1.370
12 4 9 -0.803 0.561     1.424
12 5 9 0.145 -0.152     1.279
12 6 9 0.150 -1.178     1.112
12 7 9 0.650 -1.762     1.018
12 8 9 1.442 -1.548     0.975
12 9 9 0.900 -1.329     1.336
12 10 9 0.161 -1.501     1.115
13 1 1 -0.719 3.770     0.789
13 2 1 -0.604 3.332     2.032
13 3 1 0.010 2.473     2.852
13 4 1 1.542 2.306     2.701
13 5 1 2.214 1.629     2.348
13 6 1 1.885 1.301     2.978
13 7 1 2.974 0.150     2.839
13 8 1 3.495 0.816     2.583
13 9 1 3.422 0.738     2.569
13 10 1 3.417 0.514     2.296
13 1 2 -0.443 3.504     0.974
13 2 2 -0.135 3.103     2.721
13 3 2 0.703 2.566     2.976
13 4 2 1.422 2.160     2.738
13 5 2 1.781 1.061     3.223
13 6 2 1.813 0.874     4.058
13 7 2 3.172 0.374     2.733
13 8 2 4.234 0.421     2.403
13 9 2 3.521 1.509     2.857
13 10 2 3.297 1.447     2.656
13 1 3 -0.016 3.238     1.013
13 2 3 0.552 2.785     2.918
13 3 3 1.172 2.504     2.679
13 4 3 1.297 1.780     3.245
13 5 3 1.589 1.186     3.431
13 6 3 1.802 1.520     3.574
13 7 3 2.781 1.191     2.661
13 8 3 4.625 0.900     2.038
13 9 3 3.906 2.093     2.586
13 10 3 2.719 2.322     2.939
13 1 4 -0.005 2.905     1.221
13 2 4 0.656 2.379     2.875
13 3 4 1.177 2.306     2.987
13 4 4 1.125 1.780     3.985
13 5 4 1.875 1.499     3.441
13 6 4 2.000 1.957     3.342
13 7 4 2.484 2.441     2.704
13 8 4 4.776 1.915     1.958
13 9 4 4.073 2.379     2.235
13 10 4 2.042 2.827     2.981
13 1 5 -0.073 2.249     1.337
13 2 5 0.422 2.056     3.134
13 3 5 0.813 2.171     3.627
13 4 5 0.958 1.869     3.940
13 5 5 1.938 1.353     3.276
13 6 5 2.531 2.035     2.813
13 7 5 2.651 3.098     2.619
13 8 5 4.578 2.665     2.180
13 9 5 4.063 2.488     2.071
13 10 5 1.552 2.973     3.006
13 1 6 -0.187 1.863     1.627
13 2 6 0.339 1.816     2.902
13 3 6 0.203 2.046     3.654
13 4 6 0.479 1.514     3.375
13 5 6 2.224 1.499     2.487
13 6 6 3.052 2.415     2.429
13 7 6 3.052 2.895     2.575
13 8 6 4.328 3.494     2.486
13 9 6 3.750 2.624     2.110
13 10 6 1.214 3.046     3.029
13 1 7 -0.141 1.843     2.145
13 2 7 0.229 1.843     2.629
13 3 7 -0.328 1.957     2.972
13 4 7 0.526 1.874     2.421
13 5 7 2.818 2.353     2.462
13 6 7 3.042 2.379     2.421
13 7 7 3.464 2.634     2.217
13 8 7 4.260 3.473     2.298
13 9 7 2.646 2.827     2.495
13 10 7 0.917 3.129     2.950
13 1 8 0.104 1.322     1.899
13 2 8 0.287 1.577     2.562
13 3 8 0.063 2.421     2.881
13 4 8 1.328 2.723     3.024
13 5 8 2.839 2.415     2.681
13 6 8 2.802 1.957     2.626
13 7 8 3.714 2.691     2.295
13 8 8 3.964 3.051     2.132
13 9 8 1.984 3.202     2.649
13 10 8 0.422 3.244     2.841
13 1 9 0.094 1.244     0.394
13 2 9 0.912 1.191     1.021
13 3 9 0.990 1.926     1.489
13 4 9 1.573 1.843     1.515
13 5 9 2.771 1.093     1.345
13 6 9 3.339 1.889     1.148
13 7 9 4.042 2.733     1.019
13 8 9 3.344 3.306     0.997
13 9 9 0.969 3.634     1.348
13 10 9 -0.365 3.467     1.143
14 1 1 0.321 4.247     0.626
14 2 1 0.472 4.206     1.769
14 3 1 1.092 3.523     2.548
14 4 1 1.607 3.351     2.415
14 5 1 1.571 3.232     2.115
14 6 1 1.696 2.607     2.748
14 7 1 2.342 1.805     2.649
14 8 1 2.461 1.612     2.416
14 9 1 2.295 1.226     2.436
14 10 1 1.847 0.914     2.237
14 1 2 0.326 3.831     0.974
14 2 2 0.826 3.758     2.468
14 3 2 1.477 3.247     2.851
14 4 2 1.597 2.841     2.683
14 5 2 1.487 2.586     3.031
14 6 2 1.862 2.393     3.917
14 7 2 2.774 2.206     2.636
14 8 2 2.972 1.857     2.350
14 9 2 2.430 1.825     2.822
14 10 2 2.008 1.341     2.710
14 1 3 0.300 3.310     1.035
14 2 3 1.008 3.122     2.823
14 3 3 1.503 2.778     2.638
14 4 3 1.472 2.216     3.225
14 5 3 1.612 2.341     3.362
14 6 3 2.112 2.518     3.428
14 7 3 3.045 2.596     2.514
14 8 3 3.529 2.310     1.972
14 9 3 2.560 2.351     2.516
14 10 3 1.816 1.877     2.957
14 1 4 0.139 2.633     1.263
14 2 4 0.961 2.341     2.807
14 3 4 1.269 2.174     3.015
14 4 4 1.373 1.846     3.991
14 5 4 1.946 2.195     3.368
14 6 4 2.321 2.497     3.219
14 7 4 3.144 2.898     2.526
14 8 4 3.836 2.596     1.855
14 9 4 2.508 2.508     2.192
14 10 4 1.373 2.315     2.971
14 1 5 0.139 2.008     1.411
14 2 5 0.862 1.851     3.219
14 3 5 0.956 1.737     3.706
14 4 5 1.269 1.674     3.985
14 5 5 2.326 2.081     3.192
14 6 5 2.836 2.669     2.671
14 7 5 3.274 3.023     2.442
14 8 5 3.857 2.815     2.032
14 9 5 2.503 2.487     2.049
14 10 5 1.050 2.565     2.994
14 1 6 0.612 1.888     1.702
14 2 6 0.972 1.872     2.996
14 3 6 0.701 1.737     3.754
14 4 6 1.482 1.976     3.393
14 5 6 2.982 2.690     2.360
14 6 6 3.305 3.180     2.267
14 7 6 3.430 3.180     2.376
14 8 6 3.743 3.237     2.283
14 9 6 2.389 2.435     2.090
14 10 6 0.868 2.721     3.006
14 1 7 1.060 2.065     2.164
14 2 7 1.118 2.101     2.694
14 3 7 0.904 2.268     3.013
14 4 7 2.326 2.976     2.340
14 5 7 3.607 3.409     2.242
14 6 7 3.321 3.278     2.246
14 7 7 3.519 3.430     2.048
14 8 7 3.441 3.372     2.109
14 9 7 1.987 2.622     2.449
14 10 7 0.862 2.872     2.907
14 1 8 1.336 2.148     1.914
14 2 8 1.373 2.419     2.582
14 3 8 1.696 2.935     2.792
14 4 8 3.040 3.388     2.755
14 5 8 3.586 3.086     2.441
14 6 8 3.316 2.992     2.431
14 7 8 3.659 3.560     2.085
14 8 8 3.128 3.383     1.989
14 9 8 1.753 3.138     2.547
14 10 8 0.810 3.127     2.761
14 1 9 1.685 2.221     0.500
14 2 9 1.862 2.534     1.141
14 3 9 2.159 2.815     1.531
14 4 9 3.086 2.685     1.510
14 5 9 3.727 2.471     1.339
14 6 9 3.857 3.034     1.145
14 7 9 3.842 3.518     1.028
14 8 9 2.743 3.497     1.025
14 9 9 1.352 3.502     1.374
14 10 9 0.665 3.565     1.214
15 1 1 0.808 0.592     0.643
15 2 1 0.495 0.509     1.756
15 3 1 0.344 -0.106     2.540
15 4 1 1.438 0.076     2.284
15 5 1 1.693 0.613     1.949
15 6 1 0.797 0.582     2.606
15 7 1 1.542 -0.585     2.464
15 8 1 1.959 0.212     2.226
15 9 1 1.823 0.227     2.278
15 10 1 1.828 -0.226     2.080
15 1 2 0.542 0.477     1.004
15 2 2 0.354 0.519     3.296
15 3 2 0.787 0.462     2.767
15 4 2 1.443 0.446     2.527
15 5 2 1.354 -0.366     3.849
15 6 2 0.438 -0.564     3.792
15 7 2 1.120 -1.101     2.462
15 8 2 2.084 -0.585     2.167
15 9 2 1.485 0.358     2.646
15 10 2 1.271 0.186     2.583
15 1 3 0.610 0.316     1.064
15 2 3 0.797 0.269     2.756
15 3 3 1.120 0.701     2.532
15 4 3 0.880 0.321     3.084
15 5 3 0.662 -0.783     3.219
15 6 3 0.292 -0.507     3.272
15 7 3 0.620 -0.799     2.416
15 8 3 2.068 -0.820     1.804
15 9 3 1.511 0.071     2.368
15 10 3 0.599 0.269     2.861
15 1 4 0.401 0.139     1.293
15 2 4 0.880 -0.116     3.649
15 3 4 1.026 0.436     2.896
15 4 4 0.235 0.076     3.889
15 5 4 0.599 -0.460     3.243
15 6 4 0.505 0.050     3.052
15 7 4 0.334 0.394     2.444
15 8 4 2.042 -0.429     1.704
15 9 4 1.646 -0.293     2.063
15 10 4 0.203 0.108     2.907
15 1 5 0.360 -0.481     1.430
15 2 5 0.792 -0.418     3.143
15 3 5 0.797 0.087     3.546
15 4 5 0.057 -0.028     3.921
15 5 5 0.610 -0.450     3.041
15 6 5 1.047 0.014     2.507
15 7 5 0.558 1.003     2.262
15 8 5 1.813 0.061     1.858
15 9 5 1.662 -0.392     1.946
15 10 5 0.104 0.050     2.966
15 1 6 0.287 -0.877     1.681
15 2 6 0.990 -0.679     2.855
15 3 6 0.755 -0.293     3.561
15 4 6 0.115 -0.543     3.270
15 5 6 0.813 -0.721     2.277
15 6 6 1.432 -0.189     2.087
15 7 6 0.985 0.259     2.214
15 8 6 1.500 0.378     2.089
15 9 6 1.459 -0.294     1.985
15 10 6 0.156 0.154     2.973
15 1 7 0.318 -0.611     2.108
15 2 7 1.156 -0.648     2.570
15 3 7 0.599 -0.642     2.871
15 4 7 0.292 -0.778     2.295
15 5 7 1.386 -0.455     2.131
15 6 7 1.490 -0.340     2.071
15 7 7 1.261 -0.512     1.915
15 8 7 1.401 -0.028     1.973
15 9 7 0.813 -0.205     2.355
15 10 7 0.078 0.222     2.841
15 1 8 0.490 -0.783     1.857
15 2 8 0.839 -0.736     2.489
15 3 8 0.328 -0.314     2.740
15 4 8 0.599 0.024     2.690
15 5 8 1.620 -0.028     2.283
15 6 8 1.365 -0.392     2.264
15 7 8 1.313 -0.481     1.957
15 8 8 1.370 -0.434     1.870
15 9 8 0.542 -0.070     2.477
15 10 8 -0.239 0.201     2.711
15 1 9 0.412 -0.793     0.613
15 2 9 0.854 -0.960     1.235
15 3 9 0.511 -0.205     1.601
15 4 9 0.646 0.191     1.584
15 5 9 1.360 -0.429     1.369
15 6 9 1.240 -0.398     1.200
15 7 9 1.297 -0.283     1.087
15 8 9 1.130 -0.137     1.110
15 9 9 0.052 0.154     1.481
15 10 9 -0.812 0.201     1.282
16 1 1 -1.671 3.858     0.573
16 2 1 -1.317 2.874     1.640
16 3 1 -0.561 1.952     2.496
16 4 1 0.725 1.639     2.293
16 5 1 0.907 0.936     1.990
16 6 1 0.413 1.025     2.653
16 7 1 1.611 -0.126     2.450
16 8 1 2.282 0.421     2.147
16 9 1 2.178 0.327     2.205
16 10 1 1.892 0.098     1.980
16 1 2 -1.634 3.603     0.987
16 2 2 -0.988 2.744     3.149
16 3 2 -0.025 2.191     2.792
16 4 2 0.506 1.770     2.600
16 5 2 0.423 0.348     4.124
16 6 2 0.121 0.301     4.083
16 7 2 1.308 -0.100     2.598
16 8 2 2.605 0.155     2.146
16 9 2 2.262 0.848     2.625
16 10 2 1.824 0.775     2.551
16 1 3 -1.567 3.124     1.063
16 2 3 -0.671 2.280     2.731
16 3 3 0.053 1.952     2.598
16 4 3 0.012 1.296     3.213
16 5 3 0.053 0.426     3.482
16 6 3 0.121 0.712     3.487
16 7 3 0.965 0.645     2.574
16 8 3 2.777 0.577     1.814
16 9 3 2.512 1.332     2.316
16 10 3 1.407 1.374     2.818
16 1 4 -1.811 2.509     1.290
16 2 4 -0.686 1.608     3.672
16 3 4 -0.030 1.337     3.030
16 4 4 -0.264 0.936     4.064
16 5 4 0.376 0.707     3.449
16 6 4 0.595 1.082     3.194
16 7 4 0.918 1.665     2.514
16 8 4 2.829 1.290     1.701
16 9 4 2.532 1.535     2.025
16 10 4 0.897 1.676     2.876
16 1 5 -1.968 1.660     1.449
16 2 5 -0.718 1.040     3.286
16 3 5 -0.228 0.931     3.738
16 4 5 -0.327 0.712     4.135
16 5 5 0.663 0.452     3.245
16 6 5 1.392 1.025     2.597
16 7 5 1.361 2.014     2.284
16 8 5 2.694 1.738     1.831
16 9 5 2.335 1.535     1.936
16 10 5 0.444 1.743     2.941
16 1 6 -1.473 1.348     1.730
16 2 6 -0.212 0.858     3.051
16 3 6 -0.311 0.910     3.746
16 4 6 -0.311 0.577     3.498
16 5 6 1.178 0.592     2.424
16 6 6 2.090 1.379     2.107
16 7 6 1.975 1.697     2.220
16 8 6 2.512 2.145     2.034
16 9 6 1.959 1.514     2.002
16 10 6 0.168 1.728     2.957
16 1 7 -1.014 1.754     2.150
16 2 7 -0.035 1.384     2.697
16 3 7 -0.442 1.363     2.991
16 4 7 0.069 1.405     2.429
16 5 7 1.892 1.681     2.153
16 6 7 2.152 1.749     2.071
16 7 7 2.220 1.645     1.933
16 8 7 2.444 2.040     1.921
16 9 7 1.272 1.551     2.401
16 10 7 -0.014 1.733     2.830
16 1 8 -0.692 1.947     1.905
16 2 8 -0.171 1.858     2.556
16 3 8 -0.098 2.087     2.781
16 4 8 0.767 2.415     2.670
16 5 8 1.923 2.098     2.254
16 6 8 1.824 1.556     2.298
16 7 8 2.147 1.853     1.978
16 8 8 2.277 1.863     1.860
16 9 8 0.970 1.858     2.502
16 10 8 -0.327 1.754     2.697
16 1 9 -0.473 2.441     0.712
16 2 9 0.126 2.061     1.353
16 3 9 0.496 1.900     1.711
16 4 9 0.954 1.790     1.687
16 5 9 1.595 1.077     1.496
16 6 9 1.808 1.249     1.318
16 7 9 2.236 1.869     1.173
16 8 9 1.959 2.191     1.164
16 9 9 0.366 2.254     1.545
16 10 9 -0.822 1.895     1.305
17 1 1 -1.157 2.792     0.525
17 2 1 -0.902 2.324     1.555
17 3 1 -0.542 1.704     2.423
17 4 1 0.411 1.292     2.285
17 5 1 0.718 0.423     2.042
17 6 1 0.161 0.454     2.739
17 7 1 0.765 -0.380     2.488
17 8 1 0.989 0.188     2.171
17 9 1 0.739 -0.187     2.254
17 10 1 0.651 -0.926     1.937
17 1 2 -1.162 2.485     0.997
17 2 2 -0.657 2.204     3.041
17 3 2 -0.224 1.881     2.774
17 4 2 -0.037 1.396     2.653
17 5 2 0.119 0.120     4.417
17 6 2 -0.178 -0.150     4.339
17 7 2 0.458 -0.609     2.727
17 8 2 1.187 -0.333     2.211
17 9 2 0.640 -0.078     2.771
17 10 2 0.463 -0.739     2.623
17 1 3 -1.245 1.995     1.089
17 2 3 -0.480 1.594     2.780
17 3 3 -0.110 1.386     2.646
17 4 3 -0.412 0.792     3.334
17 5 3 -0.360 0.089     3.690
17 6 3 -0.448 0.136     3.682
17 7 3 -0.079 -0.234     2.770
17 8 3 1.302 -0.369     1.881
17 9 3 0.968 -0.067     2.423
17 10 3 0.260 -0.703     2.909
17 1 4 -1.500 1.516     1.315
17 2 4 -0.474 1.110     3.740
17 3 4 0.010 0.787     3.161
17 4 4 -0.381 0.386     4.257
17 5 4 -0.115 0.199     3.678
17 6 4 -0.412 0.412     3.364
17 7 4 -0.417 0.542     2.656
17 8 4 1.401 -0.067     1.769
17 9 4 1.338 -0.192     2.091
17 10 4 0.296 -0.744     2.961
17 1 5 -1.443 1.157     1.481
17 2 5 -0.391 0.891     3.402
17 3 5 -0.021 0.547     3.920
17 4 5 -0.256 0.225     4.371
17 5 5 0.249 -0.015     3.464
17 6 5 0.291 0.303     2.772
17 7 5 -0.094 0.813     2.406
17 8 5 1.260 0.173     1.912
17 9 5 1.484 -0.333     1.990
17 10 5 0.463 -0.723     3.018
17 1 6 -1.141 1.396     1.773
17 2 6 -0.136 0.928     3.173
17 3 6 -0.183 0.605     3.915
17 4 6 -0.256 0.167     3.717
17 5 6 0.661 0.157     2.561
17 6 6 1.036 0.365     2.198
17 7 6 0.536 0.308     2.363
17 8 6 1.145 0.459     2.113
17 9 6 1.453 -0.442     2.055
17 10 6 0.682 -0.666     3.021
17 1 7 -0.834 1.803     2.132
17 2 7 -0.292 1.240     2.765
17 3 7 -0.485 0.881     3.093
17 4 7 -0.105 0.725     2.565
17 5 7 1.098 0.771     2.218
17 6 7 1.098 0.318     2.159
17 7 7 0.973 -0.046     2.038
17 8 7 1.286 0.199     1.997
17 9 7 1.151 -0.499     2.475
17 10 7 0.874 -0.718     2.871
17 1 8 -0.641 1.928     1.894
17 2 8 -0.511 1.506     2.593
17 3 8 -0.459 1.287     2.832
17 4 8 0.223 1.261     2.740
17 5 8 1.010 0.725     2.328
17 6 8 0.869 -0.062     2.413
17 7 8 1.083 -0.057     2.074
17 8 8 1.385 -0.182     1.929
17 9 8 1.109 -0.421     2.584
17 10 8 0.838 -0.833     2.732
17 1 9 -0.584 2.256     0.749
17 2 9 -0.417 1.714     1.404
17 3 9 -0.209 1.084     1.801
17 4 9 0.223 0.745     1.802
17 5 9 0.812 0.063     1.609
17 6 9 0.984 -0.176     1.417
17 7 9 1.296 -0.025     1.253
17 8 9 1.260 -0.078     1.252
17 9 9 0.692 -0.312     1.667
17 10 9 0.432 -0.864     1.365
18 1 1 0.773 -0.507     0.519
18 2 1 0.701 -0.544     1.635
18 3 1 0.826 -0.429     2.521
18 4 1 1.586 -0.216     2.302
18 5 1 1.857 -0.085     2.031
18 6 1 1.576 0.211     2.726
18 7 1 2.414 -0.684     2.366
18 8 1 2.466 0.185     2.070
18 9 1 1.992 0.456     2.195
18 10 1 1.659 0.435     1.928
18 1 2 0.706 -0.262     1.002
18 2 2 0.711 -0.252     3.158
18 3 2 1.206 -0.111     2.826
18 4 2 1.685 -0.111     2.636
18 5 2 1.815 -0.492     4.265
18 6 2 1.419 -0.226     4.317
18 7 2 2.169 -0.700     2.625
18 8 2 2.716 -0.289     2.025
18 9 2 1.789 0.961     2.687
18 10 2 1.336 1.008     2.591
18 1 3 0.810 -0.122     1.093
18 2 3 1.039 -0.153     2.839
18 3 3 1.466 0.097     2.666
18 4 3 1.617 -0.117     3.300
18 5 3 1.701 -0.403     3.625
18 6 3 1.331 0.128     3.684
18 7 3 1.617 -0.137     2.747
18 8 3 2.815 -0.273     1.768
18 9 3 1.867 1.008     2.341
18 10 3 0.638 1.269     2.904
18 1 4 0.716 0.019     1.328
18 2 4 1.096 -0.070     3.791
18 3 4 1.440 0.279     3.156
18 4 4 1.326 0.165     4.255
18 5 4 1.794 -0.007     3.595
18 6 4 1.503 0.545     3.329
18 7 4 1.310 0.987     2.635
18 8 4 2.805 0.336     1.666
18 9 4 1.888 0.779     2.030
18 10 4 0.060 1.227     2.982
18 1 5 0.763 -0.164     1.487
18 2 5 1.034 0.071     3.470
18 3 5 1.185 0.508     3.931
18 4 5 1.050 0.399     4.412
18 5 5 1.659 -0.007     3.415
18 6 5 1.878 0.618     2.704
18 7 5 1.451 1.659     2.328
18 8 5 2.555 0.935     1.808
18 9 5 1.794 0.659     1.947
18 10 5 -0.195 1.154     3.044
18 1 6 0.784 -0.216     1.809
18 2 6 1.112 0.128     3.221
18 3 6 0.810 0.571     3.988
18 4 6 0.643 0.196     3.841
18 5 6 1.742 0.081     2.534
18 6 6 2.237 0.826     2.114
18 7 6 1.789 1.211     2.281
18 8 6 2.206 1.430     2.001
18 9 6 1.534 0.800     2.027
18 10 6 -0.232 1.175     3.046
18 1 7 0.862 0.133     2.148
18 2 7 1.034 0.352     2.820
18 3 7 0.305 0.571     3.215
18 4 7 0.513 0.503     2.671
18 5 7 2.122 0.826     2.158
18 6 7 2.221 0.784     2.078
18 7 7 2.018 0.649     1.988
18 8 7 2.034 1.227     1.912
18 9 7 0.721 0.977     2.500
18 10 7 -0.315 1.269     2.882
18 1 8 0.971 0.253     1.885
18 2 8 0.898 0.446     2.660
18 3 8 0.404 1.019     2.882
18 4 8 1.024 1.321     2.734
18 5 8 2.148 1.123     2.231
18 6 8 1.914 0.529     2.360
18 7 8 1.992 0.639     2.025
18 8 8 1.794 0.826     1.886
18 9 8 0.289 1.154     2.611
18 10 8 -0.659 1.258     2.730
18 1 9 0.773 0.576     0.718
18 2 9 1.149 0.441     1.433
18 3 9 0.940 0.894     1.811
18 4 9 1.154 0.915     1.797
18 5 9 1.925 0.264     1.572
18 6 9 1.987 0.430     1.379
18 7 9 1.951 0.795     1.212
18 8 9 1.232 1.008     1.236
18 9 9 -0.367 1.326     1.662
18 10 9 -1.180 1.300     1.339
19 1 1 1.310 1.349     0.459
19 2 1 1.195 0.891     1.682
19 3 1 1.602 0.401     2.549
19 4 1 2.346 0.500     2.242
19 5 1 2.305 1.230     1.962
19 6 1 2.174 1.079     2.645
19 7 1 2.945 0.412     2.230
19 8 1 3.227 0.912     1.956
19 9 1 3.466 0.865     2.043
19 10 1 3.549 0.693     1.793
19 1 2 1.216 1.167     0.955
19 2 2 1.336 0.693     3.147
19 3 2 2.003 0.506     2.806
19 4 2 2.560 0.276     2.561
19 5 2 2.534 0.266     3.954
19 6 2 2.393 0.610     4.147
19 7 2 3.164 0.407     2.458
19 8 2 3.586 0.688     1.801
19 9 2 3.200 1.547     2.501
19 10 2 3.128 1.495     2.415
19 1 3 1.154 0.844     1.058
19 2 3 1.513 0.407     2.868
19 3 3 2.117 0.401     2.639
19 4 3 2.456 0.026     3.190
19 5 3 2.607 -0.010     3.469
19 6 3 2.549 0.683     3.525
19 7 3 3.133 0.641     2.561
19 8 3 4.049 0.698     1.621
19 9 3 3.232 1.829     2.155
19 10 3 2.299 2.042     2.747
19 1 4 0.914 0.573     1.312
19 2 4 1.492 0.198     3.764
19 3 4 1.987 0.266     3.116
19 4 4 2.128 0.063     4.156
19 5 4 2.747 0.188     3.419
19 6 4 2.711 0.834     3.163
19 7 4 3.091 1.323     2.460
19 8 4 4.409 1.099     1.502
19 9 4 3.268 1.802     1.871
19 10 4 1.513 2.235     2.876
19 1 5 0.852 0.287     1.483
19 2 5 1.440 0.261     3.511
19 3 5 1.768 0.344     3.895
19 4 5 2.034 0.204     4.318
19 5 5 2.878 0.266     3.247
19 6 5 3.154 1.068     2.526
19 7 5 3.200 1.922     2.150
19 8 5 4.372 1.636     1.613
19 9 5 3.315 1.756     1.792
19 10 5 1.138 2.323     2.949
19 1 6 1.060 0.329     1.790
19 2 6 1.549 0.459     3.245
19 3 6 1.539 0.526     3.992
19 4 6 2.003 0.349     3.782
19 5 6 3.305 0.724     2.370
19 6 6 3.622 1.516     1.941
19 7 6 3.461 1.943     2.066
19 8 6 4.128 2.391     1.759
19 9 6 3.096 1.875     1.876
19 10 6 0.924 2.506     2.933
19 1 7 1.247 0.761     2.106
19 2 7 1.674 0.750     2.825
19 3 7 1.471 0.829     3.237
19 4 7 2.325 1.016     2.606
19 5 7 3.742 1.454     1.973
19 6 7 3.638 1.433     1.904
19 7 7 3.789 1.756     1.805
19 8 7 3.940 2.506     1.679
19 9 7 2.279 2.193     2.351
19 10 7 0.721 2.750     2.758
19 1 8 1.482 1.058     1.815
19 2 8 1.773 1.120     2.638
19 3 8 1.794 1.443     2.821
19 4 8 2.768 1.657     2.576
19 5 8 3.659 1.422     2.046
19 6 8 3.581 1.105     2.175
19 7 8 4.096 1.750     1.810
19 8 8 3.721 2.261     1.688
19 9 8 1.768 2.698     2.449
19 10 8 0.253 3.026     2.601
19 1 9 1.596 1.329     0.673
19 2 9 2.029 1.297     1.448
19 3 9 2.154 1.495     1.786
19 4 9 2.841 1.230     1.739
19 5 9 3.753 0.782     1.472
19 6 9 4.128 1.287     1.276
19 7 9 4.450 1.948     1.090
19 8 9 3.372 2.573     1.137
19 9 9 0.997 3.136     1.591
19 10 9 -0.487 3.323     1.306
20 1 1 1.560 -2.747     0.595
20 2 1 1.461 -2.310     1.705
20 3 1 1.268 -1.518     2.501
20 4 1 1.857 -1.138     2.194
20 5 1 2.034 -0.706     1.976
20 6 1 1.633 -0.279     2.663
20 7 1 1.893 -0.680     2.229
20 8 1 1.680 0.081     1.981
20 9 1 1.622 -0.159     2.074
20 10 1 1.940 -0.607     1.847
20 1 2 1.529 -2.643     1.001
20 2 2 1.404 -2.065     3.814
20 3 2 1.607 -1.320     2.717
20 4 2 2.128 -1.049     2.461
20 5 2 2.143 -1.127     4.760
20 6 2 1.534 -0.825     3.953
20 7 2 1.867 -1.138     2.406
20 8 2 1.878 -0.690     2.491
20 9 2 1.206 -0.091     2.523
20 10 2 1.419 -0.294     2.458
20 1 3 1.753 -2.627     1.078
20 2 3 1.763 -1.940     2.690
20 3 3 1.867 -1.075     2.578
20 4 3 1.893 -0.883     3.027
20 5 3 1.836 -1.164     3.254
20 6 3 1.435 -0.711     3.395
20 7 3 1.654 -1.143     2.549
20 8 3 2.232 -1.232     1.660
20 9 3 1.398 -0.482     2.219
20 10 3 0.956 -0.258     2.815
20 1 4 1.711 -2.461     1.294
20 2 4 1.852 -1.700     4.494
20 3 4 1.820 -0.971     3.023
20 4 4 1.497 -0.773     3.941
20 5 4 1.815 -0.752     3.288
20 6 4 1.471 -0.320     3.085
20 7 4 1.409 -0.440     2.498
20 8 4 2.477 -1.190     1.540
20 9 4 1.799 -0.956     1.940
20 10 4 0.846 -0.430     2.936
20 1 5 1.612 -2.268     1.454
20 2 5 1.612 -1.388     3.304
20 3 5 1.607 -0.982     3.695
20 4 5 1.393 -0.742     4.114
20 5 5 1.805 -0.732     3.095
20 6 5 1.685 -0.482     2.497
20 7 5 1.310 -0.096     2.206
20 8 5 2.331 -0.992     1.634
20 9 5 2.070 -1.138     1.845
20 10 5 0.971 -0.544     2.989
20 1 6 1.445 -1.971     1.727
20 2 6 1.633 -1.383     3.114
20 3 6 1.529 -1.232     3.806
20 4 6 1.378 -1.284     3.599
20 5 6 1.805 -1.164     2.326
20 6 6 1.893 -0.883     1.947
20 7 6 1.518 -0.721     2.119
20 8 6 2.148 -0.752     1.780
20 9 6 2.122 -1.159     1.920
20 10 6 1.091 -0.518     2.953
20 1 7 1.305 -1.508     2.007
20 2 7 1.779 -1.466     2.714
20 3 7 1.430 -1.653     3.123
20 4 7 1.331 -1.721     2.528
20 5 7 2.138 -1.278     1.924
20 6 7 2.076 -1.258     1.898
20 7 7 1.919 -1.367     1.820
20 8 7 2.211 -0.961     1.738
20 9 7 1.784 -1.159     2.349
20 10 7 1.206 -0.534     2.786
20 1 8 1.336 -1.570     1.760
20 2 8 1.565 -1.607     2.556
20 3 8 1.185 -1.409     2.763
20 4 8 1.596 -1.143     2.485
20 5 8 2.461 -0.987     1.985
20 6 8 2.221 -1.252     2.105
20 7 8 2.247 -1.310     1.804
20 8 8 2.378 -1.263     1.723
20 9 8 1.716 -0.992     2.447
20 10 8 1.174 -0.591     2.638
20 1 9 1.247 -1.680     0.676
20 2 9 1.680 -1.872     1.412
20 3 9 1.409 -1.185     1.750
20 4 9 1.872 -0.851     1.682
20 5 9 2.513 -1.091     1.394
20 6 9 2.232 -0.950     1.253
20 7 9 2.299 -0.997     1.105
20 8 9 2.263 -0.997     1.184
20 9 9 1.466 -0.784     1.620
20 10 9 0.852 -0.622     1.403
21 1 1 1.294 -2.260     0.625
21 2 1 1.059 -1.750     1.786
21 3 1 0.809 -1.219     2.609
21 4 1 1.820 -0.906     2.253
21 5 1 2.059 -0.026     2.044
21 6 1 1.273 0.761     2.758
21 7 1 1.976 -0.286     2.286
21 8 1 2.148 0.724     2.013
21 9 1 1.737 0.740     2.142
21 10 1 1.450 0.057     1.963
21 1 2 1.169 -2.187     1.007
21 2 2 0.924 -1.526     3.831
21 3 2 1.294 -0.823     2.811
21 4 2 2.117 -0.547     2.483
21 5 2 2.122 -0.922     4.613
21 6 2 1.054 -0.469     4.080
21 7 2 1.601 -1.068     2.462
21 8 2 2.085 -0.375     2.494
21 9 2 0.950 0.682     2.657
21 10 2 0.596 0.313     2.657
21 1 3 1.408 -2.094     1.076
21 2 3 1.434 -1.474     2.726
21 3 3 1.700 -0.489     2.646
21 4 3 1.737 -0.448     3.065
21 5 3 1.601 -1.193     3.260
21 6 3 0.914 -0.635     3.533
21 7 3 1.059 -1.088     2.651
21 8 3 2.059 -1.026     1.712
21 9 3 0.924 0.063     2.382
21 10 3 -0.060 0.125     3.093
21 1 4 1.289 -1.823     1.295
21 2 4 1.539 -1.312     4.436
21 3 4 1.690 -0.536     3.073
21 4 4 1.153 -0.557     4.043
21 5 4 1.544 -0.797     3.337
21 6 4 1.122 -0.099     3.228
21 7 4 0.710 0.026     2.699
21 8 4 2.096 -0.771     1.610
21 9 4 1.257 -0.469     2.071
21 10 4 -0.149 -0.229     3.200
21 1 5 1.169 -1.812     1.444
21 2 5 1.440 -1.125     3.341
21 3 5 1.575 -0.739     3.723
21 4 5 1.138 -0.661     4.211
21 5 5 1.658 -0.786     3.133
21 6 5 1.690 -0.234     2.571
21 7 5 0.924 0.682     2.350
21 8 5 1.851 -0.239     1.728
21 9 5 1.398 -0.578     1.956
21 10 5 -0.019 -0.364     3.251
21 1 6 0.945 -1.661     1.744
21 2 6 1.606 -1.255     3.126
21 3 6 1.601 -1.141     3.791
21 4 6 1.247 -1.364     3.617
21 5 6 1.877 -1.266     2.365
21 6 6 2.210 -0.724     1.986
21 7 6 1.492 -0.167     2.234
21 8 6 1.559 0.120     1.899
21 9 6 1.247 -0.526     2.052
21 10 6 0.158 -0.266     3.235
21 1 7 0.830 -1.151     2.058
21 2 7 1.856 -1.239     2.731
21 3 7 1.445 -1.578     3.098
21 4 7 1.195 -1.766     2.567
21 5 7 2.393 -1.234     1.952
21 6 7 2.523 -1.062     1.907
21 7 7 2.007 -1.036     1.879
21 8 7 1.565 -0.286     1.857
21 9 7 0.763 -0.495     2.543
21 10 7 0.263 -0.250     3.060
21 1 8 1.002 -1.260     1.792
21 2 8 1.513 -1.333     2.602
21 3 8 0.997 -1.042     2.885
21 4 8 1.429 -0.745     2.594
21 5 8 2.804 -0.698     1.987
21 6 8 2.690 -0.953     2.092
21 7 8 2.278 -0.807     1.857
21 8 8 1.726 -0.620     1.835
21 9 8 0.716 -0.349     2.655
21 10 8 0.158 -0.364     2.906
21 1 9 0.820 -1.229     0.646
21 2 9 1.460 -1.594     1.408
21 3 9 1.122 -0.745     1.792
21 4 9 1.565 -0.391     1.704
21 5 9 2.794 -1.052     1.332
21 6 9 2.695 -0.708     1.210
21 7 9 2.237 -0.338     1.103
21 8 9 1.455 -0.167     1.230
21 9 9 0.226 -0.010     1.752
21 10 9 -0.357 -0.380     1.506
22 1 1 0.644 1.517     0.571
22 2 1 0.654 0.981     1.802
22 3 1 0.581 0.126     2.686
22 4 1 1.284 0.111     2.250
22 5 1 1.519 0.694     2.011
22 6 1 1.154 0.564     2.750
22 7 1 1.810 -0.358     2.222
22 8 1 1.946 0.470     1.929
22 9 1 1.889 0.569     2.061
22 10 1 1.842 0.491     1.893
22 1 2 0.529 1.600     0.943
22 2 2 0.545 0.996     3.843
22 3 2 0.920 0.371     2.845
22 4 2 1.389 0.132     2.475
22 5 2 1.477 -0.165     4.533
22 6 2 1.081 -0.191     4.090
22 7 2 1.790 -0.712     2.382
22 8 2 2.232 -0.144     2.333
22 9 2 1.451 0.991     2.585
22 10 2 1.217 1.033     2.601
22 1 3 0.571 1.397     1.023
22 2 3 0.758 0.699     2.779
22 3 3 1.066 0.423     2.660
22 4 3 1.159 -0.139     3.073
22 5 3 1.290 -0.582     3.227
22 6 3 1.154 -0.254     3.532
22 7 3 1.597 -0.608     2.590
22 8 3 2.446 -0.509     1.622
22 9 3 1.321 0.840     2.333
22 10 3 0.274 1.246     3.075
22 1 4 0.144 0.949     1.269
22 2 4 0.587 0.288     4.563
22 3 4 0.826 0.152     3.133
22 4 4 0.691 -0.400     4.114
22 5 4 1.441 -0.535     3.294
22 6 4 1.446 -0.035     3.188
22 7 4 1.456 0.257     2.666
22 8 4 2.555 -0.233     1.524
22 9 4 1.243 0.444     2.055
22 10 4 -0.424 1.116     3.198
22 1 5 -0.169 0.168     1.471
22 2 5 0.383 -0.066     3.488
22 3 5 0.529 -0.197     3.846
22 4 5 0.456 -0.572     4.305
22 5 5 1.498 -0.676     3.076
22 6 5 1.889 0.017     2.505
22 7 5 1.534 0.908     2.293
22 8 5 2.295 0.277     1.662
22 9 5 1.170 0.220     1.956
22 10 5 -0.669 0.955     3.253
22 1 6 -0.236 -0.202     1.789
22 2 6 0.675 -0.431     3.224
22 3 6 0.561 -0.577     3.884
22 4 6 0.566 -0.957     3.650
22 5 6 1.784 -0.681     2.307
22 6 6 2.217 0.059     1.900
22 7 6 1.712 0.475     2.187
22 8 6 1.889 0.731     1.846
22 9 6 0.993 0.205     2.085
22 10 6 -0.559 0.850     3.275
22 1 7 -0.163 0.022     2.132
22 2 7 0.842 -0.478     2.785
22 3 7 0.581 -0.822     3.141
22 4 7 0.951 -0.863     2.589
22 5 7 2.342 -0.316     1.887
22 6 7 2.284 -0.275     1.826
22 7 7 2.024 -0.181     1.833
22 8 7 1.774 0.486     1.804
22 9 7 0.467 0.356     2.639
22 10 7 -0.356 0.897     3.108
22 1 8 0.144 0.012     1.852
22 2 8 0.743 -0.400     2.670
22 3 8 0.680 -0.358     2.983
22 4 8 1.498 -0.181     2.598
22 5 8 2.576 -0.233     1.895
22 6 8 2.404 -0.572     1.994
22 7 8 2.503 -0.191     1.775
22 8 8 1.909 0.173     1.787
22 9 8 0.352 0.699     2.725
22 10 8 -0.460 0.970     2.953
22 1 9 0.311 0.257     0.642
22 2 9 0.998 -0.342     1.444
22 3 9 1.060 -0.311     1.840
22 4 9 1.758 -0.363     1.700
22 5 9 2.800 -0.733     1.274
22 6 9 2.967 -0.243     1.151
22 7 9 2.967 0.132     1.053
22 8 9 1.810 0.517     1.225
22 9 9 -0.096 1.053     1.808
22 10 9 -0.893 1.001     1.534
23 1 1 -0.208 2.243     0.521
23 2 1 -0.437 1.868     1.721
23 3 1 -0.640 1.071     2.666
23 4 1 0.204 1.019     2.264
23 5 1 0.683 0.883     2.003
23 6 1 -0.442 1.258     2.708
23 7 1 -0.650 0.107     2.253
23 8 1 -0.635 0.310     1.946
23 9 1 -0.833 -0.143     2.065
23 10 1 -0.520 -0.757     1.867
23 1 2 -0.281 2.321     0.921
23 2 2 -0.437 1.800     3.714
23 3 2 -0.244 1.586     2.831
23 4 2 0.126 1.644     2.468
23 5 2 0.428 0.602     4.647
23 6 2 -0.583 0.472     4.185
23 7 2 -0.926 -0.179     2.454
23 8 2 -0.416 -0.638     2.390
23 9 2 -0.812 -0.679     2.623
23 10 2 -0.630 -1.210     2.576
23 1 3 -0.286 2.170     1.003
23 2 3 -0.015 1.389     2.776
23 3 3 0.173 1.566     2.652
23 4 3 -0.234 1.331     3.065
23 5 3 -0.312 0.264     3.381
23 6 3 -0.796 0.248     3.605
23 7 3 -1.338 -0.205     2.612
23 8 3 -0.327 -1.117     1.662
23 9 3 -0.255 -1.111     2.357
23 10 3 -0.484 -1.507     3.015
23 1 4 -0.697 1.878     1.249
23 2 4 0.136 0.977     4.615
23 3 4 0.511 1.113     3.164
23 4 4 -0.531 0.873     4.156
23 5 4 -0.468 0.264     3.435
23 6 4 -0.609 0.045     3.292
23 7 4 -1.468 0.055     2.669
23 8 4 -0.255 -0.971     1.585
23 9 4 0.235 -1.231     2.070
23 10 4 -0.229 -1.523     3.144
23 1 5 -0.885 1.363     1.462
23 2 5 0.183 0.753     3.586
23 3 5 0.495 0.816     3.920
23 4 5 -0.598 0.612     4.388
23 5 5 -0.567 -0.033     3.201
23 6 5 -0.197 -0.341     2.631
23 7 5 -1.249 -0.127     2.312
23 8 5 -0.416 -0.736     1.731
23 9 5 0.423 -1.216     1.969
23 10 5 0.016 -1.445     3.190
23 1 6 -0.827 1.295     1.810
23 2 6 0.386 0.795     3.312
23 3 6 0.298 0.779     3.983
23 4 6 -0.770 0.253     3.748
23 5 6 -0.333 -0.200     2.441
23 6 6 0.178 -0.278     2.024
23 7 6 -0.697 -0.606     2.241
23 8 6 -0.275 -0.315     1.950
23 9 6 0.521 -1.226     2.084
23 10 6 0.245 -1.335     3.252
23 1 7 -0.718 1.649     2.118
23 2 7 0.126 1.191     2.828
23 3 7 -0.359 0.868     3.196
23 4 7 -0.812 0.654     2.651
23 5 7 0.282 0.602     1.986
23 6 7 0.261 -0.044     1.946
23 7 7 -0.135 -0.627     1.921
23 8 7 0.266 -0.471     1.893
23 9 7 0.240 -1.299     2.628
23 10 7 0.428 -1.294     3.087
23 1 8 -0.630 1.717     1.841
23 2 8 -0.432 1.310     2.690
23 3 8 -0.729 1.258     2.987
23 4 8 -0.557 1.670     2.570
23 5 8 0.266 1.284     1.937
23 6 8 0.022 0.055     2.150
23 7 8 0.115 -0.356     1.894
23 8 8 0.589 -0.940     1.817
23 9 8 0.485 -1.283     2.705
23 10 8 0.636 -1.346     2.914
23 1 9 -0.796 2.081     0.669
23 2 9 -0.463 1.461     1.473
23 3 9 -0.484 1.243     1.875
23 4 9 -0.692 1.389     1.720
23 5 9 -0.208 0.571     1.361
23 6 9 0.001 -0.013     1.265
23 7 9 0.396 -0.278     1.139
23 8 9 0.725 -0.690     1.272
23 9 9 0.527 -1.018     1.844
23 10 9 0.495 -1.351     1.531
24 1 1 1.599 6.745     0.313
24 2 1 1.234 6.083     1.353
24 3 1 1.630 4.135     2.320
24 4 1 1.963 3.719     1.978
24 5 1 1.510 4.073     1.751
24 6 1 1.474 3.094     2.479
24 7 1 2.531 2.146     2.079
24 8 1 3.088 2.422     1.749
24 9 1 2.989 2.339     1.872
24 10 1 2.635 2.172     1.727
24 1 2 1.718 6.583     0.816
24 2 2 1.734 5.458     2.940
24 3 2 2.067 4.000     2.651
24 4 2 1.786 3.219     2.430
24 5 2 1.302 3.057     4.249
24 6 2 1.546 3.031     3.995
24 7 2 2.713 2.969     2.376
24 8 2 3.442 2.740     2.198
24 9 2 3.015 3.083     2.499
24 10 2 2.609 2.818     2.507
24 1 3 1.822 6.198     0.896
24 2 3 1.974 4.750     2.505
24 3 3 2.041 3.713     2.537
24 4 3 1.651 2.891     3.005
24 5 3 1.635 3.088     3.261
24 6 3 1.937 3.484     3.370
24 7 3 2.791 3.698     2.442
24 8 3 3.750 3.365     1.594
24 9 3 3.031 3.661     2.215
24 10 3 2.260 3.432     2.858
24 1 4 1.682 5.630     1.117
24 2 4 1.911 4.099     3.904
24 3 4 1.890 3.448     3.010
24 4 4 1.744 2.995     3.951
24 5 4 2.171 3.286     3.235
24 6 4 2.296 3.604     3.049
24 7 4 2.911 4.182     2.427
24 8 4 3.890 3.922     1.503
24 9 4 2.833 3.927     1.964
24 10 4 1.713 3.854     2.954
24 1 5 1.395 4.880     1.336
24 2 5 1.724 3.641     3.288
24 3 5 1.687 3.349     3.694
24 4 5 1.802 3.120     4.116
24 5 5 2.557 3.146     3.004
24 6 5 2.880 3.776     2.425
24 7 5 3.182 4.417     2.084
24 8 5 3.807 4.266     1.602
24 9 5 2.661 3.990     1.890
24 10 5 1.354 4.073     2.860
24 1 6 1.364 4.380     1.684
24 2 6 1.630 3.625     3.125
24 3 6 1.291 3.365     3.774
24 4 6 1.786 3.297     3.536
24 5 6 3.239 3.786     2.225
24 6 6 3.526 4.469     1.837
24 7 6 3.468 4.625     1.983
24 8 6 3.619 4.823     1.732
24 9 6 2.432 4.042     1.905
24 10 6 1.099 4.297     3.014
24 1 7 1.458 4.333     1.943
24 2 7 1.385 3.974     2.688
24 3 7 1.036 3.906     2.894
24 4 7 2.333 4.448     2.393
24 5 7 3.885 4.875     1.742
24 6 7 3.567 4.729     1.761
24 7 7 3.552 4.901     1.693
24 8 7 3.328 4.870     1.639
24 9 7 1.864 4.224     2.359
24 10 7 0.994 4.490     2.861
24 1 8 1.494 4.401     1.706
24 2 8 1.390 4.479     2.507
24 3 8 1.572 4.734     2.669
24 4 8 2.822 4.969     2.287
24 5 8 3.458 4.292     1.774
24 6 8 3.192 4.125     1.965
24 7 8 3.552 4.906     1.678
24 8 8 3.010 4.729     1.614
24 9 8 1.604 4.599     2.380
24 10 8 0.729 4.661     2.695
24 1 9 1.552 4.745     0.709
24 2 9 1.734 4.771     1.465
24 3 9 1.906 4.312     1.824
24 4 9 2.364 3.380     1.746
24 5 9 2.953 2.667     1.426
24 6 9 3.510 3.719     1.265
24 7 9 3.713 4.703     1.129
24 8 9 2.567 4.812     1.219
24 9 9 1.083 4.891     1.768
24 10 9 0.291 4.974     1.525
25 1 1 2.421 -4.554     0.516
25 2 1 1.871 -3.460     1.407
25 3 1 1.337 -2.148     2.295
25 4 1 1.850 -1.575     2.067
25 5 1 2.074 -1.043     1.852
25 6 1 1.673 -0.205     2.582
25 7 1 1.962 -0.533     2.184
25 8 1 1.869 0.102     1.942
25 9 1 2.007 -0.335     2.016
25 10 1 2.436 -0.861     1.861
25 1 2 2.415 -4.450     0.887
25 2 2 1.874 -3.142     3.606
25 3 2 1.705 -1.981     2.574
25 4 2 2.012 -1.444     2.446
25 5 2 1.962 -1.429     5.214
25 6 2 1.327 -0.799     3.929
25 7 2 1.663 -1.179     2.440
25 8 2 1.710 -0.773     2.696
25 9 2 1.244 -0.158     2.653
25 10 2 1.764 -0.460     2.621
25 1 3 2.673 -4.273     0.941
25 2 3 2.262 -2.929     2.312
25 3 3 1.986 -1.705     2.490
25 4 3 1.764 -1.330     2.979
25 5 3 1.587 -1.523     3.166
25 6 3 1.160 -0.861     3.404
25 7 3 1.319 -1.528     2.483
25 8 3 1.869 -1.611     1.781
25 9 3 1.225 -0.502     2.402
25 10 3 1.168 -0.309     2.995
25 1 4 2.449 -3.825     1.127
25 2 4 2.090 -2.528     4.674
25 3 4 1.811 -1.601     2.946
25 4 4 1.387 -1.293     3.821
25 5 4 1.619 -1.252     3.177
25 6 4 1.184 -0.736     3.130
25 7 4 1.007 -1.085     2.536
25 8 4 2.129 -1.877     1.662
25 9 4 1.553 -1.043     2.132
25 10 4 0.866 -0.377     3.102
25 1 5 2.033 -3.424     1.344
25 2 5 1.616 -2.106     3.689
25 3 5 1.514 -1.590     3.553
25 4 5 1.309 -1.299     4.013
25 5 5 1.520 -1.304     3.041
25 6 5 1.306 -1.184     2.550
25 7 5 0.931 -0.903     2.282
25 8 5 2.111 -1.736     1.751
25 9 5 1.884 -1.398     2.024
25 10 5 0.874 -0.507     3.780
25 1 6 1.525 -2.981     1.577
25 2 6 1.507 -2.226     2.983
25 3 6 1.447 -1.960     3.578
25 4 6 1.228 -1.955     3.405
25 5 6 1.421 -1.882     2.418
25 6 6 1.478 -1.731     1.967
25 7 6 1.298 -1.616     2.136
25 8 6 2.111 -1.496     1.876
25 9 6 2.100 -1.523     2.485
25 10 6 1.033 -0.554     3.106
25 1 7 1.199 -2.429     1.852
25 2 7 1.626 -2.356     2.556
25 3 7 1.345 -2.502     3.503
25 4 7 1.178 -2.543     2.501
25 5 7 1.780 -2.080     1.918
25 6 7 1.712 -2.007     1.858
25 7 7 1.837 -2.184     1.917
25 8 7 2.330 -1.621     2.166
25 9 7 1.819 -1.564     2.975
25 10 7 1.181 -0.637     2.930
25 1 8 1.191 -2.580     1.652
25 2 8 1.441 -2.517     2.396
25 3 8 1.139 -2.189     2.783
25 4 8 1.535 -1.882     2.222
25 5 8 2.244 -1.523     1.958
25 6 8 1.955 -1.762     2.154
25 7 8 2.181 -1.913     1.882
25 8 8 2.504 -1.871     2.096
25 9 8 1.830 -1.476     3.016
25 10 8 1.215 -0.809     2.760
25 1 9 1.283 -2.887     0.620
25 2 9 1.710 -2.913     1.299
25 3 9 1.444 -1.845     1.670
25 4 9 1.936 -1.330     1.608
25 5 9 2.415 -1.293     1.438
25 6 9 1.988 -1.158     1.334
25 7 9 2.264 -1.424     1.175
25 8 9 2.405 -1.523     1.457
25 9 9 1.650 -1.325     1.688
25 10 9 1.025 -1.028     1.529
26 1 1 3.530 -7.668     0.662
26 2 1 2.817 -4.934     1.522
26 3 1 1.660 -2.059     2.566
26 4 1 1.952 -1.017     2.400
26 5 1 2.134 -0.402     2.187
26 6 1 1.093 0.676     3.003
26 7 1 1.447 -0.236     2.586
26 8 1 1.775 0.420     2.301
26 9 1 1.764 0.045     2.383
26 10 1 1.999 -0.684     2.197
26 1 2 3.525 -7.283     0.918
26 2 2 2.603 -3.923     3.380
26 3 2 2.041 -1.387     2.845
26 4 2 2.077 -0.283     2.771
26 5 2 1.863 -0.616     5.401
26 6 2 0.530 -0.309     4.451
26 7 2 0.671 -0.913     2.878
26 8 2 1.462 -0.653     3.064
26 9 2 1.296 -0.257     3.058
26 10 2 1.624 -0.668     2.973
26 1 3 3.801 -6.720     0.971
26 2 3 2.931 -3.413     2.351
26 3 3 2.171 -0.835     2.786
26 4 3 1.468 0.014     3.363
26 5 3 1.067 -0.611     3.581
26 6 3 0.212 -0.408     3.944
26 7 3 -0.100 -1.106     2.927
26 8 3 1.051 -1.574     2.157
26 9 3 1.212 -1.080     2.769
26 10 3 1.238 -1.048     3.353
26 1 4 3.405 -5.736     1.157
26 2 4 2.259 -2.585     4.540
26 3 4 1.426 -0.600     3.319
26 4 4 0.541 0.030     4.351
26 5 4 0.759 -0.241     3.663
26 6 4 0.285 -0.231     3.674
26 7 4 -0.532 -0.679     3.008
26 8 4 0.931 -1.970     2.022
26 9 4 1.343 -1.882     2.434
26 10 4 0.968 -1.595     3.423
26 1 5 2.655 -4.767     1.390
26 2 5 1.337 -1.949     3.878
26 3 5 0.707 -0.663     4.009
26 4 5 0.067 -0.038     4.643
26 5 5 0.259 -0.449     3.567
26 6 5 0.426 -0.751     3.012
26 7 5 -0.334 -0.710     2.753
26 8 5 0.890 -2.085     2.086
26 9 5 1.582 -2.257     2.295
26 10 5 0.957 -1.887     4.006
26 1 6 1.613 -3.757     1.703
26 2 6 1.030 -2.059     3.244
26 3 6 0.598 -1.106     3.986
26 4 6 -0.303 -0.975     3.854
26 5 6 -0.116 -1.309     2.830
26 6 6 0.509 -1.298     2.383
26 7 6 0.150 -1.621     2.524
26 8 6 1.030 -1.778     2.228
26 9 6 1.822 -2.267     2.687
26 10 6 1.129 -1.923     3.369
26 1 7 1.025 -2.830     2.028
26 2 7 1.067 -2.210     2.827
26 3 7 0.254 -1.788     3.796
26 4 7 -0.491 -1.731     2.857
26 5 7 0.551 -1.330     2.329
26 6 7 0.770 -1.475     2.252
26 7 7 0.546 -2.236     2.236
26 8 7 1.363 -1.876     2.466
26 9 7 1.603 -2.272     3.149
26 10 7 1.317 -1.934     3.187
26 1 8 0.869 -3.189     1.821
26 2 8 0.811 -2.715     2.640
26 3 8 -0.194 -1.600     3.148
26 4 8 -0.142 -0.684     2.706
26 5 8 1.186 -0.444     2.379
26 6 8 0.900 -1.324     2.545
26 7 8 0.754 -2.033     2.219
26 8 8 1.530 -2.262     2.357
26 9 8 1.634 -2.189     3.193
26 10 8 1.447 -2.054     3.005
26 1 9 0.791 -3.199     0.538
26 2 9 1.270 -3.017     1.230
26 3 9 0.363 -1.376     1.711
26 4 9 0.108 -0.132     1.748
26 5 9 0.843 -0.684     1.498
26 6 9 0.551 -1.330     1.384
26 7 9 0.806 -1.814     1.187
26 8 9 1.593 -1.944     1.416
26 9 9 1.551 -1.955     1.639
26 10 9 1.171 -2.309     1.478
27 1 1 2.819 -5.808     0.724
27 2 1 1.970 -3.417     1.634
27 3 1 0.955 -1.225     2.844
27 4 1 1.647 -0.204     2.670
27 5 1 1.741 0.354     2.439
27 6 1 0.507 0.895     3.334
27 7 1 1.257 -0.490     2.876
27 8 1 1.543 0.525     2.549
27 9 1 1.121 0.499     2.681
27 10 1 1.064 0.057     2.517
27 1 2 2.923 -5.501     0.928
27 2 2 1.876 -2.704     3.301
27 3 2 1.481 -0.480     3.116
27 4 2 1.668 0.421     3.013
27 5 2 1.319 -0.297     5.628
27 6 2 -0.066 -0.063     4.979
27 7 2 0.512 -0.735     3.239
27 8 2 1.580 -0.303     3.292
27 9 2 0.824 0.567     3.382
27 10 2 0.658 0.286     3.341
27 1 3 3.277 -5.047     0.978
27 2 3 2.335 -2.308     2.425
27 3 3 1.684 0.114     3.040
27 4 3 0.892 0.551     3.690
27 5 3 0.439 -0.391     3.987
27 6 3 -0.353 0.124     4.397
27 7 3 -0.311 -0.225     3.361
27 8 3 1.548 -0.501     2.424
27 9 3 1.074 0.374     3.079
27 10 3 0.043 0.270     3.802
27 1 4 3.022 -4.292     1.166
27 2 4 2.043 -1.761     4.459
27 3 4 1.293 0.281     3.606
27 4 4 0.027 0.635     4.762
27 5 4 0.303 0.124     4.119
27 6 4 -0.030 0.234     4.138
27 7 4 -0.660 0.744     3.346
27 8 4 1.642 -0.032     2.296
27 9 4 1.345 0.203     2.711
27 10 4 -0.249 0.161     3.873
27 1 5 2.455 -3.766     1.397
27 2 5 1.392 -1.355     4.012
27 3 5 0.736 0.166     4.391
27 4 5 -0.353 0.676     5.031
27 5 5 0.168 -0.016     4.047
27 6 5 0.673 -0.230     3.387
27 7 5 -0.337 0.880     3.091
27 8 5 1.231 0.447     2.391
27 9 5 1.361 0.119     2.575
27 10 5 -0.191 0.088     4.488
27 1 6 1.564 -3.100     1.768
27 2 6 1.251 -1.641     3.418
27 3 6 0.699 -0.454     4.342
27 4 6 -0.478 -0.256     4.274
27 5 6 0.356 -0.667     3.208
27 6 6 1.262 -0.303     2.679
27 7 6 0.330 -0.053     2.927
27 8 6 0.918 0.874     2.536
27 9 6 1.309 0.051     2.957
27 10 6 0.152 0.046     3.838
27 1 7 1.007 -2.350     2.145
27 2 7 1.304 -1.896     2.988
27 3 7 0.376 -1.417     4.006
27 4 7 -0.238 -1.032     3.185
27 5 7 1.402 -0.412     2.623
27 6 7 1.595 -0.230     2.504
27 7 7 0.996 -0.584     2.542
27 8 7 1.283 0.437     2.725
27 9 7 0.876 -0.042     3.488
27 10 7 0.559 -0.016     3.584
27 1 8 0.819 -2.933     1.902
27 2 8 0.850 -2.573     2.769
27 3 8 -0.103 -1.370     3.427
27 4 8 0.335 -0.230     3.131
27 5 8 1.981 0.203     2.600
27 6 8 1.439 -0.261     2.803
27 7 8 1.220 -0.188     2.529
27 8 8 1.527 -0.100     2.612
27 9 8 0.892 0.046     3.529
27 10 8 0.533 -0.183     3.398
27 1 9 0.543 -3.178     0.455
27 2 9 1.152 -3.131     1.151
27 3 9 0.376 -1.495     1.723
27 4 9 0.408 -0.214     1.850
27 5 9 1.402 -0.579     1.502
27 6 9 1.074 -0.344     1.412
27 7 9 1.283 0.130     1.221
27 8 9 1.413 0.286     1.424
27 9 9 0.434 0.249     1.725
27 10 9 -0.025 -0.360     1.571
28 1 1 1.847 -2.580     0.731
28 2 1 1.149 -1.190     1.724
28 3 1 -0.002 -0.559     3.035
28 4 1 0.982 -0.075     2.811
28 5 1 1.326 0.196     2.543
28 6 1 -0.482 1.149     3.429
28 7 1 0.034 -0.299     3.106
28 8 1 0.617 0.696     2.686
28 9 1 0.498 0.493     2.858
28 10 1 0.727 0.003     2.684
28 1 2 1.690 -2.460     0.927
28 2 2 0.914 -0.861     3.384
28 3 2 0.550 0.180     3.311
28 4 2 0.899 0.842     3.108
28 5 2 0.961 -0.242     5.754
28 6 2 -0.779 0.206     5.162
28 7 2 -0.633 -0.523     3.394
28 8 2 0.675 -0.330     3.460
28 9 2 0.258 0.368     3.609
28 10 2 0.341 0.081     3.582
28 1 3 1.794 -2.169     0.982
28 2 3 1.331 -0.867     2.512
28 3 3 1.003 0.571     3.148
28 4 3 0.268 0.873     3.834
28 5 3 0.008 -0.268     4.255
28 6 3 -0.877 0.159     4.551
28 7 3 -1.299 -0.367     3.430
28 8 3 0.659 -0.960     2.537
28 9 3 0.623 -0.033     3.265
28 10 3 -0.086 -0.075     4.101
28 1 4 1.445 -1.705     1.189
28 2 4 1.268 -0.887     4.456
28 3 4 1.143 0.373     3.700
28 4 4 -0.226 0.633     4.972
28 5 4 -0.143 0.050     4.414
28 6 4 -0.601 -0.028     4.347
28 7 4 -1.575 -0.033     3.381
28 8 4 0.805 -1.023     2.396
28 9 4 1.091 -0.486     2.821
28 10 4 -0.279 -0.439     4.100
28 1 5 1.117 -1.898     1.402
28 2 5 0.914 -0.924     4.045
28 3 5 0.940 0.066     4.540
28 4 5 -0.305 0.477     5.272
28 5 5 -0.247 -0.372     4.283
28 6 5 -0.112 -0.877     3.535
28 7 5 -1.367 -0.268     3.166
28 8 5 0.503 -0.747     2.535
28 9 5 1.263 -0.799     2.649
28 10 5 -0.117 -0.716     4.663
28 1 6 0.617 -1.986     1.787
28 2 6 1.050 -1.278     3.442
28 3 6 0.878 -0.507     4.471
28 4 6 -0.456 -0.653     4.447
28 5 6 -0.055 -1.268     3.291
28 6 6 0.550 -1.190     2.772
28 7 6 -0.424 -1.106     3.031
28 8 6 0.513 -0.096     2.728
28 9 6 1.425 -0.794     2.963
28 10 6 0.388 -0.773     3.990
28 1 7 0.445 -1.445     2.175
28 2 7 1.133 -1.361     3.008
28 3 7 0.331 -1.304     4.038
28 4 7 -0.450 -1.403     3.238
28 5 7 1.055 -1.007     2.689
28 6 7 1.201 -1.080     2.559
28 7 7 0.680 -1.445     2.599
28 8 7 1.222 -0.330     2.795
28 9 7 1.133 -0.830     3.519
28 10 7 0.836 -0.820     3.680
28 1 8 0.414 -1.929     1.894
28 2 8 0.560 -1.783     2.784
28 3 8 -0.409 -1.044     3.533
28 4 8 0.003 -0.257     3.373
28 5 8 1.732 -0.054     2.634
28 6 8 1.284 -0.924     2.841
28 7 8 1.055 -1.059     2.604
28 8 8 1.544 -0.913     2.613
28 9 8 1.164 -0.742     3.568
28 10 8 0.852 -0.986     3.473
28 1 9 0.180 -2.252     0.380
28 2 9 0.643 -2.273     1.079
28 3 9 -0.081 -0.882     1.733
28 4 9 0.013 0.066     1.934
28 5 9 1.117 -0.653     1.479
28 6 9 0.925 -0.950     1.388
28 7 9 1.201 -0.752     1.205
28 8 9 1.560 -0.460     1.368
28 9 9 0.722 -0.471     1.742
28 10 9 0.180 -1.158     1.565
29 1 1 1.272 -1.784     0.736
29 2 1 0.501 -0.498     1.845
29 3 1 -0.384 -0.055     3.229
29 4 1 0.808 0.304     2.943
29 5 1 1.235 -0.097     2.612
29 6 1 -1.015 0.950     3.454
29 7 1 -0.968 -0.753     3.159
29 8 1 -0.405 -0.159     2.838
29 9 1 -0.660 0.007     2.986
29 10 1 -0.556 -0.034     2.828
29 1 2 1.017 -1.529     0.942
29 2 2 0.267 -0.180     3.607
29 3 2 0.105 0.841     3.441
29 4 2 0.407 1.268     3.157
29 5 2 0.459 -0.337     5.965
29 6 2 -1.447 0.195     5.136
29 7 2 -1.504 -0.425     3.393
29 8 2 0.251 -0.977     3.543
29 9 2 -0.192 -0.310     3.801
29 10 2 -0.525 -0.196     3.739
29 1 3 1.126 -1.399     0.996
29 2 3 0.782 -0.456     2.613
29 3 3 0.699 0.887     3.228
29 4 3 -0.176 0.986     3.916
29 5 3 -0.473 -0.092     4.452
29 6 3 -1.296 0.559     4.546
29 7 3 -1.660 0.492     3.417
29 8 3 0.782 -0.529     2.637
29 9 3 0.881 -0.097     3.364
29 10 3 -0.384 -0.170     4.303
29 1 4 0.798 -1.295     1.214
29 2 4 0.949 -0.722     4.488
29 3 4 1.105 0.377     3.770
29 4 4 -0.426 0.565     5.126
29 5 4 -0.337 0.341     4.617
29 6 4 -0.608 0.450     4.476
29 7 4 -1.494 1.341     3.316
29 8 4 1.152 0.507     2.472
29 9 4 1.616 0.346     2.811
29 10 4 -0.134 0.012     4.364
29 1 5 0.605 -1.597     1.401
29 2 5 0.933 -0.696     4.070
29 3 5 1.001 0.096     4.632
29 4 5 -0.452 0.450     5.452
29 5 5 -0.212 0.007     4.536
29 6 5 0.194 -0.243     3.729
29 7 5 -1.150 1.143     3.156
29 8 5 0.699 1.231     2.590
29 9 5 1.689 0.585     2.626
29 10 5 0.064 0.174     4.930
29 1 6 0.433 -1.185     1.847
29 2 6 1.282 -0.550     3.482
29 3 6 0.871 -0.008     4.586
29 4 6 -0.525 -0.055     4.635
29 5 6 0.235 -0.352     3.480
29 6 6 0.970 -0.060     2.865
29 7 6 -0.160 0.179     3.225
29 8 6 0.626 1.606     2.732
29 9 6 1.605 0.622     2.891
29 10 6 0.392 0.309     4.172
29 1 7 0.376 -0.123     2.306
29 2 7 1.267 -0.014     3.073
29 3 7 0.303 0.028     4.260
29 4 7 -0.390 0.367     3.415
29 5 7 1.308 0.747     2.723
29 6 7 1.407 0.476     2.583
29 7 7 0.965 -0.076     2.695
29 8 7 1.459 0.960     2.738
29 9 7 1.199 0.413     3.522
29 10 7 0.699 0.262     3.808
29 1 8 0.444 -0.180     2.005
29 2 8 0.657 -0.008     2.931
29 3 8 -0.171 0.705     3.681
29 4 8 0.173 1.788     3.350
29 5 8 1.527 1.710     2.573
29 6 8 1.011 0.512     2.903
29 7 8 1.178 0.382     2.675
29 8 8 1.735 0.361     2.563
29 9 8 1.110 0.419     3.586
29 10 8 0.543 0.033     3.634
29 1 9 0.261 -0.024     0.369
29 2 9 0.642 -0.191     1.108
29 3 9 0.178 0.643     1.774
29 4 9 -0.004 1.455     1.907
29 5 9 0.689 0.580     1.489
29 6 9 0.683 0.143     1.404
29 7 9 1.350 0.596     1.185
29 8 9 1.647 0.762     1.282
29 9 9 0.496 0.632     1.756
29 10 9 -0.223 -0.076     1.624
30 1 1 1.067 1.329     0.778
30 2 1 0.734 1.647     1.795
30 3 1 0.608 1.215     3.051
30 4 1 1.088 1.465     2.714
30 5 1 1.322 1.824     2.410
30 6 1 1.187 1.366     3.188
30 7 1 1.812 0.600     2.949
30 8 1 2.046 0.834     2.682
30 9 1 2.077 0.689     2.967
30 10 1 1.989 0.392     2.688
30 1 2 1.181 1.116     1.002
30 2 2 0.859 1.272     4.365
30 3 2 0.905 1.121     3.278
30 4 2 0.947 1.126     3.029
30 5 2 0.885 1.090     7.143
30 6 2 1.041 1.152     4.784
30 7 2 1.978 0.954     3.169
30 8 2 2.556 0.866     3.246
30 9 2 2.150 1.350     3.724
30 10 2 1.905 1.058     3.739
30 1 3 1.447 0.845     1.045
30 2 3 1.249 0.928     2.532
30 3 3 1.082 1.017     3.110
30 4 3 0.838 0.866     3.780
30 5 3 0.859 1.084     4.244
30 6 3 1.135 1.517     4.200
30 7 3 1.963 1.543     3.118
30 8 3 2.973 1.366     2.374
30 9 3 2.317 1.892     3.038
30 10 3 1.499 1.704     4.242
30 1 4 1.374 0.652     1.241
30 2 4 1.166 0.704     5.486
30 3 4 0.937 0.866     3.610
30 4 4 0.806 0.876     4.881
30 5 4 1.187 1.282     4.310
30 6 4 1.286 1.761     4.119
30 7 4 1.931 2.173     2.943
30 8 4 3.140 1.939     2.170
30 9 4 2.244 2.142     2.556
30 10 4 0.994 2.126     3.966
30 1 5 1.129 0.449     1.446
30 2 5 0.838 0.605     5.100
30 3 5 0.609 0.767     4.454
30 4 5 0.806 0.949     5.155
30 5 5 1.442 1.272     4.203
30 6 5 1.749 1.959     3.399
30 7 5 2.030 2.511     2.800
30 8 5 2.978 2.345     2.260
30 9 5 2.056 2.162     2.415
30 10 5 0.551 2.303     5.660
30 1 6 0.859 0.371     1.806
30 2 6 0.671 0.569     3.377
30 3 6 0.426 0.772     4.441
30 4 6 0.874 1.043     4.393
30 5 6 1.937 1.595     3.452
30 6 6 2.192 2.235     2.583
30 7 6 2.296 2.475     2.863
30 8 6 2.744 2.845     2.349
30 9 6 1.687 2.126     3.431
30 10 6 0.171 2.381     4.095
30 1 7 0.832 0.418     2.255
30 2 7 0.739 0.595     3.009
30 3 7 0.614 0.975     4.891
30 4 7 1.390 1.522     3.209
30 5 7 2.306 1.933     2.664
30 6 7 2.119 1.954     2.387
30 7 7 2.510 2.303     2.428
30 8 7 2.567 2.782     3.064
30 9 7 0.947 2.199     4.154
30 10 7 -0.121 2.501     3.736
30 1 8 0.931 0.329     1.996
30 2 8 0.968 0.626     2.857
30 3 8 1.056 1.204     3.522
30 4 8 1.822 1.553     3.083
30 5 8 2.192 1.350     2.391
30 6 8 2.025 1.366     3.071
30 7 8 2.681 2.157     2.379
30 8 8 2.312 2.454     2.933
30 9 8 0.536 2.522     4.179
30 10 8 -0.459 2.704     3.533
30 1 9 1.020 0.251     0.465
30 2 9 1.291 0.454     1.179
30 3 9 1.379 0.782     1.768
30 4 9 1.931 0.600     1.850
30 5 9 2.405 0.423     1.487
30 6 9 2.588 1.241     1.495
30 7 9 2.858 2.037     1.143
30 8 9 1.791 2.506     1.649
30 9 9 -0.131 2.850     1.812
30 10 9 -0.944 3.043     1.667
31 1 1 3.404 -3.537     0.757
31 2 1 2.779 -2.412     1.766
31 3 1 2.154 -0.912     3.059
31 4 1 1.529 0.213     2.848
31 5 1 0.529 2.213     2.467
31 6 1 0.029 2.338     3.187
31 7 1 0.779 1.463     3.061
31 8 1 1.154 1.088     2.812
31 9 1 1.279 0.463     3.121
31 10 1 1.029 -0.037     2.890
31 1 2 3.279 -4.037     0.924
31 2 2 2.779 -2.162     3.995
31 3 2 2.404 -0.662     3.247
31 4 2 1.654 0.338     3.134
31 5 2 0.404 1.963     6.963
31 6 2 -0.096 2.463     4.651
31 7 2 0.529 1.963     3.217
31 8 2 1.029 1.213     3.359
31 9 2 0.779 0.713     3.919
31 10 2 0.779 -0.162     3.982
31 1 3 3.904 -3.912     0.942
31 2 3 3.654 -1.787     2.360
31 3 3 2.904 -0.162     3.028
31 4 3 1.654 1.088     3.807
31 5 3 0.404 2.338     4.168
31 6 3 -0.096 2.838     4.033
31 7 3 0.154 2.463     3.103
31 8 3 0.529 1.338     2.530
31 9 3 0.404 0.713     3.270
31 10 3 0.279 -0.037     4.595
31 1 4 4.029 -3.537     1.106
31 2 4 3.529 -1.287     4.903
31 3 4 2.404 0.713     3.553
31 4 4 1.029 1.963     4.801
31 5 4 0.154 2.713     4.159
31 6 4 -0.221 2.963     3.933
31 7 4 -0.346 2.588     2.919
31 8 4 -0.221 1.463     2.326
31 9 4 -0.221 0.588     2.808
31 10 4 0.029 0.213     4.322
31 1 5 3.779 -2.912     1.309
31 2 5 2.779 -0.662     4.808
31 3 5 1.404 1.338     4.458
31 4 5 0.154 2.463     4.995
31 5 5 -0.471 2.838     4.028
31 6 5 -0.596 2.713     3.313
31 7 5 -0.971 2.338     2.799
31 8 5 -0.971 1.713     2.361
31 9 5 -0.721 0.963     2.597
31 10 5 -0.096 0.713     5.931
31 1 6 3.154 -2.412     1.674
31 2 6 2.279 -0.537     3.363
31 3 6 1.029 1.588     4.455
31 4 6 -0.096 2.838     4.209
31 5 6 -0.846 3.088     3.283
31 6 6 -1.346 2.838     2.523
31 7 6 -1.471 2.213     2.840
31 8 6 -1.346 1.963     2.399
31 9 6 -0.846 1.588     3.486
31 10 6 -0.096 1.463     4.210
31 1 7 2.904 -1.787     2.121
31 2 7 2.529 -0.537     2.983
31 3 7 1.654 1.213     4.841
31 4 7 0.529 2.463     3.179
31 5 7 -0.846 2.713     2.627
31 6 7 -1.846 2.963     2.305
31 7 7 -1.846 2.463     2.389
31 8 7 -1.596 2.463     2.956
31 9 7 -0.971 2.213     4.047
31 10 7 -0.221 1.963     3.766
31 1 8 2.904 -1.537     1.904
31 2 8 2.904 -0.787     2.784
31 3 8 2.154 0.463     3.522
31 4 8 0.779 1.338     3.207
31 5 8 -0.846 1.838     2.478
31 6 8 -1.971 2.588     2.935
31 7 8 -1.971 2.713     2.314
31 8 8 -1.596 2.713     2.807
31 9 8 -1.221 2.588     3.975
31 10 8 -0.721 2.088     3.533
31 1 9 2.779 -1.787     0.366
31 2 9 2.904 -1.287     1.085
31 3 9 2.279 -0.412     1.687
31 4 9 1.029 0.213     1.878
31 5 9 -0.721 1.213     1.489
31 6 9 -1.971 2.088     1.391
31 7 9 -2.221 2.463     1.045
31 8 9 -2.096 2.588     1.478
31 9 9 -1.596 2.338     1.683
31 10 9 -1.096 1.588     1.624
