0 1 1 2.470 -3.992     0.983
0 2 1 1.871 -2.086     1.157
0 3 1 0.715 -1.169     1.218
0 4 1 1.658 -0.867     1.193
0 5 1 2.715 0.112     1.164
0 6 1 1.543 0.612     1.214
0 7 1 0.715 -0.872     1.230
0 8 1 0.324 -0.945     1.236
0 9 1 0.480 -2.627     1.156
0 10 1 0.986 -3.966     1.093
0 1 2 2.527 -3.622     0.998
0 2 2 1.783 -1.633     1.180
0 3 2 1.434 -0.565     1.217
0 4 2 1.720 -0.190     1.200
0 5 2 1.611 -1.117     1.203
0 6 2 0.236 -1.601     1.213
0 7 2 -0.353 -3.185     1.132
0 8 2 -0.176 -3.544     1.120
0 9 2 -0.020 -4.231     1.085
0 10 2 0.762 -4.810     1.047
0 1 3 2.829 -3.028     1.010
0 2 3 2.392 -1.445     1.181
0 3 3 2.189 -0.007     1.180
0 4 3 1.204 0.081     1.236
0 5 3 -0.197 -2.216     1.180
0 6 3 -1.186 -3.028     1.130
0 7 3 -1.384 -4.534     1.051
0 8 3 -0.322 -5.257     1.023
0 9 3 0.460 -5.356     1.029
0 10 3 0.949 -5.304     1.023
0 1 4 2.522 -2.252     1.043
0 2 4 2.189 -1.195     1.175
0 3 4 2.027 -0.023     1.191
0 4 4 0.132 -0.310     1.279
0 5 4 -1.197 -2.549     1.156
0 6 4 -1.603 -3.580     1.096
0 7 4 -1.796 -4.565     1.040
0 8 4 -0.150 -5.638     1.001
0 9 4 1.069 -5.752     1.006
0 10 4 1.251 -5.466     1.007
0 1 5 1.928 -2.231     1.073
0 2 5 1.527 -1.060     1.201
0 3 5 1.215 -0.471     1.232
0 4 5 -0.921 -1.226     1.221
0 5 5 -1.957 -3.247     1.108
0 6 5 -1.587 -4.351     1.062
0 7 5 -1.717 -4.742     1.036
0 8 5 -0.077 -5.737     0.990
0 9 5 1.512 -5.903     0.987
0 10 5 1.522 -5.476     1.004
0 1 6 0.819 -2.247     1.089
0 2 6 0.850 -1.539     1.201
0 3 6 -0.046 -1.429     1.220
0 4 6 -2.207 -2.836     1.117
0 5 6 -2.436 -4.268     1.051
0 6 6 -1.384 -4.763     1.043
0 7 6 -1.280 -5.388     1.009
0 8 6 0.168 -5.513     1.010
0 9 6 1.819 -5.935     0.976
0 10 6 1.746 -5.596     0.994
0 1 7 0.257 -1.825     1.114
0 2 7 0.392 -1.971     1.192
0 3 7 -1.363 -2.476     1.147
0 4 7 -3.249 -3.596     1.053
0 5 7 -2.197 -3.971     1.057
0 6 7 -1.207 -4.606     1.047
0 7 7 -0.848 -5.711     0.996
0 8 7 0.569 -5.508     1.008
0 9 7 1.600 -6.002     0.974
0 10 7 1.887 -5.841     0.984
0 1 8 0.105 -2.164     1.104
0 2 8 -0.171 -2.409     1.178
0 3 8 -2.040 -2.242     1.141
0 4 8 -3.223 -2.164     1.088
0 5 8 -2.082 -2.601     1.116
0 6 8 -1.462 -4.393     1.052
0 7 8 -0.707 -5.596     1.007
0 8 8 0.845 -5.903     0.987
0 9 8 1.632 -5.966     0.976
0 10 8 1.944 -6.028     0.974
0 1 9 -0.046 -2.054     0.915
0 2 9 0.048 -2.351     0.982
0 3 9 -1.254 -1.648     0.993
0 4 9 -2.707 -1.325     0.951
0 5 9 -2.671 -2.716     0.903
0 6 9 -2.046 -4.565     0.838
0 7 9 -0.577 -5.565     0.812
0 8 9 1.012 -5.731     0.797
0 9 9 1.569 -5.747     0.797
0 10 9 1.637 -6.070     0.775
1 1 1 1.158 -1.206     0.977
1 2 1 0.033 -0.545     1.241
1 3 1 -1.253 -0.259     1.262
1 4 1 0.669 -0.003     1.264
1 5 1 1.981 -0.342     1.168
1 6 1 0.033 1.023     1.263
1 7 1 -0.086 -0.389     1.318
1 8 1 0.424 0.471     1.308
1 9 1 0.664 0.122     1.232
1 10 1 1.257 -0.529     1.134
1 1 2 0.747 -0.837     1.015
1 2 2 -0.513 0.044     1.256
1 3 2 -0.805 0.997     1.263
1 4 2 0.612 1.476     1.223
1 5 2 1.497 -0.378     1.227
1 6 2 -0.435 -0.337     1.299
1 7 2 -0.982 -1.269     1.149
1 8 2 0.195 -1.191     1.158
1 9 2 0.289 -0.628     1.158
1 10 2 0.851 -0.769     1.102
1 1 3 0.830 -0.545     1.037
1 2 3 0.028 0.184     1.303
1 3 3 -0.217 1.731     1.200
1 4 3 -0.248 1.689     1.254
1 5 3 -0.149 -0.566     1.259
1 6 3 -1.159 -0.795     1.160
1 7 3 -1.920 -1.665     1.025
1 8 3 -0.081 -2.352     1.008
1 9 3 0.596 -1.628     1.042
1 10 3 0.565 -1.305     1.066
1 1 4 0.440 -0.561     1.078
1 2 4 0.356 -0.144     1.258
1 3 4 0.393 1.325     1.232
1 4 4 -0.878 1.116     1.314
1 5 4 -0.904 -0.467     1.210
1 6 4 -1.362 -1.071     1.113
1 7 4 -2.362 -1.581     0.993
1 8 4 -0.055 -2.722     0.955
1 9 4 1.153 -2.337     0.980
1 10 4 0.565 -1.868     1.023
1 1 5 0.252 -1.243     1.097
1 2 5 0.596 -0.384     1.282
1 3 5 0.768 0.669     1.293
1 4 5 -0.883 0.590     1.278
1 5 5 -1.373 -1.045     1.123
1 6 5 -1.227 -2.040     1.040
1 7 5 -2.086 -1.915     0.997
1 8 5 -0.055 -2.696     0.947
1 9 5 1.481 -2.587     0.944
1 10 5 0.737 -2.139     1.005
1 1 6 0.054 -1.134     1.096
1 2 6 1.117 -0.514     1.247
1 3 6 0.674 -0.087     1.292
1 4 6 -1.368 -0.852     1.131
1 5 6 -1.612 -2.217     1.016
1 6 6 -0.836 -2.581     1.015
1 7 6 -1.144 -2.759     0.970
1 8 6 0.299 -2.175     1.002
1 9 6 1.731 -2.498     0.934
1 10 6 0.981 -2.149     0.991
1 1 7 0.033 -0.352     1.181
1 2 7 1.257 -0.451     1.233
1 3 7 -0.253 -1.035     1.191
1 4 7 -2.081 -1.779     1.016
1 5 7 -0.784 -1.904     1.047
1 6 7 -0.159 -2.321     1.039
1 7 7 -0.248 -3.055     0.941
1 8 7 0.955 -2.196     0.998
1 9 7 1.429 -2.472     0.943
1 10 7 1.117 -2.134     0.979
1 1 8 0.065 -0.680     1.150
1 2 8 0.164 -0.920     1.243
1 3 8 -1.508 -0.852     1.159
1 4 8 -1.977 -0.368     1.091
1 5 8 -0.128 -0.342     1.197
1 6 8 0.028 -1.811     1.061
1 7 8 0.117 -2.691     0.968
1 8 8 1.278 -2.680     0.949
1 9 8 1.414 -2.410     0.952
1 10 8 1.054 -2.248     0.967
1 1 9 -0.279 -0.618     0.900
1 2 9 -0.232 -1.149     0.977
1 3 9 -1.352 -0.410     0.975
1 4 9 -1.883 0.304     0.906
1 5 9 -0.956 -0.748     0.883
1 6 9 -0.618 -1.930     0.788
1 7 9 0.299 -2.493     0.744
1 8 9 1.497 -2.337     0.727
1 9 9 1.216 -2.149     0.745
1 10 9 0.502 -2.420     0.722
2 1 1 0.961 -0.797     0.972
2 2 1 0.138 -0.115     1.306
2 3 1 -1.133 0.036     1.274
2 4 1 0.232 0.328     1.309
2 5 1 0.945 -0.245     1.190
2 6 1 -1.347 0.927     1.239
2 7 1 -1.091 -0.605     1.311
2 8 1 -0.102 0.447     1.358
2 9 1 0.028 0.041     1.299
2 10 1 0.377 -0.813     1.155
2 1 2 0.393 -0.589     1.036
2 2 2 -0.586 0.062     1.282
2 3 2 -0.852 0.864     1.262
2 4 2 -0.003 1.499     1.204
2 5 2 0.502 -0.323     1.261
2 6 2 -1.430 -0.105     1.284
2 7 2 -1.487 -1.001     1.115
2 8 2 0.304 -1.042     1.165
2 9 2 0.060 -0.698     1.185
2 10 2 0.054 -1.094     1.108
2 1 3 0.205 -0.547     1.068
2 2 3 -0.211 -0.240     1.389
2 3 3 -0.185 1.041     1.210
2 4 3 -0.680 1.192     1.244
2 5 3 -0.748 -0.428     1.281
2 6 3 -1.555 -0.251     1.141
2 7 3 -1.946 -0.896     0.980
2 8 3 0.362 -1.730     0.987
2 9 3 0.674 -1.245     1.039
2 10 3 -0.076 -1.370     1.058
2 1 4 -0.315 -0.782     1.089
2 2 4 0.206 -0.615     1.281
2 3 4 0.659 0.437     1.262
2 4 4 -1.013 0.468     1.320
2 5 4 -1.175 -0.360     1.213
2 6 4 -1.435 -0.615     1.100
2 7 4 -2.159 -0.631     0.941
2 8 4 0.617 -1.698     0.926
2 9 4 1.414 -1.553     0.951
2 10 4 0.133 -1.646     1.001
2 1 5 -0.388 -1.495     1.093
2 2 5 0.544 -0.719     1.302
2 3 5 0.940 -0.006     1.318
2 4 5 -0.972 0.098     1.294
2 5 5 -1.268 -0.844     1.112
2 6 5 -0.935 -1.495     1.018
2 7 5 -1.899 -0.954     0.952
2 8 5 0.383 -1.391     0.933
2 9 5 1.726 -1.615     0.905
2 10 5 0.471 -1.662     0.980
2 1 6 -0.357 -1.251     1.068
2 2 6 1.164 -0.719     1.243
2 3 6 0.768 -0.292     1.324
2 4 6 -1.253 -0.698     1.132
2 5 6 -0.925 -1.480     0.997
2 6 6 -0.018 -1.641     0.997
2 7 6 -0.805 -1.745     0.941
2 8 6 0.560 -0.688     1.017
2 9 6 1.919 -1.360     0.884
2 10 6 0.888 -1.391     0.971
2 1 7 -0.216 -0.303     1.222
2 2 7 1.252 -0.355     1.236
2 3 7 -0.107 -0.573     1.235
2 4 7 -1.513 -0.782     0.999
2 5 7 0.237 -0.620     1.080
2 6 7 0.810 -1.120     1.036
2 7 7 0.461 -1.896     0.910
2 8 7 1.372 -0.850     0.977
2 9 7 1.560 -1.282     0.905
2 10 7 1.107 -1.188     0.967
2 1 8 -0.065 -0.516     1.174
2 2 8 0.346 -0.589     1.276
2 3 8 -1.091 -0.037     1.168
2 4 8 -1.237 0.869     1.078
2 5 8 0.705 0.869     1.206
2 6 8 0.737 -0.646     1.073
2 7 8 0.846 -1.422     0.945
2 8 8 1.711 -1.422     0.900
2 9 8 1.502 -1.230     0.923
2 10 8 1.023 -1.271     0.954
2 1 9 -0.362 -0.469     0.879
2 2 9 0.023 -0.907     0.956
2 3 9 -0.873 0.177     0.957
2 4 9 -1.440 1.208     0.843
2 5 9 -0.498 0.182     0.877
2 6 9 -0.143 -0.912     0.769
2 7 9 0.825 -1.256     0.695
2 8 9 1.768 -1.032     0.659
2 9 9 1.070 -0.912     0.709
2 10 9 0.325 -1.428     0.687
3 1 1 1.779 -2.768     0.962
3 2 1 0.831 -1.549     1.421
3 3 1 -0.075 -1.013     1.446
3 4 1 1.461 -0.367     1.444
3 5 1 1.941 0.024     1.310
3 6 1 -0.153 0.899     1.423
3 7 1 0.399 -0.794     1.495
3 8 1 1.008 0.368     1.527
3 9 1 0.883 -0.002     1.477
3 10 1 1.107 -0.778     1.306
3 1 2 1.451 -2.179     1.044
3 2 2 0.451 -0.882     1.437
3 3 2 0.519 0.196     1.462
3 4 2 1.472 0.826     1.341
3 5 2 1.566 -0.549     1.378
3 6 2 -0.565 -0.252     1.482
3 7 2 -0.497 -1.184     1.269
3 8 2 1.008 -0.997     1.313
3 9 2 0.467 -0.372     1.380
3 10 2 0.519 -0.768     1.283
3 1 3 1.680 -1.684     1.096
3 2 3 1.086 -0.773     1.564
3 3 3 1.066 0.810     1.363
3 4 3 0.560 0.862     1.421
3 5 3 0.263 -0.684     1.473
3 6 3 -0.893 -0.304     1.319
3 7 3 -1.398 -0.747     1.122
3 8 3 1.003 -1.414     1.126
3 9 3 0.972 -0.726     1.199
3 10 3 0.008 -0.830     1.238
3 1 4 1.154 -1.398     1.136
3 2 4 1.092 -0.919     1.413
3 3 4 1.159 0.435     1.426
3 4 4 -0.309 0.430     1.524
3 5 4 -0.070 -0.294     1.434
3 6 4 -0.648 -0.429     1.287
3 7 4 -1.789 -0.054     1.074
3 8 4 1.248 -1.138     1.063
3 9 4 1.618 -0.888     1.082
3 10 4 -0.132 -0.867     1.180
3 1 5 0.800 -1.830     1.172
3 2 5 0.826 -0.867     1.468
3 3 5 0.868 0.045     1.506
3 4 5 -0.617 0.263     1.491
3 5 5 -0.320 -0.487     1.310
3 6 5 -0.101 -1.054     1.182
3 7 5 -1.513 -0.216     1.098
3 8 5 0.914 -0.684     1.096
3 9 5 1.805 -0.945     1.028
3 10 5 -0.007 -0.851     1.160
3 1 6 0.316 -1.627     1.109
3 2 6 1.175 -0.841     1.388
3 3 6 0.800 -0.257     1.506
3 4 6 -0.773 -0.440     1.312
3 5 6 -0.174 -0.971     1.166
3 6 6 0.477 -1.023     1.161
3 7 6 -0.497 -1.164     1.101
3 8 6 0.888 -0.049     1.194
3 9 6 1.894 -0.836     1.006
3 10 6 0.513 -0.763     1.147
3 1 7 0.123 -0.533     1.340
3 2 7 1.394 -0.424     1.384
3 3 7 0.310 -0.539     1.431
3 4 7 -0.794 -0.523     1.175
3 5 7 0.805 -0.268     1.259
3 6 7 0.915 -0.679     1.201
3 7 7 0.696 -1.460     1.047
3 8 7 1.654 -0.351     1.113
3 9 7 1.539 -0.851     1.042
3 10 7 0.987 -0.820     1.124
3 1 8 0.237 -0.638     1.289
3 2 8 0.638 -0.554     1.461
3 3 8 -0.533 0.133     1.363
3 4 8 -0.518 0.956     1.246
3 5 8 1.060 0.737     1.363
3 6 8 0.743 -0.533     1.254
3 7 8 1.118 -0.841     1.095
3 8 8 1.987 -0.799     1.018
3 9 8 1.404 -0.737     1.067
3 10 8 0.852 -1.070     1.107
3 1 9 -0.028 -0.591     0.860
3 2 9 0.425 -0.882     0.998
3 3 9 -0.492 0.321     1.017
3 4 9 -0.877 1.133     0.858
3 5 9 0.045 -0.044     0.960
3 6 9 0.232 -0.679     0.821
3 7 9 1.274 -0.419     0.717
3 8 9 1.873 -0.216     0.658
3 9 9 0.711 -0.351     0.754
3 10 9 -0.018 -1.237     0.716
4 1 1 2.100 -3.212     0.947
4 2 1 1.188 -1.905     1.516
4 3 1 0.022 -1.067     1.631
4 4 1 1.444 -0.212     1.590
4 5 1 2.032 0.397     1.437
4 6 1 -0.036 0.996     1.622
4 7 1 0.574 -0.822     1.693
4 8 1 1.063 0.584     1.708
4 9 1 0.845 0.517     1.674
4 10 1 1.100 -0.140     1.496
4 1 2 1.933 -2.671     1.036
4 2 2 0.897 -1.082     1.603
4 3 2 0.657 0.116     1.682
4 4 2 1.298 0.772     1.499
4 5 2 1.391 -0.509     1.532
4 6 2 -0.640 -0.306     1.697
4 7 2 -0.405 -1.212     1.438
4 8 2 1.095 -0.770     1.484
4 9 2 0.459 0.267     1.609
4 10 2 0.532 -0.004     1.510
4 1 3 2.194 -2.082     1.107
4 2 3 1.595 -0.879     1.717
4 3 3 1.287 0.741     1.525
4 4 3 0.397 0.720     1.634
4 5 3 -0.030 -0.780     1.687
4 6 3 -1.004 -0.447     1.507
4 7 3 -1.322 -0.947     1.275
4 8 3 1.053 -1.379     1.288
4 9 3 0.928 -0.343     1.387
4 10 3 -0.077 -0.181     1.486
4 1 4 1.553 -1.525     1.179
4 2 4 1.418 -0.874     1.546
4 3 4 1.246 0.501     1.596
4 4 4 -0.530 0.470     1.746
4 5 4 -0.411 -0.400     1.658
4 6 4 -0.791 -0.624     1.482
4 7 4 -1.739 -0.311     1.220
4 8 4 1.209 -1.348     1.220
4 9 4 1.506 -0.910     1.239
4 10 4 -0.228 -0.515     1.402
4 1 5 0.938 -1.723     1.268
4 2 5 0.964 -0.738     1.643
4 3 5 0.891 0.230     1.706
4 4 5 -0.911 0.397     1.681
4 5 5 -0.707 -0.671     1.500
4 6 5 -0.145 -1.218     1.363
4 7 5 -1.322 -0.369     1.266
4 8 5 0.928 -1.035     1.264
4 9 5 1.751 -1.166     1.168
4 10 5 -0.015 -0.692     1.376
4 1 6 0.136 -1.389     1.185
4 2 6 1.095 -0.660     1.565
4 3 6 0.735 -0.077     1.721
4 4 6 -1.213 -0.436     1.486
4 5 6 -0.567 -1.280     1.330
4 6 6 0.574 -1.212     1.335
4 7 6 -0.249 -1.254     1.274
4 8 6 0.944 -0.322     1.389
4 9 6 1.865 -1.009     1.143
4 10 6 0.454 -0.655     1.356
4 1 7 -0.161 -0.327     1.499
4 2 7 1.069 -0.322     1.573
4 3 7 -0.093 -0.520     1.658
4 4 7 -1.442 -0.650     1.333
4 5 7 0.522 -0.509     1.466
4 6 7 1.089 -0.874     1.371
4 7 7 0.740 -1.655     1.192
4 8 7 1.527 -0.551     1.269
4 9 7 1.428 -0.942     1.195
4 10 7 0.813 -0.707     1.316
4 1 8 -0.181 -0.509     1.430
4 2 8 0.136 -0.561     1.688
4 3 8 -1.109 -0.030     1.543
4 4 8 -1.041 0.850     1.413
4 5 8 1.001 0.741     1.539
4 6 8 0.876 -0.608     1.445
4 7 8 1.011 -1.150     1.253
4 8 8 1.766 -1.103     1.149
4 9 8 1.303 -0.858     1.231
4 10 8 0.735 -0.962     1.292
4 1 9 -0.536 -0.426     0.834
4 2 9 -0.135 -0.874     1.044
4 3 9 -0.843 0.131     1.062
4 4 9 -1.056 1.017     0.870
4 5 9 0.089 -0.067     1.039
4 6 9 0.272 -0.785     0.867
4 7 9 1.022 -0.754     0.738
4 8 9 1.683 -0.520     0.668
4 9 9 0.673 -0.515     0.799
4 10 9 -0.051 -1.223     0.747
5 1 1 2.679 -4.223     0.924
5 2 1 1.690 -2.296     1.618
5 3 1 0.560 -1.244     1.844
5 4 1 1.607 -0.489     1.785
5 5 1 1.867 0.954     1.613
5 6 1 0.242 1.147     1.856
5 7 1 1.086 -0.827     1.917
5 8 1 1.268 0.485     1.926
5 9 1 0.956 0.412     1.918
5 10 1 1.122 -0.228     1.733
5 1 2 2.534 -3.801     1.013
5 2 2 1.357 -1.473     1.781
5 3 2 1.101 -0.275     1.925
5 4 2 1.508 0.126     1.711
5 5 2 1.200 -0.588     1.743
5 6 2 -0.643 -0.270     1.979
5 7 2 -0.175 -1.275     1.665
5 8 2 1.054 -0.781     1.710
5 9 2 0.325 0.261     1.904
5 10 2 0.393 -0.140     1.802
5 1 3 2.851 -3.119     1.098
5 2 3 1.971 -1.119     1.874
5 3 3 1.570 0.459     1.730
5 4 3 0.742 0.230     1.903
5 5 3 0.190 -1.025     1.940
5 6 3 -1.050 -0.380     1.748
5 7 3 -1.513 -0.952     1.472
5 8 3 0.768 -1.442     1.502
5 9 3 0.622 -0.364     1.654
5 10 3 -0.367 -0.369     1.769
5 1 4 2.383 -2.281     1.201
5 2 4 1.732 -0.932     1.709
5 3 4 1.252 0.563     1.816
5 4 4 -0.232 0.381     2.045
5 5 4 0.122 -0.473     1.952
5 6 4 -0.664 -0.452     1.751
5 7 4 -2.055 -0.166     1.399
5 8 4 0.830 -1.270     1.434
5 9 4 1.143 -0.859     1.469
5 10 4 -0.664 -0.708     1.652
5 1 5 1.758 -2.395     1.344
5 2 5 1.034 -0.890     1.867
5 3 5 0.716 0.407     1.970
5 4 5 -0.701 0.532     1.942
5 5 5 -0.274 -0.593     1.772
5 6 5 -0.112 -1.114     1.605
5 7 5 -1.779 -0.218     1.459
5 8 5 0.461 -0.786     1.521
5 9 5 1.310 -0.994     1.386
5 10 5 -0.503 -0.817     1.628
5 1 6 0.706 -2.187     1.255
5 2 6 1.049 -1.083     1.779
5 3 6 0.627 -0.124     2.008
5 4 6 -0.972 -0.406     1.732
5 5 6 -0.326 -1.234     1.554
5 6 6 0.393 -1.171     1.570
5 7 6 -0.737 -1.166     1.495
5 8 6 0.440 -0.051     1.676
5 9 6 1.471 -0.843     1.345
5 10 6 0.096 -0.744     1.627
5 1 7 0.252 -1.057     1.662
5 2 7 1.112 -0.848     1.798
5 3 7 0.034 -0.728     1.927
5 4 7 -1.039 -0.770     1.568
5 5 7 0.732 -0.541     1.715
5 6 7 0.888 -0.838     1.600
5 7 7 0.440 -1.478     1.406
5 8 7 1.273 -0.291     1.499
5 9 7 1.148 -0.812     1.420
5 10 7 0.638 -0.775     1.569
5 1 8 0.179 -1.281     1.581
5 2 8 0.388 -1.093     1.925
5 3 8 -0.784 -0.249     1.807
5 4 8 -0.612 0.673     1.663
5 5 8 1.200 0.615     1.758
5 6 8 0.763 -0.598     1.700
5 7 8 0.914 -0.864     1.482
5 8 8 1.674 -0.775     1.345
5 9 8 1.117 -0.687     1.458
5 10 8 0.591 -0.994     1.530
5 1 9 -0.117 -1.473     0.777
5 2 9 0.357 -1.551     1.056
5 3 9 -0.503 -0.156     1.130
5 4 9 -0.706 0.803     0.905
5 5 9 0.341 -0.228     1.109
5 6 9 0.330 -0.687     0.924
5 7 9 1.127 -0.395     0.768
5 8 9 1.653 -0.130     0.693
5 9 9 0.518 -0.265     0.858
5 10 9 -0.216 -1.145     0.781
6 1 1 3.544 -5.437     0.890
6 2 1 2.669 -3.588     1.677
6 3 1 1.596 -1.963     2.026
6 4 1 2.341 -1.119     1.957
6 5 1 2.211 1.105     1.844
6 6 1 1.028 1.355     2.113
6 7 1 2.237 -0.599     2.137
6 8 1 2.408 0.480     2.133
6 9 1 1.971 0.375     2.168
6 10 1 1.903 -0.208     2.000
6 1 2 3.669 -5.208     0.955
6 2 2 2.434 -2.651     1.915
6 3 2 2.205 -1.000     2.114
6 4 2 2.627 -0.552     1.892
6 5 2 2.044 -0.677     1.984
6 6 2 0.429 -0.046     2.377
6 7 2 1.226 -1.234     1.945
6 8 2 2.054 -0.666     1.960
6 9 2 1.028 0.636     2.224
6 10 2 1.091 0.375     2.134
6 1 3 4.289 -4.724     1.026
6 2 3 3.184 -2.031     1.937
6 3 3 2.606 -0.046     1.920
6 4 3 2.070 -0.010     2.144
6 5 3 1.435 -1.067     2.209
6 6 3 0.039 -0.208     2.160
6 7 3 -0.368 -1.166     1.802
6 8 3 1.408 -1.546     1.766
6 9 3 0.851 -0.104     2.017
6 10 3 -0.034 0.219     2.181
6 1 4 3.898 -3.822     1.140
6 2 4 2.643 -1.395     1.891
6 3 4 1.742 0.594     2.062
6 4 4 0.638 0.688     2.393
6 5 4 1.283 -0.291     2.264
6 6 4 0.231 -0.130     2.162
6 7 4 -1.310 -0.104     1.723
6 8 4 1.169 -1.432     1.713
6 9 4 1.044 -0.932     1.787
6 10 4 -0.680 -0.302     2.015
6 1 5 3.086 -3.619     1.334
6 2 5 1.513 -0.994     2.129
6 3 5 0.695 0.797     2.313
6 4 5 -0.378 1.000     2.278
6 5 5 0.487 -0.432     2.148
6 6 5 0.591 -0.776     1.957
6 7 5 -1.086 0.276     1.793
6 8 5 0.888 -0.822     1.852
6 9 5 1.247 -1.156     1.684
6 10 5 -0.586 -0.614     1.982
6 1 6 1.705 -3.156     1.288
6 2 6 1.195 -1.625     2.039
6 3 6 0.471 -0.260     2.405
6 4 6 -0.743 -0.468     2.090
6 5 6 0.174 -1.474     1.854
6 6 6 0.882 -1.224     1.875
6 7 6 -0.196 -0.817     1.847
6 8 6 0.809 -0.109     2.044
6 9 6 1.372 -0.911     1.639
6 10 6 -0.065 -0.609     2.007
6 1 7 0.778 -2.114     1.781
6 2 7 1.169 -2.213     2.015
6 3 7 0.101 -1.937     2.179
6 4 7 -0.654 -1.765     1.841
6 5 7 1.158 -1.224     1.991
6 6 7 1.237 -1.161     1.887
6 7 7 0.622 -1.520     1.701
6 8 7 1.231 -0.369     1.824
6 9 7 0.945 -0.760     1.746
6 10 7 0.424 -0.588     1.940
6 1 8 0.289 -2.703     1.664
6 2 8 0.440 -2.932     2.083
6 3 8 -0.612 -1.890     2.064
6 4 8 -0.112 -0.671     2.026
6 5 8 1.783 -0.224     2.035
6 6 8 1.205 -0.776     2.011
6 7 8 0.987 -0.911     1.800
6 8 8 1.492 -0.791     1.645
6 9 8 0.888 -0.562     1.797
6 10 8 0.367 -0.744     1.891
6 1 9 -0.128 -3.000     0.655
6 2 9 0.596 -3.255     1.013
6 3 9 -0.149 -1.640     1.176
6 4 9 -0.019 -0.375     1.014
6 5 9 1.231 -0.843     1.162
6 6 9 0.882 -0.656     1.002
6 7 9 1.132 -0.333     0.844
6 8 9 1.450 -0.130     0.751
6 9 9 0.346 -0.171     0.968
6 10 9 -0.394 -0.880     0.863
7 1 1 3.337 -5.564     0.870
7 2 1 2.243 -3.308     1.757
7 3 1 1.128 -1.876     2.220
7 4 1 2.003 -1.173     2.154
7 5 1 2.045 1.150     2.059
7 6 1 0.852 1.582     2.357
7 7 1 2.024 -0.287     2.358
7 8 1 2.394 0.640     2.309
7 9 1 2.134 0.395     2.369
7 10 1 2.144 -0.439     2.217
7 1 2 3.394 -5.246     0.924
7 2 2 1.993 -2.402     2.046
7 3 2 1.722 -0.918     2.348
7 4 2 2.269 -0.485     2.107
7 5 2 1.889 -0.803     2.210
7 6 2 0.238 -0.079     2.794
7 7 2 0.894 -1.017     2.237
7 8 2 1.852 -0.470     2.205
7 9 2 1.066 0.660     2.537
7 10 2 1.222 0.249     2.446
7 1 3 3.883 -4.537     1.000
7 2 3 2.670 -1.860     2.021
7 3 3 2.144 -0.001     2.147
7 4 3 1.649 0.020     2.407
7 5 3 1.144 -1.371     2.454
7 6 3 -0.064 -0.428     2.559
7 7 3 -0.564 -1.194     2.102
7 8 3 1.009 -1.444     2.032
7 9 3 0.732 -0.027     2.377
7 10 3 0.186 0.181     2.598
7 1 4 3.482 -3.298     1.144
7 2 4 2.342 -1.386     2.054
7 3 4 1.696 0.332     2.322
7 4 4 0.555 0.535     2.755
7 5 4 0.873 -0.668     2.593
7 6 4 0.113 -0.360     2.565
7 7 4 -1.340 -0.616     2.012
7 8 4 0.696 -1.543     1.973
7 9 4 0.925 -0.850     2.103
7 10 4 -0.314 -0.366     2.403
7 1 5 2.628 -3.199     1.371
7 2 5 1.347 -1.324     2.368
7 3 5 0.988 0.020     2.650
7 4 5 0.040 0.400     2.678
7 5 5 0.368 -0.871     2.490
7 6 5 0.368 -1.142     2.271
7 7 5 -1.117 -0.423     2.108
7 8 5 0.524 -1.017     2.161
7 9 5 1.186 -1.058     1.971
7 10 5 -0.252 -0.746     2.339
7 1 6 1.160 -3.329     1.324
7 2 6 0.831 -2.272     2.229
7 3 6 0.670 -1.376     2.682
7 4 6 -0.236 -1.616     2.352
7 5 6 0.128 -2.230     2.060
7 6 6 0.618 -1.840     2.116
7 7 6 -0.200 -1.204     2.157
7 8 6 0.634 -0.142     2.406
7 9 6 1.331 -0.756     1.930
7 10 6 0.160 -0.756     2.372
7 1 7 0.347 -2.881     1.841
7 2 7 0.774 -2.991     2.130
7 3 7 0.149 -2.944     2.296
7 4 7 -0.361 -3.084     1.966
7 5 7 1.071 -2.303     2.161
7 6 7 1.227 -1.746     2.107
7 7 7 0.753 -1.501     1.963
7 8 7 1.134 -0.220     2.150
7 9 7 0.941 -0.626     2.069
7 10 7 0.535 -0.751     2.290
7 1 8 0.133 -3.574     1.674
7 2 8 0.399 -3.558     2.138
7 3 8 -0.434 -2.543     2.221
7 4 8 0.113 -1.537     2.291
7 5 8 2.087 -0.965     2.229
7 6 8 1.686 -1.084     2.244
7 7 8 1.165 -0.850     2.086
7 8 8 1.415 -0.595     1.938
7 9 8 0.936 -0.548     2.129
7 10 8 0.592 -0.959     2.214
7 1 9 -0.007 -3.558     0.513
7 2 9 0.805 -3.595     0.933
7 3 9 0.175 -1.944     1.181
7 4 9 0.462 -0.709     1.086
7 5 9 1.873 -1.142     1.144
7 6 9 1.498 -0.824     1.027
7 7 9 1.259 -0.277     0.883
7 8 9 1.410 -0.037     0.802
7 9 9 0.581 -0.277     1.050
7 10 9 0.061 -1.225     0.915
8 1 1 4.067 -5.787     0.833
8 2 1 2.963 -3.756     1.802
8 3 1 1.885 -2.115     2.393
8 4 1 2.739 -1.319     2.289
8 5 1 2.599 1.207     2.255
8 6 1 1.494 1.629     2.586
8 7 1 2.708 -0.261     2.526
8 8 1 3.187 0.822     2.406
8 9 1 3.218 0.890     2.455
8 10 1 3.307 0.431     2.338
8 1 2 4.140 -5.391     0.880
8 2 2 2.786 -2.720     2.118
8 3 2 2.489 -1.131     2.519
8 4 2 3.041 -0.683     2.242
8 5 2 2.593 -0.641     2.422
8 6 2 1.078 0.051     3.147
8 7 2 2.015 -1.246     2.441
8 8 2 3.067 -0.501     2.332
8 9 2 2.234 1.348     2.708
8 10 2 2.286 1.416     2.619
8 1 3 4.578 -4.714     0.958
8 2 3 3.416 -2.053     2.009
8 3 3 2.885 -0.209     2.313
8 4 3 2.442 -0.141     2.598
8 5 3 1.932 -1.173     2.654
8 6 3 0.817 -0.214     2.938
8 7 3 0.869 -1.438     2.385
8 8 3 2.494 -1.626     2.193
8 9 3 1.765 0.562     2.651
8 10 3 0.932 1.473     2.881
8 1 4 4.104 -3.725     1.110
8 2 4 2.942 -1.563     2.188
8 3 4 2.276 0.145     2.535
8 4 4 1.250 0.306     3.080
8 5 4 1.671 -0.595     2.852
8 6 4 1.020 0.015     2.928
8 7 4 0.182 -0.329     2.433
8 8 4 2.182 -1.631     2.162
8 9 4 1.791 -0.579     2.401
8 10 4 0.156 0.546     2.835
8 1 5 3.244 -3.647     1.363
8 2 5 1.948 -1.490     2.560
8 3 5 1.463 -0.027     2.951
8 4 5 0.609 0.317     3.079
8 5 5 1.224 -0.756     2.791
8 6 5 1.442 -0.610     2.573
8 7 5 0.494 0.192     2.529
8 8 5 2.041 -1.157     2.371
8 9 5 1.958 -1.162     2.234
8 10 5 0.026 -0.251     2.810
8 1 6 1.864 -3.584     1.354
8 2 6 1.505 -2.287     2.391
8 3 6 1.104 -1.126     2.982
8 4 6 0.328 -1.168     2.695
8 5 6 1.031 -1.751     2.307
8 6 6 1.770 -1.397     2.345
8 7 6 1.276 -0.964     2.461
8 8 6 1.979 -0.740     2.644
8 9 6 1.974 -1.095     2.189
8 10 6 0.229 -0.355     2.824
8 1 7 1.036 -2.902     1.873
8 2 7 1.463 -2.855     2.258
8 3 7 0.750 -2.563     2.481
8 4 7 0.286 -2.392     2.192
8 5 7 1.765 -1.772     2.356
8 6 7 2.093 -1.626     2.305
8 7 7 1.890 -1.892     2.164
8 8 7 2.213 -1.016     2.379
8 9 7 1.447 -0.964     2.375
8 10 7 0.390 -0.298     2.739
8 1 8 0.776 -3.438     1.682
8 2 8 1.026 -3.386     2.235
8 3 8 0.208 -2.282     2.447
8 4 8 0.666 -1.173     2.622
8 5 8 2.395 -0.824     2.426
8 6 8 2.182 -1.313     2.443
8 7 8 2.062 -1.506     2.295
8 8 8 2.302 -1.308     2.153
8 9 8 1.276 -0.746     2.465
8 10 8 0.302 -0.459     2.655
8 1 9 0.515 -3.475     0.379
8 2 9 1.359 -3.496     0.881
8 3 9 0.677 -1.766     1.217
8 4 9 0.859 -0.480     1.178
8 5 9 2.125 -1.115     1.143
8 6 9 1.932 -1.105     1.049
8 7 9 2.000 -0.985     0.910
8 8 9 1.989 -0.683     0.848
8 9 9 0.635 -0.324     1.165
8 10 9 -0.297 -0.584     1.040
9 1 1 3.416 -4.437     0.804
9 2 1 2.927 -2.615     1.839
9 3 1 2.172 -1.427     2.489
9 4 1 2.453 -0.641     2.398
9 5 1 2.385 1.615     2.352
9 6 1 2.015 1.547     2.686
9 7 1 3.114 -0.042     2.554
9 8 1 3.484 0.693     2.391
9 9 1 3.552 0.620     2.416
9 10 1 3.547 0.333     2.325
9 1 2 3.448 -4.208     0.846
9 2 2 2.755 -2.073     2.120
9 3 2 2.583 -0.943     2.594
9 4 2 2.625 -0.443     2.347
9 5 2 2.172 0.136     2.582
9 6 2 1.526 0.771     3.321
9 7 2 2.692 -0.370     2.514
9 8 2 3.385 -0.198     2.328
9 9 2 2.599 1.156     2.743
9 10 2 2.677 1.193     2.649
9 1 3 3.890 -3.828     0.916
9 2 3 3.265 -1.734     1.934
9 3 3 2.828 -0.328     2.399
9 4 3 2.354 -0.078     2.712
9 5 3 1.875 -0.354     2.818
9 6 3 1.213 0.781     3.155
9 7 3 1.541 -0.260     2.595
9 8 3 2.849 -0.927     2.253
9 9 3 1.932 0.667     2.803
9 10 3 1.078 1.354     3.067
9 1 4 3.536 -3.068     1.067
9 2 4 2.765 -1.307     2.243
9 3 4 2.302 0.073     2.655
9 4 4 1.547 0.432     3.273
9 5 4 1.739 0.089     3.026
9 6 4 1.145 0.875     3.156
9 7 4 0.656 0.750     2.714
9 8 4 2.505 -0.766     2.264
9 9 4 1.755 -0.172     2.602
9 10 4 -0.026 0.870     3.151
9 1 5 2.880 -2.844     1.346
9 2 5 1.833 -1.016     2.700
9 3 5 1.526 0.297     3.149
9 4 5 0.942 0.677     3.345
9 5 5 1.270 -0.094     3.042
9 6 5 1.265 0.344     2.833
9 7 5 0.505 1.339     2.773
9 8 5 2.119 -0.141     2.524
9 9 5 1.802 -0.536     2.435
9 10 5 -0.282 0.427     3.176
9 1 6 1.828 -2.578     1.374
9 2 6 1.494 -1.281     2.560
9 3 6 1.083 -0.120     3.263
9 4 6 0.395 -0.333     3.052
9 5 6 0.974 -0.995     2.554
9 6 6 1.380 -0.250     2.591
9 7 6 0.671 0.375     2.783
9 8 6 1.640 0.490     2.838
9 9 6 1.734 -0.385     2.395
9 10 6 -0.141 0.287     3.209
9 1 7 1.203 -1.781     1.927
9 2 7 1.474 -1.432     2.443
9 3 7 0.557 -1.036     2.758
9 4 7 -0.032 -1.312     2.452
9 5 7 1.401 -1.057     2.559
9 6 7 1.416 -0.755     2.524
9 7 7 0.953 -0.750     2.438
9 8 7 1.458 0.135     2.623
9 9 7 0.890 -0.271     2.677
9 10 7 -0.058 0.208     3.145
9 1 8 0.885 -2.266     1.729
9 2 8 0.937 -2.016     2.397
9 3 8 -0.042 -1.052     2.742
9 4 8 0.203 -0.521     2.967
9 5 8 1.729 -0.448     2.631
9 6 8 1.291 -0.922     2.671
9 7 8 1.010 -0.812     2.555
9 8 8 1.265 -0.489     2.408
9 9 8 0.479 -0.193     2.820
9 10 8 -0.329 0.099     3.032
9 1 9 0.489 -2.641     0.297
9 2 9 1.062 -2.614     0.869
9 3 9 0.312 -1.161     1.275
9 4 9 0.229 -0.318     1.294
9 5 9 1.255 -1.052     1.182
9 6 9 0.942 -1.021     1.108
9 7 9 0.932 -0.599     0.986
9 8 9 0.885 -0.177     0.931
9 9 9 -0.245 0.073     1.283
9 10 9 -1.016 0.104     1.111
10 1 1 2.980 -4.797     0.795
10 2 1 2.355 -2.307     1.934
10 3 1 1.579 -1.026     2.669
10 4 1 2.172 -0.349     2.543
10 5 1 2.323 1.573     2.455
10 6 1 1.693 1.515     2.807
10 7 1 2.599 -0.177     2.646
10 8 1 2.855 0.672     2.467
10 9 1 2.756 0.557     2.501
10 10 1 2.678 0.307     2.437
10 1 2 2.964 -4.521     0.835
10 2 2 2.053 -1.787     2.201
10 3 2 1.980 -0.516     2.749
10 4 2 2.125 -0.058     2.509
10 5 2 1.709 0.041     2.783
10 6 2 0.938 0.588     3.604
10 7 2 2.063 -0.604     2.651
10 8 2 2.782 -0.224     2.419
10 9 2 1.891 1.114     2.886
10 10 2 2.042 1.146     2.777
10 1 3 3.287 -4.000     0.911
10 2 3 2.422 -1.563     1.966
10 3 3 2.131 0.088     2.555
10 4 3 1.500 0.198     2.942
10 5 3 0.995 -0.495     3.097
10 6 3 0.386 0.583     3.508
10 7 3 0.719 -0.563     2.905
10 8 3 2.235 -1.125     2.381
10 9 3 1.417 0.531     3.028
10 10 3 0.667 1.234     3.309
10 1 4 2.995 -3.110     1.070
10 2 4 2.037 -1.229     2.359
10 3 4 1.537 0.469     2.860
10 4 4 0.537 0.620     3.605
10 5 4 0.974 -0.005     3.322
10 6 4 0.506 0.604     3.494
10 7 4 -0.218 0.370     3.100
10 8 4 1.954 -1.172     2.406
10 9 4 1.417 -0.464     2.842
10 10 4 -0.265 0.693     3.492
10 1 5 2.532 -3.125     1.349
10 2 5 1.297 -1.120     2.887
10 3 5 0.870 0.547     3.435
10 4 5 0.047 0.838     3.670
10 5 5 0.631 -0.297     3.391
10 6 5 0.917 -0.214     3.140
10 7 5 -0.093 0.786     3.101
10 8 5 1.662 -0.651     2.718
10 9 5 1.526 -0.906     2.643
10 10 5 -0.458 0.250     3.553
10 1 6 1.563 -3.313     1.353
10 2 6 1.110 -1.781     2.723
10 3 6 0.714 -0.182     3.616
10 4 6 -0.171 -0.406     3.445
10 5 6 0.495 -1.401     2.783
10 6 6 1.204 -0.974     2.814
10 7 6 0.490 -0.334     3.141
10 8 6 1.422 0.026     3.082
10 9 6 1.558 -0.740     2.613
10 10 6 -0.270 0.094     3.625
10 1 7 0.891 -2.917     1.915
10 2 7 1.157 -2.375     2.552
10 3 7 0.386 -1.557     2.976
10 4 7 -0.187 -1.610     2.670
10 5 7 1.365 -1.334     2.732
10 6 7 1.521 -1.156     2.706
10 7 7 1.094 -1.271     2.648
10 8 7 1.553 -0.240     2.851
10 9 7 0.875 -0.599     2.973
10 10 7 -0.166 -0.037     3.577
10 1 8 0.636 -3.766     1.659
10 2 8 0.724 -3.255     2.424
10 3 8 -0.182 -1.735     2.943
10 4 8 0.271 -0.672     3.299
10 5 8 1.995 -0.391     2.794
10 6 8 1.605 -0.948     2.858
10 7 8 1.355 -1.005     2.769
10 8 8 1.568 -0.724     2.620
10 9 8 0.506 -0.396     3.177
10 10 8 -0.437 -0.167     3.414
10 1 9 0.485 -3.964     0.174
10 2 9 1.136 -3.724     0.784
10 3 9 0.282 -1.724     1.291
10 4 9 0.318 -0.328     1.394
10 5 9 1.521 -0.912     1.197
10 6 9 1.235 -0.886     1.142
10 7 9 1.323 -0.573     1.026
10 8 9 1.235 -0.224     0.983
10 9 9 -0.161 0.005     1.412
10 10 9 -1.073 -0.146     1.176
11 1 1 2.778 -4.237     0.784
11 2 1 1.690 -2.039     2.008
11 3 1 0.315 -1.320     2.857
11 4 1 1.237 -0.831     2.714
11 5 1 2.080 0.534     2.556
11 6 1 0.955 1.127     2.970
11 7 1 1.018 -0.263     2.871
11 8 1 1.080 0.091     2.687
11 9 1 1.252 -1.300     2.628
11 10 1 1.632 -2.570     2.419
11 1 2 2.799 -3.982     0.821
11 2 2 1.669 -1.748     2.207
11 3 2 1.096 -0.482     2.957
11 4 2 1.341 0.096     2.695
11 5 2 1.299 -0.956     2.890
11 6 2 0.002 -1.050     3.827
11 7 2 0.018 -2.274     2.706
11 8 2 0.731 -2.383     2.465
11 9 2 0.627 -2.763     2.859
11 10 2 1.039 -3.492     2.648
11 1 3 3.106 -3.471     0.903
11 2 3 2.315 -1.581     1.930
11 3 3 1.789 0.331     2.680
11 4 3 0.627 0.440     3.208
11 5 3 -0.487 -1.998     3.168
11 6 3 -1.269 -2.367     3.445
11 7 3 -1.295 -3.680     2.693
11 8 3 0.309 -4.419     2.202
11 9 3 0.820 -4.326     2.737
11 10 3 0.789 -4.362     2.988
11 1 4 2.669 -2.623     1.073
11 2 4 2.018 -1.195     2.372
11 3 4 1.565 0.351     3.004
11 4 4 -0.524 0.028     3.923
11 5 4 -1.467 -2.206     3.285
11 6 4 -1.696 -2.961     3.320
11 7 4 -1.915 -3.768     2.811
11 8 4 0.283 -4.914     2.133
11 9 4 1.268 -4.992     2.485
11 10 4 0.815 -4.763     3.065
11 1 5 1.919 -2.586     1.386
11 2 5 1.080 -1.117     3.035
11 3 5 0.554 -0.347     3.725
11 4 5 -1.498 -0.987     3.759
11 5 5 -2.118 -2.945     3.182
11 6 5 -1.477 -3.831     2.887
11 7 5 -1.790 -3.789     2.832
11 8 5 0.148 -4.711     2.407
11 9 5 1.570 -5.029     2.308
11 10 5 1.080 -4.794     3.097
11 1 6 0.434 -2.664     1.372
11 2 6 0.164 -1.992     2.818
11 3 6 -0.717 -1.831     3.673
11 4 6 -2.685 -2.992     3.150
11 5 6 -2.430 -4.123     2.472
11 6 6 -1.118 -4.211     2.568
11 7 6 -1.217 -4.404     2.799
11 8 6 0.158 -4.169     2.810
11 9 6 1.710 -4.831     2.291
11 10 6 1.429 -4.732     3.138
11 1 7 -0.409 -2.263     1.959
11 2 7 -0.336 -2.638     2.575
11 3 7 -1.967 -3.258     2.805
11 4 7 -3.602 -4.091     2.291
11 5 7 -1.946 -3.836     2.474
11 6 7 -0.826 -3.982     2.511
11 7 7 -0.691 -4.690     2.353
11 8 7 0.544 -4.107     2.624
11 9 7 1.362 -4.654     2.621
11 10 7 1.653 -4.727     3.093
11 1 8 -0.675 -2.732     1.672
11 2 8 -0.941 -3.091     2.391
11 3 8 -2.659 -2.925     2.737
11 4 8 -3.383 -2.617     2.967
11 5 8 -1.717 -2.555     2.718
11 6 8 -1.138 -3.862     2.644
11 7 8 -0.576 -4.555     2.474
11 8 8 0.820 -4.513     2.366
11 9 8 1.382 -4.456     2.816
11 10 8 1.653 -4.727     2.955
11 1 9 -0.852 -2.831     0.097
11 2 9 -0.737 -3.086     0.702
11 3 9 -1.972 -2.248     1.175
11 4 9 -2.956 -1.820     1.222
11 5 9 -2.383 -2.909     1.020
11 6 9 -1.779 -4.154     0.920
11 7 9 -0.409 -4.503     0.809
11 8 9 1.013 -4.268     0.797
11 9 9 1.226 -4.143     1.164
11 10 9 1.164 -4.654     0.937
12 1 1 0.681 -0.621     0.792
12 2 1 -0.199 0.020     2.148
12 3 1 -0.912 0.103     2.902
12 4 1 1.088 0.139     2.738
12 5 1 2.140 0.129     2.480
12 6 1 0.119 1.202     2.983
12 7 1 -0.147 -0.407     3.006
12 8 1 0.119 0.473     2.818
12 9 1 0.181 0.270     2.773
12 10 1 0.546 0.041     2.521
12 1 2 0.572 -0.720     0.832
12 2 2 -0.517 0.145     2.313
12 3 2 -0.433 1.072     2.982
12 4 2 0.770 1.405     2.665
12 5 2 1.437 -0.126     2.848
12 6 2 -0.298 -0.022     4.007
12 7 2 -0.892 -1.053     2.704
12 8 2 0.171 -1.084     2.509
12 9 2 0.041 -0.288     3.022
12 10 2 0.306 -0.131     2.788
12 1 3 0.692 -0.954     0.905
12 2 3 0.072 -0.173     2.083
12 3 3 0.327 1.457     2.662
12 4 3 0.192 1.457     3.198
12 5 3 0.009 -0.262     3.334
12 6 3 -0.907 -0.308     3.515
12 7 3 -1.730 -1.366     2.572
12 8 3 -0.032 -2.100     2.127
12 9 3 0.536 -1.048     2.772
12 10 3 0.239 -0.522     3.105
12 1 4 0.286 -1.319     1.059
12 2 4 0.520 -0.616     2.426
12 3 4 1.207 1.035     2.960
12 4 4 -0.069 1.015     3.984
12 5 4 -0.418 -0.241     3.429
12 6 4 -0.918 -0.600     3.372
12 7 4 -2.063 -1.225     2.659
12 8 4 0.015 -2.288     2.037
12 9 4 1.145 -1.564     2.425
12 10 4 0.400 -0.892     3.122
12 1 5 0.239 -2.006     1.324
12 2 5 0.947 -0.735     3.047
12 3 5 1.676 0.572     3.644
12 4 5 0.046 0.499     3.912
12 5 5 -0.725 -1.022     3.209
12 6 5 -0.647 -1.621     2.837
12 7 5 -1.798 -1.439     2.703
12 8 5 -0.079 -2.126     2.316
12 9 5 1.369 -1.720     2.224
12 10 5 0.546 -1.084     3.123
12 1 6 0.150 -1.652     1.316
12 2 6 1.655 -0.746     2.760
12 3 6 1.546 -0.027     3.649
12 4 6 -0.558 -0.907     3.203
12 5 6 -0.839 -2.116     2.358
12 6 6 -0.199 -2.163     2.480
12 7 6 -0.902 -2.194     2.669
12 8 6 0.213 -1.433     2.806
12 9 6 1.562 -1.631     2.197
12 10 6 0.744 -1.121     3.144
12 1 7 0.218 -0.626     1.987
12 2 7 1.895 -0.652     2.508
12 3 7 0.562 -0.913     2.861
12 4 7 -1.282 -1.496     2.232
12 5 7 0.056 -1.397     2.473
12 6 7 0.530 -1.756     2.470
12 7 7 0.088 -2.433     2.235
12 8 7 0.900 -1.439     2.593
12 9 7 1.166 -1.683     2.547
12 10 7 0.848 -1.209     3.080
12 1 8 0.275 -0.965     1.674
12 2 8 0.947 -1.116     2.400
12 3 8 -0.563 -0.683     2.813
12 4 8 -1.048 0.139     3.009
12 5 8 0.744 0.322     2.791
12 6 8 0.629 -1.137     2.670
12 7 8 0.468 -2.069     2.389
12 8 8 1.260 -1.980     2.260
12 9 8 1.129 -1.678     2.740
12 10 8 0.754 -1.381     2.929
12 1 9 -0.074 -0.881     0.059
12 2 9 0.588 -1.407     0.707
12 3 9 -0.272 -0.485     1.232
12 4 9 -0.803 0.561     1.243
12 5 9 0.145 -0.152     1.097
12 6 9 0.150 -1.178     0.939
12 7 9 0.650 -1.762     0.784
12 8 9 1.442 -1.548     0.762
12 9 9 0.900 -1.329     1.156
12 10 9 0.161 -1.501     0.931
13 1 1 -0.719 3.770     0.653
13 2 1 -0.604 3.332     1.967
13 3 1 0.010 2.473     2.762
13 4 1 1.542 2.306     2.561
13 5 1 2.214 1.629     2.351
13 6 1 1.885 1.301     2.881
13 7 1 2.974 0.150     2.808
13 8 1 3.495 0.816     2.536
13 9 1 3.422 0.738     2.500
13 10 1 3.417 0.514     2.251
13 1 2 -0.443 3.504     0.821
13 2 2 -0.135 3.103     2.128
13 3 2 0.703 2.566     2.937
13 4 2 1.422 2.160     2.649
13 5 2 1.781 1.061     2.807
13 6 2 1.813 0.874     4.020
13 7 2 3.172 0.374     2.612
13 8 2 4.234 0.421     2.310
13 9 2 3.521 1.509     2.808
13 10 2 3.297 1.447     2.601
13 1 3 -0.016 3.238     0.909
13 2 3 0.552 2.785     1.970
13 3 3 1.172 2.504     2.622
13 4 3 1.297 1.780     3.209
13 5 3 1.589 1.186     3.371
13 6 3 1.802 1.520     3.489
13 7 3 2.781 1.191     2.507
13 8 3 4.625 0.900     1.936
13 9 3 3.906 2.093     2.509
13 10 3 2.719 2.322     2.888
13 1 4 -0.005 2.905     1.058
13 2 4 0.656 2.379     2.334
13 3 4 1.177 2.306     2.913
13 4 4 1.125 1.780     3.968
13 5 4 1.875 1.499     3.390
13 6 4 2.000 1.957     3.288
13 7 4 2.484 2.441     2.526
13 8 4 4.776 1.915     1.787
13 9 4 4.073 2.379     2.186
13 10 4 2.042 2.827     2.906
13 1 5 -0.073 2.249     1.365
13 2 5 0.422 2.056     3.075
13 3 5 0.813 2.171     3.605
13 4 5 0.958 1.869     3.899
13 5 5 1.938 1.353     3.192
13 6 5 2.531 2.035     2.730
13 7 5 2.651 3.098     2.497
13 8 5 4.578 2.665     2.011
13 9 5 4.063 2.488     2.008
13 10 5 1.552 2.973     2.934
13 1 6 -0.187 1.863     1.364
13 2 6 0.339 1.816     2.836
13 3 6 0.203 2.046     3.664
13 4 6 0.479 1.514     3.304
13 5 6 2.224 1.499     2.341
13 6 6 3.052 2.415     2.325
13 7 6 3.052 2.895     2.446
13 8 6 4.328 3.494     2.384
13 9 6 3.750 2.624     1.984
13 10 6 1.214 3.046     2.966
13 1 7 -0.141 1.843     2.020
13 2 7 0.229 1.843     2.596
13 3 7 -0.328 1.957     2.920
13 4 7 0.526 1.874     2.313
13 5 7 2.818 2.353     2.325
13 6 7 3.042 2.379     2.319
13 7 7 3.464 2.634     2.057
13 8 7 4.260 3.473     2.219
13 9 7 2.646 2.827     2.377
13 10 7 0.917 3.129     2.909
13 1 8 0.104 1.322     1.761
13 2 8 0.287 1.577     2.522
13 3 8 0.063 2.421     2.809
13 4 8 1.328 2.723     2.892
13 5 8 2.839 2.415     2.605
13 6 8 2.802 1.957     2.559
13 7 8 3.714 2.691     2.155
13 8 8 3.964 3.051     2.006
13 9 8 1.984 3.202     2.558
13 10 8 0.422 3.244     2.767
13 1 9 0.094 1.244     0.164
13 2 9 0.912 1.191     0.869
13 3 9 0.990 1.926     1.345
13 4 9 1.573 1.843     1.326
13 5 9 2.771 1.093     1.155
13 6 9 3.339 1.889     0.968
13 7 9 4.042 2.733     0.775
13 8 9 3.344 3.306     0.774
13 9 9 0.969 3.634     1.160
13 10 9 -0.365 3.467     0.951
14 1 1 0.321 4.247     0.485
14 2 1 0.472 4.206     1.702
14 3 1 1.092 3.523     2.454
14 4 1 1.607 3.351     2.269
14 5 1 1.571 3.232     2.118
14 6 1 1.696 2.607     2.647
14 7 1 2.342 1.805     2.616
14 8 1 2.461 1.612     2.367
14 9 1 2.295 1.226     2.364
14 10 1 1.847 0.914     2.190
14 1 2 0.326 3.831     0.815
14 2 2 0.826 3.758     1.847
14 3 2 1.477 3.247     2.810
14 4 2 1.597 2.841     2.590
14 5 2 1.487 2.586     2.594
14 6 2 1.862 2.393     3.876
14 7 2 2.774 2.206     2.509
14 8 2 2.972 1.857     2.253
14 9 2 2.430 1.825     2.771
14 10 2 2.008 1.341     2.652
14 1 3 0.300 3.310     0.927
14 2 3 1.008 3.122     1.831
14 3 3 1.503 2.778     2.579
14 4 3 1.472 2.216     3.187
14 5 3 1.612 2.341     3.298
14 6 3 2.112 2.518     3.338
14 7 3 3.045 2.596     2.352
14 8 3 3.529 2.310     1.866
14 9 3 2.560 2.351     2.435
14 10 3 1.816 1.877     2.903
14 1 4 0.139 2.633     1.093
14 2 4 0.961 2.341     2.240
14 3 4 1.269 2.174     2.937
14 4 4 1.373 1.846     3.972
14 5 4 1.946 2.195     3.315
14 6 4 2.321 2.497     3.163
14 7 4 3.144 2.898     2.341
14 8 4 3.836 2.596     1.676
14 9 4 2.508 2.508     2.142
14 10 4 1.373 2.315     2.893
14 1 5 0.139 2.008     1.441
14 2 5 0.862 1.851     3.157
14 3 5 0.956 1.737     3.682
14 4 5 1.269 1.674     3.941
14 5 5 2.326 2.081     3.103
14 6 5 2.836 2.669     2.585
14 7 5 3.274 3.023     2.315
14 8 5 3.857 2.815     1.856
14 9 5 2.503 2.487     1.984
14 10 5 1.050 2.565     2.919
14 1 6 0.612 1.888     1.428
14 2 6 0.972 1.872     2.926
14 3 6 0.701 1.737     3.764
14 4 6 1.482 1.976     3.319
14 5 6 2.982 2.690     2.208
14 6 6 3.305 3.180     2.158
14 7 6 3.430 3.180     2.242
14 8 6 3.743 3.237     2.177
14 9 6 2.389 2.435     1.958
14 10 6 0.868 2.721     2.940
14 1 7 1.060 2.065     2.033
14 2 7 1.118 2.101     2.659
14 3 7 0.904 2.268     2.958
14 4 7 2.326 2.976     2.226
14 5 7 3.607 3.409     2.099
14 6 7 3.321 3.278     2.140
14 7 7 3.519 3.430     1.882
14 8 7 3.441 3.372     2.026
14 9 7 1.987 2.622     2.326
14 10 7 0.862 2.872     2.864
14 1 8 1.336 2.148     1.769
14 2 8 1.373 2.419     2.540
14 3 8 1.696 2.935     2.716
14 4 8 3.040 3.388     2.617
14 5 8 3.586 3.086     2.363
14 6 8 3.316 2.992     2.362
14 7 8 3.659 3.560     1.940
14 8 8 3.128 3.383     1.859
14 9 8 1.753 3.138     2.452
14 10 8 0.810 3.127     2.684
14 1 9 1.685 2.221     0.260
14 2 9 1.862 2.534     0.982
14 3 9 2.159 2.815     1.380
14 4 9 3.086 2.685     1.313
14 5 9 3.727 2.471     1.140
14 6 9 3.857 3.034     0.957
14 7 9 3.842 3.518     0.774
14 8 9 2.743 3.497     0.793
14 9 9 1.352 3.502     1.179
14 10 9 0.665 3.565     1.014
15 1 1 0.808 0.592     0.447
15 2 1 0.495 0.509     1.766
15 3 1 0.344 -0.106     2.582
15 4 1 1.438 0.076     2.273
15 5 1 1.693 0.613     2.086
15 6 1 0.797 0.582     2.685
15 7 1 1.542 -0.585     2.569
15 8 1 1.959 0.212     2.299
15 9 1 1.823 0.227     2.305
15 10 1 1.828 -0.226     2.137
15 1 2 0.542 0.477     0.790
15 2 2 0.354 0.519     1.905
15 3 2 0.787 0.462     2.874
15 4 2 1.443 0.446     2.563
15 5 2 1.354 -0.366     2.512
15 6 2 0.438 -0.564     3.969
15 7 2 1.120 -1.101     2.472
15 8 2 2.084 -0.585     2.166
15 9 2 1.485 0.358     2.743
15 10 2 1.271 0.186     2.644
15 1 3 0.610 0.316     0.907
15 2 3 0.797 0.269     1.842
15 3 3 1.120 0.701     2.584
15 4 3 0.880 0.321     3.231
15 5 3 0.662 -0.783     3.337
15 6 3 0.292 -0.507     3.438
15 7 3 0.620 -0.799     2.393
15 8 3 2.068 -0.820     1.788
15 9 3 1.511 0.071     2.411
15 10 3 0.599 0.269     2.980
15 1 4 0.401 0.139     1.090
15 2 4 0.880 -0.116     2.252
15 3 4 1.026 0.436     2.957
15 4 4 0.235 0.076     4.144
15 5 4 0.599 -0.460     3.402
15 6 4 0.505 0.050     3.269
15 7 4 0.334 0.394     2.440
15 8 4 2.042 -0.429     1.607
15 9 4 1.646 -0.293     2.104
15 10 4 0.203 0.108     3.030
15 1 5 0.360 -0.481     1.439
15 2 5 0.792 -0.418     3.218
15 3 5 0.797 0.087     3.749
15 4 5 0.057 -0.028     4.146
15 5 5 0.610 -0.450     3.183
15 6 5 1.047 0.014     2.612
15 7 5 0.558 1.003     2.330
15 8 5 1.813 0.061     1.812
15 9 5 1.662 -0.392     1.950
15 10 5 0.104 0.050     3.072
15 1 6 0.287 -0.877     1.406
15 2 6 0.990 -0.679     2.942
15 3 6 0.755 -0.293     3.832
15 4 6 0.115 -0.543     3.419
15 5 6 0.813 -0.721     2.235
15 6 6 1.432 -0.189     2.144
15 7 6 0.985 0.259     2.272
15 8 6 1.500 0.378     2.153
15 9 6 1.459 -0.294     1.943
15 10 6 0.156 0.154     3.084
15 1 7 0.318 -0.611     2.043
15 2 7 1.156 -0.648     2.663
15 3 7 0.599 -0.642     3.006
15 4 7 0.292 -0.778     2.288
15 5 7 1.386 -0.455     2.103
15 6 7 1.490 -0.340     2.117
15 7 7 1.261 -0.512     1.880
15 8 7 1.401 -0.028     2.025
15 9 7 0.813 -0.205     2.377
15 10 7 0.078 0.222     2.997
15 1 8 0.490 -0.783     1.750
15 2 8 0.839 -0.736     2.570
15 3 8 0.328 -0.314     2.826
15 4 8 0.599 0.024     2.722
15 5 8 1.620 -0.028     2.334
15 6 8 1.365 -0.392     2.351
15 7 8 1.313 -0.481     1.946
15 8 8 1.370 -0.434     1.851
15 9 8 0.542 -0.070     2.537
15 10 8 -0.239 0.201     2.804
15 1 9 0.412 -0.793     0.230
15 2 9 0.854 -0.960     1.000
15 3 9 0.511 -0.205     1.445
15 4 9 0.646 0.191     1.368
15 5 9 1.360 -0.429     1.140
15 6 9 1.240 -0.398     0.962
15 7 9 1.297 -0.283     0.778
15 8 9 1.130 -0.137     0.803
15 9 9 0.052 0.154     1.256
15 10 9 -0.812 0.201     1.046
16 1 1 -1.671 3.858     0.369
16 2 1 -1.317 2.874     1.651
16 3 1 -0.561 1.952     2.540
16 4 1 0.725 1.639     2.281
16 5 1 0.907 0.936     2.134
16 6 1 0.413 1.025     2.735
16 7 1 1.611 -0.126     2.561
16 8 1 2.282 0.421     2.224
16 9 1 2.178 0.327     2.234
16 10 1 1.892 0.098     2.041
16 1 2 -1.634 3.603     0.763
16 2 2 -0.988 2.744     1.693
16 3 2 -0.025 2.191     2.903
16 4 2 0.506 1.770     2.638
16 5 2 0.423 0.348     2.722
16 6 2 0.121 0.301     4.268
16 7 2 1.308 -0.100     2.609
16 8 2 2.605 0.155     2.146
16 9 2 2.262 0.848     2.727
16 10 2 1.824 0.775     2.614
16 1 3 -1.567 3.124     0.900
16 2 3 -0.671 2.280     1.773
16 3 3 0.053 1.952     2.652
16 4 3 0.012 1.296     3.366
16 5 3 0.053 0.426     3.604
16 6 3 0.121 0.712     3.659
16 7 3 0.965 0.645     2.550
16 8 3 2.777 0.577     1.797
16 9 3 2.512 1.332     2.362
16 10 3 1.407 1.374     2.942
16 1 4 -1.811 2.509     1.077
16 2 4 -0.686 1.608     2.207
16 3 4 -0.030 1.337     3.094
16 4 4 -0.264 0.936     4.330
16 5 4 0.376 0.707     3.614
16 6 4 0.595 1.082     3.420
16 7 4 0.918 1.665     2.509
16 8 4 2.829 1.290     1.600
16 9 4 2.532 1.535     2.069
16 10 4 0.897 1.676     3.005
16 1 5 -1.968 1.660     1.460
16 2 5 -0.718 1.040     3.365
16 3 5 -0.228 0.931     3.949
16 4 5 -0.327 0.712     4.369
16 5 5 0.663 0.452     3.393
16 6 5 1.392 1.025     2.708
16 7 5 1.361 2.014     2.355
16 8 5 2.694 1.738     1.784
16 9 5 2.335 1.535     1.941
16 10 5 0.444 1.743     3.052
16 1 6 -1.473 1.348     1.443
16 2 6 -0.212 0.858     3.141
16 3 6 -0.311 0.910     4.029
16 4 6 -0.311 0.577     3.653
16 5 6 1.178 0.592     2.381
16 6 6 2.090 1.379     2.167
16 7 6 1.975 1.697     2.281
16 8 6 2.512 2.145     2.101
16 9 6 1.959 1.514     1.959
16 10 6 0.168 1.728     3.073
16 1 7 -1.014 1.754     2.082
16 2 7 -0.035 1.384     2.794
16 3 7 -0.442 1.363     3.132
16 4 7 0.069 1.405     2.421
16 5 7 1.892 1.681     2.123
16 6 7 2.152 1.749     2.120
16 7 7 2.220 1.645     1.897
16 8 7 2.444 2.040     1.976
16 9 7 1.272 1.551     2.425
16 10 7 -0.014 1.733     2.992
16 1 8 -0.692 1.947     1.793
16 2 8 -0.171 1.858     2.641
16 3 8 -0.098 2.087     2.871
16 4 8 0.767 2.415     2.704
16 5 8 1.923 2.098     2.308
16 6 8 1.824 1.556     2.389
16 7 8 2.147 1.853     1.967
16 8 8 2.277 1.863     1.840
16 9 8 0.970 1.858     2.565
16 10 8 -0.327 1.754     2.793
16 1 9 -0.473 2.441     0.311
16 2 9 0.126 2.061     1.108
16 3 9 0.496 1.900     1.548
16 4 9 0.954 1.790     1.461
16 5 9 1.595 1.077     1.256
16 6 9 1.808 1.249     1.069
16 7 9 2.236 1.869     0.850
16 8 9 1.959 2.191     0.844
16 9 9 0.366 2.254     1.311
16 10 9 -0.822 1.895     1.059
17 1 1 -1.157 2.792     0.311
17 2 1 -0.902 2.324     1.566
17 3 1 -0.542 1.704     2.470
17 4 1 0.411 1.292     2.272
17 5 1 0.718 0.423     2.192
17 6 1 0.161 0.454     2.825
17 7 1 0.765 -0.380     2.603
17 8 1 0.989 0.188     2.251
17 9 1 0.739 -0.187     2.284
17 10 1 0.651 -0.926     2.001
17 1 2 -1.162 2.485     0.763
17 2 2 -0.657 2.204     1.516
17 3 2 -0.224 1.881     2.890
17 4 2 -0.037 1.396     2.693
17 5 2 0.119 0.120     2.947
17 6 2 -0.178 -0.150     4.530
17 7 2 0.458 -0.609     2.738
17 8 2 1.187 -0.333     2.210
17 9 2 0.640 -0.078     2.878
17 10 2 0.463 -0.739     2.689
17 1 3 -1.245 1.995     0.918
17 2 3 -0.480 1.594     1.776
17 3 3 -0.110 1.386     2.702
17 4 3 -0.412 0.792     3.494
17 5 3 -0.360 0.089     3.816
17 6 3 -0.448 0.136     3.861
17 7 3 -0.079 -0.234     2.744
17 8 3 1.302 -0.369     1.864
17 9 3 0.968 -0.067     2.470
17 10 3 0.260 -0.703     3.038
17 1 4 -1.500 1.516     1.093
17 2 4 -0.474 1.110     2.204
17 3 4 0.010 0.787     3.227
17 4 4 -0.381 0.386     4.534
17 5 4 -0.115 0.199     3.851
17 6 4 -0.412 0.412     3.600
17 7 4 -0.417 0.542     2.651
17 8 4 1.401 -0.067     1.664
17 9 4 1.338 -0.192     2.136
17 10 4 0.296 -0.744     3.095
17 1 5 -1.443 1.157     1.492
17 2 5 -0.391 0.891     3.483
17 3 5 -0.021 0.547     4.140
17 4 5 -0.256 0.225     4.614
17 5 5 0.249 -0.015     3.619
17 6 5 0.291 0.303     2.887
17 7 5 -0.094 0.813     2.481
17 8 5 1.260 0.173     1.863
17 9 5 1.484 -0.333     1.995
17 10 5 0.463 -0.723     3.133
17 1 6 -1.141 1.396     1.472
17 2 6 -0.136 0.928     3.267
17 3 6 -0.183 0.605     4.210
17 4 6 -0.256 0.167     3.878
17 5 6 0.661 0.157     2.516
17 6 6 1.036 0.365     2.262
17 7 6 0.536 0.308     2.427
17 8 6 1.145 0.459     2.184
17 9 6 1.453 -0.442     2.010
17 10 6 0.682 -0.666     3.142
17 1 7 -0.834 1.803     2.061
17 2 7 -0.292 1.240     2.866
17 3 7 -0.485 0.881     3.240
17 4 7 -0.105 0.725     2.557
17 5 7 1.098 0.771     2.187
17 6 7 1.098 0.318     2.210
17 7 7 0.973 -0.046     2.000
17 8 7 1.286 0.199     2.055
17 9 7 1.151 -0.499     2.500
17 10 7 0.874 -0.718     3.040
17 1 8 -0.641 1.928     1.777
17 2 8 -0.511 1.506     2.682
17 3 8 -0.459 1.287     2.925
17 4 8 0.223 1.261     2.775
17 5 8 1.010 0.725     2.384
17 6 8 0.869 -0.062     2.508
17 7 8 1.083 -0.057     2.063
17 8 8 1.385 -0.182     1.908
17 9 8 1.109 -0.421     2.650
17 10 8 0.838 -0.833     2.833
17 1 9 -0.584 2.256     0.330
17 2 9 -0.417 1.714     1.149
17 3 9 -0.209 1.084     1.630
17 4 9 0.223 0.745     1.566
17 5 9 0.812 0.063     1.358
17 6 9 0.984 -0.176     1.157
17 7 9 1.296 -0.025     0.915
17 8 9 1.260 -0.078     0.917
17 9 9 0.692 -0.312     1.422
17 10 9 0.432 -0.864     1.108
18 1 1 0.773 -0.507     0.295
18 2 1 0.701 -0.544     1.646
18 3 1 0.826 -0.429     2.570
18 4 1 1.586 -0.216     2.289
18 5 1 1.857 -0.085     2.189
18 6 1 1.576 0.211     2.816
18 7 1 2.414 -0.684     2.487
18 8 1 2.466 0.185     2.154
18 9 1 1.992 0.456     2.227
18 10 1 1.659 0.435     1.995
18 1 2 0.706 -0.262     0.757
18 2 2 0.711 -0.252     1.560
18 3 2 1.206 -0.111     2.948
18 4 2 1.685 -0.111     2.677
18 5 2 1.815 -0.492     2.725
18 6 2 1.419 -0.226     4.517
18 7 2 2.169 -0.700     2.637
18 8 2 2.716 -0.289     2.025
18 9 2 1.789 0.961     2.799
18 10 2 1.336 1.008     2.660
18 1 3 0.810 -0.122     0.914
18 2 3 1.039 -0.153     1.787
18 3 3 1.466 0.097     2.724
18 4 3 1.617 -0.117     3.467
18 5 3 1.701 -0.403     3.756
18 6 3 1.331 0.128     3.871
18 7 3 1.617 -0.137     2.720
18 8 3 2.815 -0.273     1.750
18 9 3 1.867 1.008     2.391
18 10 3 0.638 1.269     3.039
18 1 4 0.716 0.019     1.095
18 2 4 1.096 -0.070     2.182
18 3 4 1.440 0.279     3.224
18 4 4 1.326 0.165     4.544
18 5 4 1.794 -0.007     3.775
18 6 4 1.503 0.545     3.575
18 7 4 1.310 0.987     2.630
18 8 4 2.805 0.336     1.557
18 9 4 1.888 0.779     2.078
18 10 4 0.060 1.227     3.123
18 1 5 0.763 -0.164     1.498
18 2 5 1.034 0.071     3.555
18 3 5 1.185 0.508     4.160
18 4 5 1.050 0.399     4.665
18 5 5 1.659 -0.007     3.576
18 6 5 1.878 0.618     2.824
18 7 5 1.451 1.659     2.406
18 8 5 2.555 0.935     1.757
18 9 5 1.794 0.659     1.953
18 10 5 -0.195 1.154     3.165
18 1 6 0.784 -0.216     1.494
18 2 6 1.112 0.128     3.319
18 3 6 0.810 0.571     4.296
18 4 6 0.643 0.196     4.008
18 5 6 1.742 0.081     2.486
18 6 6 2.237 0.826     2.181
18 7 6 1.789 1.211     2.348
18 8 6 2.206 1.430     2.076
18 9 6 1.534 0.800     1.981
18 10 6 -0.232 1.175     3.172
18 1 7 0.862 0.133     2.074
18 2 7 1.034 0.352     2.926
18 3 7 0.305 0.571     3.369
18 4 7 0.513 0.503     2.663
18 5 7 2.122 0.826     2.126
18 6 7 2.221 0.784     2.133
18 7 7 2.018 0.649     1.950
18 8 7 2.034 1.227     1.973
18 9 7 0.721 0.977     2.525
18 10 7 -0.315 1.269     3.059
18 1 8 0.971 0.253     1.763
18 2 8 0.898 0.446     2.753
18 3 8 0.404 1.019     2.980
18 4 8 1.024 1.321     2.770
18 5 8 2.148 1.123     2.290
18 6 8 1.914 0.529     2.461
18 7 8 1.992 0.639     2.014
18 8 8 1.794 0.826     1.865
18 9 8 0.289 1.154     2.680
18 10 8 -0.659 1.258     2.835
18 1 9 0.773 0.576     0.280
18 2 9 1.149 0.441     1.166
18 3 9 0.940 0.894     1.633
18 4 9 1.154 0.915     1.550
18 5 9 1.925 0.264     1.311
18 6 9 1.987 0.430     1.107
18 7 9 1.951 0.795     0.859
18 8 9 1.232 1.008     0.886
18 9 9 -0.367 1.326     1.405
18 10 9 -1.180 1.300     1.070
19 1 1 1.310 1.349     0.225
19 2 1 1.195 0.891     1.693
19 3 1 1.602 0.401     2.600
19 4 1 2.346 0.500     2.229
19 5 1 2.305 1.230     2.128
19 6 1 2.174 1.079     2.739
19 7 1 2.945 0.412     2.357
19 8 1 3.227 0.912     2.045
19 9 1 3.466 0.865     2.077
19 10 1 3.549 0.693     1.864
19 1 2 1.216 1.167     0.698
19 2 2 1.336 0.693     1.472
19 3 2 2.003 0.506     2.933
19 4 2 2.560 0.276     2.604
19 5 2 2.534 0.266     2.340
19 6 2 2.393 0.610     4.355
19 7 2 3.164 0.407     2.470
19 8 2 3.586 0.688     1.802
19 9 2 3.200 1.547     2.619
19 10 2 3.128 1.495     2.488
19 1 3 1.154 0.844     0.871
19 2 3 1.513 0.407     1.766
19 3 3 2.117 0.401     2.700
19 4 3 2.456 0.026     3.364
19 5 3 2.607 -0.010     3.606
19 6 3 2.549 0.683     3.720
19 7 3 3.133 0.641     2.533
19 8 3 4.049 0.698     1.603
19 9 3 3.232 1.829     2.208
19 10 3 2.299 2.042     2.890
19 1 4 0.914 0.573     1.068
19 2 4 1.492 0.198     2.078
19 3 4 1.987 0.266     3.187
19 4 4 2.128 0.063     4.457
19 5 4 2.747 0.188     3.608
19 6 4 2.711 0.834     3.421
19 7 4 3.091 1.323     2.455
19 8 4 4.409 1.099     1.389
19 9 4 3.268 1.802     1.922
19 10 4 1.513 2.235     3.023
19 1 5 0.852 0.287     1.495
19 2 5 1.440 0.261     3.599
19 3 5 1.768 0.344     4.134
19 4 5 2.034 0.204     4.582
19 5 5 2.878 0.266     3.415
19 6 5 3.154 1.068     2.652
19 7 5 3.200 1.922     2.233
19 8 5 4.372 1.636     1.561
19 9 5 3.315 1.756     1.799
19 10 5 1.138 2.323     3.075
19 1 6 1.060 0.329     1.460
19 2 6 1.549 0.459     3.347
19 3 6 1.539 0.526     4.314
19 4 6 2.003 0.349     3.957
19 5 6 3.305 0.724     2.321
19 6 6 3.622 1.516     2.012
19 7 6 3.461 1.943     2.137
19 8 6 4.128 2.391     1.837
19 9 6 3.096 1.875     1.828
19 10 6 0.924 2.506     3.065
19 1 7 1.247 0.761     2.028
19 2 7 1.674 0.750     2.936
19 3 7 1.471 0.829     3.397
19 4 7 2.325 1.016     2.596
19 5 7 3.742 1.454     1.940
19 6 7 3.638 1.433     1.962
19 7 7 3.789 1.756     1.766
19 8 7 3.940 2.506     1.744
19 9 7 2.279 2.193     2.379
19 10 7 0.721 2.750     2.944
19 1 8 1.482 1.058     1.687
19 2 8 1.773 1.120     2.736
19 3 8 1.794 1.443     2.923
19 4 8 2.768 1.657     2.615
19 5 8 3.659 1.422     2.108
19 6 8 3.581 1.105     2.280
19 7 8 4.096 1.750     1.799
19 8 8 3.721 2.261     1.667
19 9 8 1.768 2.698     2.521
19 10 8 0.253 3.026     2.711
19 1 9 1.596 1.329     0.215
19 2 9 2.029 1.297     1.168
19 3 9 2.154 1.495     1.600
19 4 9 2.841 1.230     1.481
19 5 9 3.753 0.782     1.199
19 6 9 4.128 1.287     0.993
19 7 9 4.450 1.948     0.721
19 8 9 3.372 2.573     0.771
19 9 9 0.997 3.136     1.323
19 10 9 -0.487 3.323     1.026
20 1 1 1.560 -2.747     0.255
20 2 1 1.461 -2.310     1.747
20 3 1 1.268 -1.518     2.695
20 4 1 1.857 -1.138     2.308
20 5 1 2.034 -0.706     2.228
20 6 1 1.633 -0.279     2.851
20 7 1 1.893 -0.680     2.446
20 8 1 1.680 0.081     2.172
20 9 1 1.622 -0.159     2.211
20 10 1 1.940 -0.607     1.974
20 1 2 1.529 -2.643     0.686
20 2 2 1.404 -2.065     1.283
20 3 2 1.607 -1.320     3.007
20 4 2 2.128 -1.049     2.652
20 5 2 2.143 -1.127     2.085
20 6 2 1.534 -0.825     4.408
20 7 2 1.867 -1.138     2.535
20 8 2 1.878 -0.690     1.833
20 9 2 1.206 -0.091     2.794
20 10 2 1.419 -0.294     2.644
20 1 3 1.753 -2.627     0.848
20 2 3 1.763 -1.940     1.689
20 3 3 1.867 -1.075     2.767
20 4 3 1.893 -0.883     3.401
20 5 3 1.836 -1.164     3.626
20 6 3 1.435 -0.711     3.822
20 7 3 1.654 -1.143     2.606
20 8 3 2.232 -1.232     1.680
20 9 3 1.398 -0.482     2.360
20 10 3 0.956 -0.258     3.103
20 1 4 1.711 -2.461     1.030
20 2 4 1.852 -1.700     1.819
20 3 4 1.820 -0.971     3.234
20 4 4 1.497 -0.773     4.541
20 5 4 1.815 -0.752     3.670
20 6 4 1.471 -0.320     3.549
20 7 4 1.409 -0.440     2.598
20 8 4 2.477 -1.190     1.453
20 9 4 1.799 -0.956     2.024
20 10 4 0.846 -0.430     3.243
20 1 5 1.612 -2.268     1.465
20 2 5 1.612 -1.388     3.633
20 3 5 1.607 -0.982     4.191
20 4 5 1.393 -0.742     4.680
20 5 5 1.805 -0.732     3.490
20 6 5 1.685 -0.482     2.764
20 7 5 1.310 -0.096     2.401
20 8 5 2.331 -0.992     1.638
20 9 5 2.070 -1.138     1.874
20 10 5 0.971 -0.544     3.269
20 1 6 1.445 -1.971     1.453
20 2 6 1.633 -1.383     3.381
20 3 6 1.529 -1.232     4.347
20 4 6 1.378 -1.284     4.009
20 5 6 1.805 -1.164     2.400
20 6 6 1.893 -0.883     2.104
20 7 6 1.518 -0.721     2.268
20 8 6 2.148 -0.752     1.935
20 9 6 2.122 -1.159     1.896
20 10 6 1.091 -0.518     3.243
20 1 7 1.305 -1.508     2.051
20 2 7 1.779 -1.466     2.978
20 3 7 1.430 -1.653     3.428
20 4 7 1.331 -1.721     2.662
20 5 7 2.138 -1.278     2.013
20 6 7 2.076 -1.258     2.033
20 7 7 1.919 -1.367     1.851
20 8 7 2.211 -0.961     1.835
20 9 7 1.784 -1.159     2.456
20 10 7 1.206 -0.534     3.114
20 1 8 1.336 -1.570     1.706
20 2 8 1.565 -1.607     2.796
20 3 8 1.185 -1.409     3.027
20 4 8 1.596 -1.143     2.722
20 5 8 2.461 -0.987     2.162
20 6 8 2.221 -1.252     2.332
20 7 8 2.247 -1.310     1.867
20 8 8 2.378 -1.263     1.729
20 9 8 1.716 -0.992     2.613
20 10 8 1.174 -0.591     2.881
20 1 9 1.247 -1.680     0.136
20 2 9 1.680 -1.872     1.123
20 3 9 1.409 -1.185     1.589
20 4 9 1.872 -0.851     1.452
20 5 9 2.513 -1.091     1.126
20 6 9 2.232 -0.950     0.955
20 7 9 2.299 -0.997     0.685
20 8 9 2.263 -0.997     0.728
20 9 9 1.466 -0.784     1.320
20 10 9 0.852 -0.622     1.071
21 1 1 1.294 -2.260     0.270
21 2 1 1.059 -1.750     1.830
21 3 1 0.809 -1.219     2.812
21 4 1 1.820 -0.906     2.373
21 5 1 2.059 -0.026     2.308
21 6 1 1.273 0.761     2.954
21 7 1 1.976 -0.286     2.513
21 8 1 2.148 0.724     2.214
21 9 1 1.737 0.740     2.285
21 10 1 1.450 0.057     2.097
21 1 2 1.169 -2.187     0.677
21 2 2 0.924 -1.526     1.179
21 3 2 1.294 -0.823     3.114
21 4 2 2.117 -0.547     2.684
21 5 2 2.122 -0.922     1.811
21 6 2 1.054 -0.469     4.556
21 7 2 1.601 -1.068     2.597
21 8 2 2.085 -0.375     1.805
21 9 2 0.950 0.682     2.940
21 10 2 0.596 0.313     2.851
21 1 3 1.408 -2.094     0.835
21 2 3 1.434 -1.474     1.678
21 3 3 1.700 -0.489     2.844
21 4 3 1.737 -0.448     3.456
21 5 3 1.601 -1.193     3.649
21 6 3 0.914 -0.635     3.980
21 7 3 1.059 -1.088     2.711
21 8 3 2.059 -1.026     1.734
21 9 3 0.924 0.063     2.529
21 10 3 -0.060 0.125     3.395
21 1 4 1.289 -1.823     1.018
21 2 4 1.539 -1.312     1.634
21 3 4 1.690 -0.536     3.294
21 4 4 1.153 -0.557     4.670
21 5 4 1.544 -0.797     3.737
21 6 4 1.122 -0.099     3.713
21 7 4 0.710 0.026     2.804
21 8 4 2.096 -0.771     1.520
21 9 4 1.257 -0.469     2.159
21 10 4 -0.149 -0.229     3.521
21 1 5 1.169 -1.812     1.456
21 2 5 1.440 -1.125     3.684
21 3 5 1.575 -0.739     4.242
21 4 5 1.138 -0.661     4.803
21 5 5 1.658 -0.786     3.546
21 6 5 1.690 -0.234     2.851
21 7 5 0.924 0.682     2.554
21 8 5 1.851 -0.239     1.733
21 9 5 1.398 -0.578     1.987
21 10 5 -0.019 -0.364     3.543
21 1 6 0.945 -1.661     1.456
21 2 6 1.606 -1.255     3.406
21 3 6 1.601 -1.141     4.357
21 4 6 1.247 -1.364     4.046
21 5 6 1.877 -1.266     2.443
21 6 6 2.210 -0.724     2.150
21 7 6 1.492 -0.167     2.390
21 8 6 1.559 0.120     2.062
21 9 6 1.247 -0.526     2.028
21 10 6 0.158 -0.266     3.537
21 1 7 0.830 -1.151     2.103
21 2 7 1.856 -1.239     3.007
21 3 7 1.445 -1.578     3.418
21 4 7 1.195 -1.766     2.708
21 5 7 2.393 -1.234     2.045
21 6 7 2.523 -1.062     2.050
21 7 7 2.007 -1.036     1.912
21 8 7 1.565 -0.286     1.959
21 9 7 0.763 -0.495     2.654
21 10 7 0.263 -0.250     3.403
21 1 8 1.002 -1.260     1.736
21 2 8 1.513 -1.333     2.853
21 3 8 0.997 -1.042     3.162
21 4 8 1.429 -0.745     2.841
21 5 8 2.804 -0.698     2.173
21 6 8 2.690 -0.953     2.331
21 7 8 2.278 -0.807     1.923
21 8 8 1.726 -0.620     1.842
21 9 8 0.716 -0.349     2.828
21 10 8 0.158 -0.364     3.160
21 1 9 0.820 -1.229     0.082
21 2 9 1.460 -1.594     1.106
21 3 9 1.122 -0.745     1.624
21 4 9 1.565 -0.391     1.463
21 5 9 2.794 -1.052     1.053
21 6 9 2.695 -0.708     0.899
21 7 9 2.237 -0.338     0.664
21 8 9 1.455 -0.167     0.754
21 9 9 0.226 -0.010     1.438
21 10 9 -0.357 -0.380     1.159
22 1 1 0.644 1.517     0.199
22 2 1 0.654 0.981     1.847
22 3 1 0.581 0.126     2.898
22 4 1 1.284 0.111     2.376
22 5 1 1.519 0.694     2.288
22 6 1 1.154 0.564     2.956
22 7 1 1.810 -0.358     2.461
22 8 1 1.946 0.470     2.140
22 9 1 1.889 0.569     2.212
22 10 1 1.842 0.491     2.034
22 1 2 0.529 1.600     0.598
22 2 2 0.545 0.996     1.065
22 3 2 0.920 0.371     3.162
22 4 2 1.389 0.132     2.685
22 5 2 1.477 -0.165     1.597
22 6 2 1.081 -0.191     4.587
22 7 2 1.790 -0.712     2.524
22 8 2 2.232 -0.144     1.612
22 9 2 1.451 0.991     2.882
22 10 2 1.217 1.033     2.805
22 1 3 0.571 1.397     0.770
22 2 3 0.758 0.699     1.681
22 3 3 1.066 0.423     2.867
22 4 3 1.159 -0.139     3.482
22 5 3 1.290 -0.582     3.634
22 6 3 1.154 -0.254     3.999
22 7 3 1.597 -0.608     2.653
22 8 3 2.446 -0.509     1.646
22 9 3 1.321 0.840     2.487
22 10 3 0.274 1.246     3.390
22 1 4 0.144 0.949     0.979
22 2 4 0.587 0.288     1.626
22 3 4 0.826 0.152     3.364
22 4 4 0.691 -0.400     4.770
22 5 4 1.441 -0.535     3.713
22 6 4 1.446 -0.035     3.696
22 7 4 1.456 0.257     2.776
22 8 4 2.555 -0.233     1.430
22 9 4 1.243 0.444     2.148
22 10 4 -0.424 1.116     3.534
22 1 5 -0.169 0.168     1.483
22 2 5 0.383 -0.066     3.846
22 3 5 0.529 -0.197     4.389
22 4 5 0.456 -0.572     4.923
22 5 5 1.498 -0.676     3.509
22 6 5 1.889 0.017     2.799
22 7 5 1.534 0.908     2.507
22 8 5 2.295 0.277     1.668
22 9 5 1.170 0.220     1.989
22 10 5 -0.669 0.955     3.558
22 1 6 -0.236 -0.202     1.488
22 2 6 0.675 -0.431     3.516
22 3 6 0.561 -0.577     4.475
22 4 6 0.566 -0.957     4.099
22 5 6 1.784 -0.681     2.389
22 6 6 2.217 0.059     2.073
22 7 6 1.712 0.475     2.352
22 8 6 1.889 0.731     2.018
22 9 6 0.993 0.205     2.060
22 10 6 -0.559 0.850     3.592
22 1 7 -0.163 0.022     2.179
22 2 7 0.842 -0.478     3.073
22 3 7 0.581 -0.822     3.475
22 4 7 0.951 -0.863     2.736
22 5 7 2.342 -0.316     1.985
22 6 7 2.284 -0.275     1.975
22 7 7 2.024 -0.181     1.868
22 8 7 1.774 0.486     1.911
22 9 7 0.467 0.356     2.756
22 10 7 -0.356 0.897     3.466
22 1 8 0.144 0.012     1.793
22 2 8 0.743 -0.400     2.932
22 3 8 0.680 -0.358     3.271
22 4 8 1.498 -0.181     2.857
22 5 8 2.576 -0.233     2.091
22 6 8 2.404 -0.572     2.245
22 7 8 2.503 -0.191     1.845
22 8 8 1.909 0.173     1.795
22 9 8 0.352 0.699     2.906
22 10 8 -0.460 0.970     3.219
22 1 9 0.311 0.257     0.052
22 2 9 0.998 -0.342     1.128
22 3 9 1.060 -0.311     1.664
22 4 9 1.758 -0.363     1.448
22 5 9 2.800 -0.733     0.982
22 6 9 2.967 -0.243     0.825
22 7 9 2.967 0.132     0.594
22 8 9 1.810 0.517     0.726
22 9 9 -0.096 1.053     1.480
22 10 9 -0.893 1.001     1.170
23 1 1 -0.208 2.243     0.131
23 2 1 -0.437 1.868     1.768
23 3 1 -0.640 1.071     2.888
23 4 1 0.204 1.019     2.395
23 5 1 0.683 0.883     2.292
23 6 1 -0.442 1.258     2.923
23 7 1 -0.650 0.107     2.502
23 8 1 -0.635 0.310     2.166
23 9 1 -0.833 -0.143     2.222
23 10 1 -0.520 -0.757     2.014
23 1 2 -0.281 2.321     0.559
23 2 2 -0.437 1.800     0.804
23 3 2 -0.244 1.586     3.164
23 4 2 0.126 1.644     2.688
23 5 2 0.428 0.602     1.570
23 6 2 -0.583 0.472     4.704
23 7 2 -0.926 -0.179     2.602
23 8 2 -0.416 -0.638     1.635
23 9 2 -0.812 -0.679     2.934
23 10 2 -0.630 -1.210     2.790
23 1 3 -0.286 2.170     0.739
23 2 3 -0.015 1.389     1.624
23 3 3 0.173 1.566     2.869
23 4 3 -0.234 1.331     3.494
23 5 3 -0.312 0.264     3.806
23 6 3 -0.796 0.248     4.094
23 7 3 -1.338 -0.205     2.678
23 8 3 -0.327 -1.117     1.687
23 9 3 -0.255 -1.111     2.519
23 10 3 -0.484 -1.507     3.344
23 1 4 -0.697 1.878     0.945
23 2 4 0.136 0.977     1.537
23 3 4 0.511 1.113     3.406
23 4 4 -0.531 0.873     4.842
23 5 4 -0.468 0.264     3.872
23 6 4 -0.609 0.045     3.823
23 7 4 -1.468 0.055     2.784
23 8 4 -0.255 -0.971     1.487
23 9 4 0.235 -1.231     2.167
23 10 4 -0.229 -1.523     3.495
23 1 5 -0.885 1.363     1.475
23 2 5 0.183 0.753     3.960
23 3 5 0.495 0.816     4.486
23 4 5 -0.598 0.612     5.035
23 5 5 -0.567 -0.033     3.653
23 6 5 -0.197 -0.341     2.938
23 7 5 -1.249 -0.127     2.536
23 8 5 -0.416 -0.736     1.737
23 9 5 0.423 -1.216     2.003
23 10 5 0.016 -1.445     3.510
23 1 6 -0.827 1.295     1.495
23 2 6 0.386 0.795     3.616
23 3 6 0.298 0.779     4.601
23 4 6 -0.770 0.253     4.216
23 5 6 -0.333 -0.200     2.527
23 6 6 0.178 -0.278     2.205
23 7 6 -0.697 -0.606     2.414
23 8 6 -0.275 -0.315     2.130
23 9 6 0.521 -1.226     2.059
23 10 6 0.245 -1.335     3.583
23 1 7 -0.718 1.649     2.168
23 2 7 0.126 1.191     3.130
23 3 7 -0.359 0.868     3.545
23 4 7 -0.812 0.654     2.805
23 5 7 0.282 0.602     2.088
23 6 7 0.261 -0.044     2.103
23 7 7 -0.135 -0.627     1.958
23 8 7 0.266 -0.471     2.005
23 9 7 0.240 -1.299     2.750
23 10 7 0.428 -1.294     3.462
23 1 8 -0.630 1.717     1.779
23 2 8 -0.432 1.310     2.965
23 3 8 -0.729 1.258     3.288
23 4 8 -0.557 1.670     2.841
23 5 8 0.266 1.284     2.142
23 6 8 0.022 0.055     2.412
23 7 8 0.115 -0.356     1.967
23 8 8 0.589 -0.940     1.825
23 9 8 0.485 -1.283     2.894
23 10 8 0.636 -1.346     3.192
23 1 9 -0.796 2.081     0.052
23 2 9 -0.463 1.461     1.143
23 3 9 -0.484 1.243     1.691
23 4 9 -0.692 1.389     1.456
23 5 9 -0.208 0.571     1.055
23 6 9 0.001 -0.013     0.925
23 7 9 0.396 -0.278     0.659
23 8 9 0.725 -0.690     0.750
23 9 9 0.527 -1.018     1.500
23 10 9 0.495 -1.351     1.151
24 1 1 1.599 6.745    -0.096
24 2 1 1.234 6.083     1.402
24 3 1 1.630 4.135     2.553
24 4 1 1.963 3.719     2.116
24 5 1 1.510 4.073     2.055
24 6 1 1.474 3.094     2.705
24 7 1 2.531 2.146     2.340
24 8 1 3.088 2.422     1.981
24 9 1 2.989 2.339     2.038
24 10 1 2.635 2.172     1.882
24 1 2 1.718 6.583     0.438
24 2 2 1.734 5.458    -0.106
24 3 2 2.067 4.000     2.999
24 4 2 1.786 3.219     2.660
24 5 2 1.302 3.057     1.026
24 6 2 1.546 3.031     4.538
24 7 2 2.713 2.969     2.531
24 8 2 3.442 2.740     1.408
24 9 2 3.015 3.083     2.825
24 10 2 2.609 2.818     2.731
24 1 3 1.822 6.198     0.619
24 2 3 1.974 4.750     1.299
24 3 3 2.041 3.713     2.765
24 4 3 1.651 2.891     3.453
24 5 3 1.635 3.088     3.706
24 6 3 1.937 3.484     3.881
24 7 3 2.791 3.698     2.511
24 8 3 3.750 3.365     1.621
24 9 3 3.031 3.661     2.385
24 10 3 2.260 3.432     3.204
24 1 4 1.682 5.630     0.800
24 2 4 1.911 4.099     0.681
24 3 4 1.890 3.448     3.263
24 4 4 1.744 2.995     4.669
24 5 4 2.171 3.286     3.693
24 6 4 2.296 3.604     3.605
24 7 4 2.911 4.182     2.548
24 8 4 3.890 3.922     1.401
24 9 4 2.833 3.927     2.067
24 10 4 1.713 3.854     3.322
24 1 5 1.395 4.880     1.350
24 2 5 1.724 3.641     3.681
24 3 5 1.687 3.349     4.287
24 4 5 1.802 3.120     4.792
24 5 5 2.557 3.146     3.478
24 6 5 2.880 3.776     2.747
24 7 5 3.182 4.417     2.320
24 8 5 3.807 4.266     1.609
24 9 5 2.661 3.990     1.927
24 10 5 1.354 4.073     3.195
24 1 6 1.364 4.380     1.354
24 2 6 1.630 3.625     3.444
24 3 6 1.291 3.365     4.421
24 4 6 1.786 3.297     4.026
24 5 6 3.239 3.786     2.316
24 6 6 3.526 4.469     2.027
24 7 6 3.468 4.625     2.164
24 8 6 3.619 4.823     1.921
24 9 6 2.432 4.042     1.879
24 10 6 1.099 4.297     3.361
24 1 7 1.458 4.333     1.996
24 2 7 1.385 3.974     3.004
24 3 7 1.036 3.906     3.261
24 4 7 2.333 4.448     2.555
24 5 7 3.885 4.875     1.851
24 6 7 3.567 4.729     1.927
24 7 7 3.552 4.901     1.733
24 8 7 3.328 4.870     1.758
24 9 7 1.864 4.224     2.488
24 10 7 0.994 4.490     3.254
24 1 8 1.494 4.401     1.642
24 2 8 1.390 4.479     2.795
24 3 8 1.572 4.734     2.985
24 4 8 2.822 4.969     2.572
24 5 8 3.458 4.292     1.990
24 6 8 3.192 4.125     2.240
24 7 8 3.552 4.906     1.756
24 8 8 3.010 4.729     1.624
24 9 8 1.604 4.599     2.580
24 10 8 0.729 4.661     2.986
24 1 9 1.552 4.745     0.064
24 2 9 1.734 4.771     1.119
24 3 9 1.906 4.312     1.632
24 4 9 2.364 3.380     1.471
24 5 9 2.953 2.667     1.106
24 6 9 3.510 3.719     0.909
24 7 9 3.713 4.703     0.627
24 8 9 2.567 4.812     0.674
24 9 9 1.083 4.891     1.409
24 10 9 0.291 4.974     1.128
25 1 1 2.421 -4.554    -0.009
25 2 1 1.871 -3.460     1.499
25 3 1 1.337 -2.148     2.706
25 4 1 1.850 -1.575     2.289
25 5 1 2.074 -1.043     2.248
25 6 1 1.673 -0.205     2.931
25 7 1 1.962 -0.533     2.545
25 8 1 1.869 0.102     2.212
25 9 1 2.007 -0.335     2.249
25 10 1 2.436 -0.861     2.051
25 1 2 2.415 -4.450     0.436
25 2 2 1.874 -3.142    -0.488
25 3 2 1.705 -1.981     3.125
25 4 2 2.012 -1.444     2.802
25 5 2 1.962 -1.429     0.731
25 6 2 1.327 -0.799     4.764
25 7 2 1.663 -1.179     2.722
25 8 2 1.710 -0.773     1.533
25 9 2 1.244 -0.158     3.107
25 10 2 1.764 -0.460     2.934
25 1 3 2.673 -4.273     0.611
25 2 3 2.262 -2.929     1.214
25 3 3 1.986 -1.705     2.897
25 4 3 1.764 -1.330     3.603
25 5 3 1.587 -1.523     3.845
25 6 3 1.160 -0.861     4.136
25 7 3 1.319 -1.528     2.701
25 8 3 1.869 -1.611     1.798
25 9 3 1.225 -0.502     2.649
25 10 3 1.168 -0.309     3.492
25 1 4 2.449 -3.825     0.780
25 2 4 2.090 -2.528     0.229
25 3 4 1.811 -1.601     3.380
25 4 4 1.387 -1.293     4.842
25 5 4 1.619 -1.252     3.859
25 6 4 1.184 -0.736     3.872
25 7 4 1.007 -1.085     2.800
25 8 4 2.129 -1.877     1.556
25 9 4 1.553 -1.043     2.278
25 10 4 0.866 -0.377     3.642
25 1 5 2.033 -3.424     1.346
25 2 5 1.616 -2.106     3.681
25 3 5 1.514 -1.590     4.412
25 4 5 1.309 -1.299     4.965
25 5 5 1.520 -1.304     3.663
25 6 5 1.306 -1.184     2.971
25 7 5 0.931 -0.903     2.599
25 8 5 2.111 -1.736     1.773
25 9 5 1.884 -1.398     2.091
25 10 5 0.874 -0.507     3.466
25 1 6 1.525 -2.981     1.349
25 2 6 1.507 -2.226     3.528
25 3 6 1.447 -1.960     4.513
25 4 6 1.228 -1.955     4.145
25 5 6 1.421 -1.882     2.463
25 6 6 1.478 -1.731     2.221
25 7 6 1.298 -1.616     2.363
25 8 6 2.111 -1.496     2.092
25 9 6 2.100 -1.523     1.966
25 10 6 1.033 -0.554     3.657
25 1 7 1.199 -2.429     2.054
25 2 7 1.626 -2.356     3.097
25 3 7 1.345 -2.502     3.232
25 4 7 1.178 -2.543     2.636
25 5 7 1.780 -2.080     2.002
25 6 7 1.712 -2.007     2.099
25 7 7 1.837 -2.184     1.866
25 8 7 2.330 -1.621     1.852
25 9 7 1.819 -1.564     2.570
25 10 7 1.181 -0.637     3.530
25 1 8 1.191 -2.580     1.684
25 2 8 1.441 -2.517     2.882
25 3 8 1.139 -2.189     3.094
25 4 8 1.535 -1.882     2.726
25 5 8 2.244 -1.523     2.151
25 6 8 1.955 -1.762     2.386
25 7 8 2.181 -1.913     1.898
25 8 8 2.504 -1.871     1.692
25 9 8 1.830 -1.476     2.668
25 10 8 1.215 -0.809     3.245
25 1 9 1.283 -2.887    -0.079
25 2 9 1.710 -2.913     0.997
25 3 9 1.444 -1.845     1.575
25 4 9 1.936 -1.330     1.420
25 5 9 2.415 -1.293     1.044
25 6 9 1.988 -1.158     0.877
25 7 9 2.264 -1.424     0.578
25 8 9 2.405 -1.523     0.573
25 9 9 1.650 -1.325     1.370
25 10 9 1.025 -1.028     1.150
26 1 1 3.530 -7.668     0.113
26 2 1 2.817 -4.934     1.619
26 3 1 1.660 -2.059     2.996
26 4 1 1.952 -1.017     2.633
26 5 1 2.134 -0.402     2.602
26 6 1 1.093 0.676     3.368
26 7 1 1.447 -0.236     2.964
26 8 1 1.775 0.420     2.584
26 9 1 1.764 0.045     2.627
26 10 1 1.999 -0.684     2.396
26 1 2 3.525 -7.283     0.446
26 2 2 2.603 -3.923    -0.907
26 3 2 2.041 -1.387     3.421
26 4 2 2.077 -0.283     3.143
26 5 2 1.863 -0.616     0.705
26 6 2 0.530 -0.309     5.324
26 7 2 0.671 -0.913     3.173
26 8 2 1.462 -0.653     1.846
26 9 2 1.296 -0.257     3.533
26 10 2 1.624 -0.668     3.300
26 1 3 3.801 -6.720     0.626
26 2 3 2.931 -3.413     1.202
26 3 3 2.171 -0.835     3.212
26 4 3 1.468 0.014     4.017
26 5 3 1.067 -0.611     4.291
26 6 3 0.212 -0.408     4.709
26 7 3 -0.100 -1.106     3.155
26 8 3 1.051 -1.574     2.176
26 9 3 1.212 -1.080     3.027
26 10 3 1.238 -1.048     3.873
26 1 4 3.405 -5.736     0.794
26 2 4 2.259 -2.585    -0.115
26 3 4 1.426 -0.600     3.773
26 4 4 0.541 0.030     5.419
26 5 4 0.759 -0.241     4.377
26 6 4 0.285 -0.231     4.450
26 7 4 -0.532 -0.679     3.284
26 8 4 0.931 -1.970     1.911
26 9 4 1.343 -1.882     2.587
26 10 4 0.968 -1.595     3.988
26 1 5 2.655 -4.767     1.392
26 2 5 1.337 -1.949     3.869
26 3 5 0.707 -0.663     4.908
26 4 5 0.067 -0.038     5.638
26 5 5 0.259 -0.449     4.217
26 6 5 0.426 -0.751     3.453
26 7 5 -0.334 -0.710     3.084
26 8 5 0.890 -2.085     2.109
26 9 5 1.582 -2.257     2.366
26 10 5 0.957 -1.887     3.677
26 1 6 1.613 -3.757     1.465
26 2 6 1.030 -2.059     3.815
26 3 6 0.598 -1.106     4.964
26 4 6 -0.303 -0.975     4.628
26 5 6 -0.116 -1.309     2.876
26 6 6 0.509 -1.298     2.649
26 7 6 0.150 -1.621     2.761
26 8 6 1.030 -1.778     2.455
26 9 6 1.822 -2.267     2.143
26 10 6 1.129 -1.923     3.945
26 1 7 1.025 -2.830     2.239
26 2 7 1.067 -2.210     3.394
26 3 7 0.254 -1.788     3.510
26 4 7 -0.491 -1.731     2.998
26 5 7 0.551 -1.330     2.417
26 6 7 0.770 -1.475     2.504
26 7 7 0.546 -2.236     2.182
26 8 7 1.363 -1.876     2.137
26 9 7 1.603 -2.272     2.724
26 10 7 1.317 -1.934     3.815
26 1 8 0.869 -3.189     1.855
26 2 8 0.811 -2.715     3.149
26 3 8 -0.194 -1.600     3.474
26 4 8 -0.142 -0.684     3.234
26 5 8 1.186 -0.444     2.582
26 6 8 0.900 -1.324     2.787
26 7 8 0.754 -2.033     2.236
26 8 8 1.530 -2.262     1.934
26 9 8 1.634 -2.189     2.830
26 10 8 1.447 -2.054     3.513
26 1 9 0.791 -3.199    -0.193
26 2 9 1.270 -3.017     0.915
26 3 9 0.363 -1.376     1.611
26 4 9 0.108 -0.132     1.552
26 5 9 0.843 -0.684     1.086
26 6 9 0.551 -1.330     0.907
26 7 9 0.806 -1.814     0.563
26 8 9 1.593 -1.944     0.491
26 9 9 1.551 -1.955     1.306
26 10 9 1.171 -2.309     1.082
27 1 1 2.819 -5.808     0.148
27 2 1 1.970 -3.417     1.735
27 3 1 0.955 -1.225     3.294
27 4 1 1.647 -0.204     2.914
27 5 1 1.741 0.354     2.874
27 6 1 0.507 0.895     3.715
27 7 1 1.257 -0.490     3.271
27 8 1 1.543 0.525     2.846
27 9 1 1.121 0.499     2.937
27 10 1 1.064 0.057     2.726
27 1 2 2.923 -5.501     0.434
27 2 2 1.876 -2.704    -1.188
27 3 2 1.481 -0.480     3.719
27 4 2 1.668 0.421     3.402
27 5 2 1.319 -0.297     0.708
27 6 2 -0.066 -0.063     5.892
27 7 2 0.512 -0.735     3.547
27 8 2 1.580 -0.303     2.016
27 9 2 0.824 0.567     3.880
27 10 2 0.658 0.286     3.683
27 1 3 3.277 -5.047     0.617
27 2 3 2.335 -2.308     1.222
27 3 3 1.684 0.114     3.485
27 4 3 0.892 0.551     4.374
27 5 3 0.439 -0.391     4.729
27 6 3 -0.353 0.124     5.197
27 7 3 -0.311 -0.225     3.598
27 8 3 1.548 -0.501     2.444
27 9 3 1.074 0.374     3.348
27 10 3 0.043 0.270     4.345
27 1 4 3.022 -4.292     0.786
27 2 4 2.043 -1.761    -0.416
27 3 4 1.293 0.281     4.080
27 4 4 0.027 0.635     5.878
27 5 4 0.303 0.124     4.865
27 6 4 -0.030 0.234     4.950
27 7 4 -0.660 0.744     3.635
27 8 4 1.642 -0.032     2.180
27 9 4 1.345 0.203     2.871
27 10 4 -0.249 0.161     4.463
27 1 5 2.455 -3.766     1.400
27 2 5 1.392 -1.355     4.002
27 3 5 0.736 0.166     5.332
27 4 5 -0.353 0.676     6.072
27 5 5 0.168 -0.016     4.727
27 6 5 0.673 -0.230     3.849
27 7 5 -0.337 0.880     3.437
27 8 5 1.231 0.447     2.415
27 9 5 1.361 0.119     2.649
27 10 5 -0.191 0.088     4.142
27 1 6 1.564 -3.100     1.520
27 2 6 1.251 -1.641     4.016
27 3 6 0.699 -0.454     5.365
27 4 6 -0.478 -0.256     5.083
27 5 6 0.356 -0.667     3.257
27 6 6 1.262 -0.303     2.958
27 7 6 0.330 -0.053     3.175
27 8 6 0.918 0.874     2.774
27 9 6 1.309 0.051     2.388
27 10 6 0.152 0.046     4.440
27 1 7 1.007 -2.350     2.367
27 2 7 1.304 -1.896     3.582
27 3 7 0.376 -1.417     3.706
27 4 7 -0.238 -1.032     3.332
27 5 7 1.402 -0.412     2.715
27 6 7 1.595 -0.230     2.769
27 7 7 0.996 -0.584     2.486
27 8 7 1.283 0.437     2.380
27 9 7 0.876 -0.042     3.042
27 10 7 0.559 -0.016     4.240
27 1 8 0.819 -2.933     1.938
27 2 8 0.850 -2.573     3.302
27 3 8 -0.103 -1.370     3.767
27 4 8 0.335 -0.230     3.683
27 5 8 1.981 0.203     2.812
27 6 8 1.439 -0.261     3.057
27 7 8 1.220 -0.188     2.547
27 8 8 1.527 -0.100     2.170
27 9 8 0.892 0.046     3.148
27 10 8 0.533 -0.183     3.929
27 1 9 0.543 -3.178    -0.310
27 2 9 1.152 -3.131     0.822
27 3 9 0.376 -1.495     1.619
27 4 9 0.408 -0.214     1.645
27 5 9 1.402 -0.579     1.071
27 6 9 1.074 -0.344     0.912
27 7 9 1.283 0.130     0.568
27 8 9 1.413 0.286     0.455
27 9 9 0.434 0.249     1.377
27 10 9 -0.025 -0.360     1.157
28 1 1 1.847 -2.580     0.129
28 2 1 1.149 -1.190     1.830
28 3 1 -0.002 -0.559     3.507
28 4 1 0.982 -0.075     3.066
28 5 1 1.326 0.196     2.998
28 6 1 -0.482 1.149     3.827
28 7 1 0.034 -0.299     3.520
28 8 1 0.617 0.696     2.997
28 9 1 0.498 0.493     3.126
28 10 1 0.727 0.003     2.902
28 1 2 1.690 -2.460     0.411
28 2 2 0.914 -0.861    -1.318
28 3 2 0.550 0.180     3.942
28 4 2 0.899 0.842     3.516
28 5 2 0.961 -0.242     0.600
28 6 2 -0.779 0.206     6.115
28 7 2 -0.633 -0.523     3.716
28 8 2 0.675 -0.330     2.123
28 9 2 0.258 0.368     4.128
28 10 2 0.341 0.081     3.940
28 1 3 1.794 -2.169     0.603
28 2 3 1.331 -0.867     1.252
28 3 3 1.003 0.571     3.614
28 4 3 0.268 0.873     4.548
28 5 3 0.008 -0.268     5.031
28 6 3 -0.877 0.159     5.387
28 7 3 -1.299 -0.367     3.679
28 8 3 0.659 -0.960     2.558
28 9 3 0.623 -0.033     3.547
28 10 3 -0.086 -0.075     4.668
28 1 4 1.445 -1.705     0.791
28 2 4 1.268 -0.887    -0.651
28 3 4 1.143 0.373     4.196
28 4 4 -0.226 0.633     6.139
28 5 4 -0.143 0.050     5.194
28 6 4 -0.601 -0.028     5.195
28 7 4 -1.575 -0.033     3.684
28 8 4 0.805 -1.023     2.275
28 9 4 1.091 -0.486     2.989
28 10 4 -0.279 -0.439     4.717
28 1 5 1.117 -1.898     1.406
28 2 5 0.914 -0.924     4.034
28 3 5 0.940 0.066     5.523
28 4 5 -0.305 0.477     6.359
28 5 5 -0.247 -0.372     4.993
28 6 5 -0.112 -0.877     4.017
28 7 5 -1.367 -0.268     3.528
28 8 5 0.503 -0.747     2.560
28 9 5 1.263 -0.799     2.726
28 10 5 -0.117 -0.716     4.298
28 1 6 0.617 -1.986     1.528
28 2 6 1.050 -1.278     4.067
28 3 6 0.878 -0.507     5.542
28 4 6 -0.456 -0.653     5.293
28 5 6 -0.055 -1.268     3.341
28 6 6 0.550 -1.190     3.064
28 7 6 -0.424 -1.106     3.290
28 8 6 0.513 -0.096     2.977
28 9 6 1.425 -0.794     2.366
28 10 6 0.388 -0.773     4.619
28 1 7 0.445 -1.445     2.409
28 2 7 1.133 -1.361     3.630
28 3 7 0.331 -1.304     3.723
28 4 7 -0.450 -1.403     3.393
28 5 7 1.055 -1.007     2.785
28 6 7 1.201 -1.080     2.837
28 7 7 0.680 -1.445     2.541
28 8 7 1.222 -0.330     2.434
28 9 7 1.133 -0.830     3.053
28 10 7 0.836 -0.820     4.367
28 1 8 0.414 -1.929     1.932
28 2 8 0.560 -1.783     3.342
28 3 8 -0.409 -1.044     3.889
28 4 8 0.003 -0.257     3.950
28 5 8 1.732 -0.054     2.856
28 6 8 1.284 -0.924     3.106
28 7 8 1.055 -1.059     2.623
28 8 8 1.544 -0.913     2.150
28 9 8 1.164 -0.742     3.168
28 10 8 0.852 -0.986     4.029
28 1 9 0.180 -2.252    -0.419
28 2 9 0.643 -2.273     0.735
28 3 9 -0.081 -0.882     1.624
28 4 9 0.013 0.066     1.719
28 5 9 1.117 -0.653     1.028
28 6 9 0.925 -0.950     0.866
28 7 9 1.201 -0.752     0.522
28 8 9 1.560 -0.460     0.354
28 9 9 0.722 -0.471     1.379
28 10 9 0.180 -1.158     1.132
29 1 1 1.272 -1.784     0.105
29 2 1 0.501 -0.498     1.955
29 3 1 -0.384 -0.055     3.722
29 4 1 0.808 0.304     3.210
29 5 1 1.235 -0.097     3.088
29 6 1 -1.015 0.950     3.871
29 7 1 -0.968 -0.753     3.591
29 8 1 -0.405 -0.159     3.164
29 9 1 -0.660 0.007     3.266
29 10 1 -0.556 -0.034     3.056
29 1 2 1.017 -1.529     0.401
29 2 2 0.267 -0.180    -1.319
29 3 2 0.105 0.841     4.101
29 4 2 0.407 1.268     3.584
29 5 2 0.459 -0.337     0.564
29 6 2 -1.447 0.195     6.133
29 7 2 -1.504 -0.425     3.730
29 8 2 0.251 -0.977     2.142
29 9 2 -0.192 -0.310     4.344
29 10 2 -0.525 -0.196     4.113
29 1 3 1.126 -1.399     0.599
29 2 3 0.782 -0.456     1.293
29 3 3 0.699 0.887     3.716
29 4 3 -0.176 0.986     4.663
29 5 3 -0.473 -0.092     5.263
29 6 3 -1.296 0.559     5.421
29 7 3 -1.660 0.492     3.677
29 8 3 0.782 -0.529     2.658
29 9 3 0.881 -0.097     3.658
29 10 3 -0.384 -0.170     4.895
29 1 4 0.798 -1.295     0.797
29 2 4 0.949 -0.722    -0.862
29 3 4 1.105 0.377     4.289
29 4 4 -0.426 0.565     6.346
29 5 4 -0.337 0.341     5.431
29 6 4 -0.608 0.450     5.363
29 7 4 -1.494 1.341     3.633
29 8 4 1.152 0.507     2.345
29 9 4 1.616 0.346     2.987
29 10 4 -0.134 0.012     5.008
29 1 5 0.605 -1.597     1.406
29 2 5 0.933 -0.696     4.057
29 3 5 1.001 0.096     5.661
29 4 5 -0.452 0.450     6.588
29 5 5 -0.212 0.007     5.278
29 6 5 0.194 -0.243     4.233
29 7 5 -1.150 1.143     3.535
29 8 5 0.699 1.231     2.617
29 9 5 1.689 0.585     2.708
29 10 5 0.064 0.174     4.546
29 1 6 0.433 -1.185     1.576
29 2 6 1.282 -0.550     4.136
29 3 6 0.871 -0.008     5.706
29 4 6 -0.525 -0.055     5.518
29 5 6 0.235 -0.352     3.531
29 6 6 0.970 -0.060     3.170
29 7 6 -0.160 0.179     3.497
29 8 6 0.626 1.606     2.992
29 9 6 1.605 0.622     2.266
29 10 6 0.392 0.309     4.830
29 1 7 0.376 -0.123     2.550
29 2 7 1.267 -0.014     3.724
29 3 7 0.303 0.028     3.929
29 4 7 -0.390 0.367     3.575
29 5 7 1.308 0.747     2.823
29 6 7 1.407 0.476     2.873
29 7 7 0.965 -0.076     2.633
29 8 7 1.459 0.960     2.360
29 9 7 1.199 0.413     3.032
29 10 7 0.699 0.262     4.527
29 1 8 0.444 -0.180     2.045
29 2 8 0.657 -0.008     3.515
29 3 8 -0.171 0.705     4.052
29 4 8 0.173 1.788     3.954
29 5 8 1.527 1.710     2.806
29 6 8 1.011 0.512     3.181
29 7 8 1.178 0.382     2.695
29 8 8 1.735 0.361     2.078
29 9 8 1.110 0.419     3.167
29 10 8 0.543 0.033     4.215
29 1 9 0.261 -0.024    -0.467
29 2 9 0.642 -0.191     0.749
29 3 9 0.178 0.643     1.660
29 4 9 -0.004 1.455     1.683
29 5 9 0.689 0.580     1.018
29 6 9 0.683 0.143     0.857
29 7 9 1.350 0.596     0.470
29 8 9 1.647 0.762     0.221
29 9 9 0.496 0.632     1.375
29 10 9 -0.223 -0.076     1.171
30 1 1 1.067 1.329     0.010
30 2 1 0.734 1.647     1.907
30 3 1 0.608 1.215     3.715
30 4 1 1.088 1.465     3.135
30 5 1 1.322 1.824     2.980
30 6 1 1.187 1.366     3.784
30 7 1 1.812 0.600     3.504
30 8 1 2.046 0.834     3.030
30 9 1 2.077 0.689     3.108
30 10 1 1.989 0.392     2.950
30 1 2 1.181 1.116     0.370
30 2 2 0.859 1.272    -1.632
30 3 2 0.905 1.121     4.154
30 4 2 0.947 1.126     3.624
30 5 2 0.885 1.090     0.179
30 6 2 1.041 1.152     6.142
30 7 2 1.978 0.954     3.637
30 8 2 2.556 0.866     1.869
30 9 2 2.150 1.350     4.142
30 10 2 1.905 1.058     3.980
30 1 3 1.447 0.845     0.570
30 2 3 1.249 0.928     1.247
30 3 3 1.082 1.017     3.755
30 4 3 0.838 0.866     4.751
30 5 3 0.859 1.084     5.313
30 6 3 1.135 1.517     5.365
30 7 3 1.963 1.543     3.534
30 8 3 2.973 1.366     2.460
30 9 3 2.317 1.892     3.440
30 10 3 1.499 1.704     4.724
30 1 4 1.374 0.652     0.772
30 2 4 1.166 0.704    -1.189
30 3 4 0.937 0.866     4.361
30 4 4 0.806 0.876     6.454
30 5 4 1.187 1.282     5.401
30 6 4 1.286 1.761     5.247
30 7 4 1.931 2.173     3.439
30 8 4 3.140 1.939     2.113
30 9 4 2.244 2.142     2.797
30 10 4 0.994 2.126     4.855
30 1 5 1.129 0.449     1.418
30 2 5 0.838 0.605     4.087
30 3 5 0.609 0.767     5.811
30 4 5 0.806 0.949     6.680
30 5 5 1.442 1.272     5.209
30 6 5 1.749 1.959     4.057
30 7 5 2.030 2.511     3.308
30 8 5 2.978 2.345     2.362
30 9 5 2.056 2.162     2.549
30 10 5 0.551 2.303     4.155
30 1 6 0.859 0.371     1.597
30 2 6 0.671 0.569     4.278
30 3 6 0.426 0.772     5.880
30 4 6 0.874 1.043     5.579
30 5 6 1.937 1.595     3.341
30 6 6 2.192 2.235     2.988
30 7 6 2.296 2.475     3.229
30 8 6 2.744 2.845     2.710
30 9 6 1.687 2.126     1.979
30 10 6 0.171 2.381     4.647
30 1 7 0.832 0.418     2.602
30 2 7 0.739 0.595     3.852
30 3 7 0.614 0.975     3.934
30 4 7 1.390 1.522     3.501
30 5 7 2.306 1.933     2.618
30 6 7 2.119 1.954     2.745
30 7 7 2.510 2.303     2.401
30 8 7 2.567 2.782     1.920
30 9 7 0.947 2.199     2.755
30 10 7 -0.121 2.501     4.348
30 1 8 0.931 0.329     2.079
30 2 8 0.968 0.626     3.610
30 3 8 1.056 1.204     4.052
30 4 8 1.822 1.553     3.853
30 5 8 2.192 1.350     2.713
30 6 8 2.025 1.366     3.033
30 7 8 2.681 2.157     2.471
30 8 8 2.312 2.454     1.732
30 9 8 0.536 2.522     2.848
30 10 8 -0.459 2.704     4.000
30 1 9 1.020 0.251    -0.485
30 2 9 1.291 0.454     0.798
30 3 9 1.379 0.782     1.688
30 4 9 1.931 0.600     1.666
30 5 9 2.405 0.423     0.972
30 6 9 2.588 1.241     0.766
30 7 9 2.858 2.037     0.369
30 8 9 1.791 2.506     0.054
30 9 9 -0.131 2.850     1.265
30 10 9 -0.944 3.043     1.040
31 1 1 3.404 -3.537    -0.046
31 2 1 2.779 -2.412     1.884
31 3 1 2.154 -0.912     3.754
31 4 1 1.529 0.213     3.289
31 5 1 0.529 2.213     3.064
31 6 1 0.029 2.338     3.811
31 7 1 0.779 1.463     3.643
31 8 1 1.154 1.088     3.176
31 9 1 1.279 0.463     3.268
31 10 1 1.029 -0.037     3.164
31 1 2 3.279 -4.037     0.263
31 2 2 2.779 -2.162    -2.285
31 3 2 2.404 -0.662     4.164
31 4 2 1.654 0.338     3.757
31 5 2 0.404 1.963    -0.333
31 6 2 -0.096 2.463     6.073
31 7 2 0.529 1.963     3.707
31 8 2 1.029 1.213     1.917
31 9 2 0.779 0.713     4.357
31 10 2 0.779 -0.162     4.233
31 1 3 3.904 -3.912     0.446
31 2 3 3.654 -1.787     1.015
31 3 3 2.904 -0.162     3.704
31 4 3 1.654 1.088     4.823
31 5 3 0.404 2.338     5.287
31 6 3 -0.096 2.838     5.253
31 7 3 0.154 2.463     3.538
31 8 3 0.529 1.338     2.620
31 9 3 0.404 0.713     3.691
31 10 3 0.279 -0.037     5.098
31 1 4 4.029 -3.537     0.615
31 2 4 3.529 -1.287    -2.088
31 3 4 2.404 0.713     4.339
31 4 4 1.029 1.963     6.447
31 5 4 0.154 2.713     5.300
31 6 4 -0.221 2.963     5.114
31 7 4 -0.346 2.588     3.439
31 8 4 -0.221 1.463     2.267
31 9 4 -0.221 0.588     3.060
31 10 4 0.029 0.213     5.251
31 1 5 3.779 -2.912     1.281
31 2 5 2.779 -0.662     3.747
31 3 5 1.404 1.338     5.877
31 4 5 0.154 2.463     6.592
31 5 5 -0.471 2.838     5.081
31 6 5 -0.596 2.713     4.002
31 7 5 -0.971 2.338     3.331
31 8 5 -0.971 1.713     2.467
31 9 5 -0.721 0.963     2.738
31 10 5 -0.096 0.713     4.352
31 1 6 3.154 -2.412     1.455
31 2 6 2.279 -0.537     4.306
31 3 6 1.029 1.588     5.961
31 4 6 -0.096 2.838     5.450
31 5 6 -0.846 3.088     3.167
31 6 6 -1.346 2.838     2.947
31 7 6 -1.471 2.213     3.224
31 8 6 -1.346 1.963     2.778
31 9 6 -0.846 1.588     1.966
31 10 6 -0.096 1.463     4.786
31 1 7 2.904 -1.787     2.485
31 2 7 2.529 -0.537     3.866
31 3 7 1.654 1.213     3.839
31 4 7 0.529 2.463     3.485
31 5 7 -0.846 2.713     2.579
31 6 7 -1.846 2.963     2.682
31 7 7 -1.846 2.463     2.362
31 8 7 -1.596 2.463     1.758
31 9 7 -0.971 2.213     2.581
31 10 7 -0.221 1.963     4.407
31 1 8 2.904 -1.537     1.992
31 2 8 2.904 -0.787     3.573
31 3 8 2.154 0.463     4.078
31 4 8 0.779 1.338     4.013
31 5 8 -0.846 1.838     2.816
31 6 8 -1.971 2.588     2.896
31 7 8 -1.971 2.713     2.411
31 8 8 -1.596 2.713     1.550
31 9 8 -1.221 2.588     2.580
31 10 8 -0.721 2.088     4.022
31 1 9 2.779 -1.787    -0.627
31 2 9 2.904 -1.287     0.686
31 3 9 2.279 -0.412     1.604
31 4 9 1.029 0.213     1.685
31 5 9 -0.721 1.213     0.951
31 6 9 -1.971 2.088     0.628
31 7 9 -2.221 2.463     0.236
31 8 9 -2.096 2.588    -0.191
31 9 9 -1.596 2.338     1.111
31 10 9 -1.096 1.588     0.969
