0 1 1 2.060 -3.139     0.987
0 2 1 1.831 -1.478     1.168
0 3 1 1.409 -1.207     1.182
0 4 1 2.274 -0.858     1.155
0 5 1 2.399 1.491     1.147
0 6 1 1.737 1.460     1.161
0 7 1 3.221 -0.681     1.122
0 8 1 3.680 0.460     1.102
0 9 1 3.550 0.538     1.098
0 10 1 3.331 0.225     1.125
0 1 2 2.393 -2.884     0.989
0 2 2 1.820 -0.832     1.203
0 3 2 2.102 -0.421     1.163
0 4 2 2.492 -0.603     1.160
0 5 2 2.091 -0.540     1.171
0 6 2 1.237 0.283     1.221
0 7 2 2.768 -1.072     1.133
0 8 2 3.716 -0.504     1.109
0 9 2 2.451 1.413     1.151
0 10 2 2.263 1.501     1.160
0 1 3 3.253 -2.504     0.972
0 2 3 2.664 -0.441     1.161
0 3 3 2.607 0.480     1.137
0 4 3 2.164 -0.191     1.183
0 5 3 1.675 -1.160     1.177
0 6 3 0.904 0.257     1.236
0 7 3 1.451 -0.868     1.194
0 8 3 3.175 -1.301     1.131
0 9 3 1.779 0.954     1.200
0 10 3 0.487 1.866     1.196
0 1 4 3.258 -1.775     0.991
0 2 4 2.503 -0.181     1.168
0 3 4 2.102 0.960     1.160
0 4 4 1.143 0.585     1.219
0 5 4 1.690 -0.368     1.196
0 6 4 1.138 0.538     1.229
0 7 4 0.565 0.538     1.254
0 8 4 2.909 -0.868     1.147
0 9 4 1.742 0.111     1.208
0 10 4 -0.565 1.548     1.215
0 1 5 2.867 -2.077     0.989
0 2 5 1.633 -0.197     1.205
0 3 5 1.138 1.210     1.207
0 4 5 0.414 1.199     1.225
0 5 5 1.373 -0.165     1.230
0 6 5 1.675 0.277     1.207
0 7 5 0.815 1.590     1.204
0 8 5 2.669 0.152     1.165
0 9 5 1.956 -0.092     1.204
0 10 5 -0.669 1.293     1.221
0 1 6 1.680 -2.337     1.000
0 2 6 1.279 -0.796     1.216
0 3 6 0.763 0.741     1.248
0 4 6 0.143 0.454     1.272
0 5 6 1.300 -0.624     1.223
0 6 6 2.060 -0.025     1.191
0 7 6 1.419 0.856     1.211
0 8 6 2.274 0.981     1.167
0 9 6 1.883 0.314     1.202
0 10 6 -0.404 1.355     1.223
0 1 7 0.951 -1.493     1.085
0 2 7 1.409 -1.129     1.203
0 3 7 0.628 -0.395     1.262
0 4 7 0.346 -0.431     1.264
0 5 7 2.044 -0.306     1.196
0 6 7 2.279 -0.176     1.184
0 7 7 1.925 -0.212     1.198
0 8 7 2.123 0.663     1.190
0 9 7 0.930 0.605     1.237
0 10 7 -0.404 1.480     1.216
0 1 8 0.753 -1.770     1.088
0 2 8 1.091 -1.618     1.197
0 3 8 0.393 -0.566     1.261
0 4 8 0.904 0.168     1.242
0 5 8 2.477 0.189     1.161
0 6 8 2.190 -0.212     1.193
0 7 8 2.034 -0.249     1.192
0 8 8 1.919 0.064     1.195
0 9 8 0.346 0.704     1.252
0 10 8 -0.831 1.428     1.210
0 1 9 0.492 -2.103     0.921
0 2 9 1.279 -2.066     1.017
0 3 9 0.805 -0.671     1.086
0 4 9 1.039 0.132     1.087
0 5 9 2.227 -0.520     1.027
0 6 9 2.143 -0.238     1.040
0 7 9 2.018 0.048     1.041
0 8 9 1.404 0.335     1.069
0 9 9 -0.430 0.939     1.087
0 10 9 -1.492 1.355     1.038
1 1 1 2.593 -3.652     0.965
1 2 1 2.390 -2.293     1.319
1 3 1 2.088 -1.668     1.357
1 4 1 2.780 -1.116     1.290
1 5 1 2.994 1.061     1.310
1 6 1 2.583 0.957     1.319
1 7 1 4.010 -0.928     1.220
1 8 1 4.577 0.218     1.190
1 9 1 4.572 0.285     1.185
1 10 1 4.452 0.051     1.217
1 1 2 2.744 -3.220     0.980
1 2 2 2.385 -1.574     1.401
1 3 2 2.655 -0.959     1.323
1 4 2 2.916 -0.975     1.305
1 5 2 2.640 -0.772     1.367
1 6 2 2.067 0.030     1.443
1 7 2 3.713 -1.053     1.253
1 8 2 4.812 -0.558     1.178
1 9 2 3.791 1.301     1.266
1 10 2 3.692 1.499     1.283
1 1 3 3.421 -2.741     0.960
1 2 3 3.145 -1.090     1.304
1 3 3 3.093 -0.194     1.285
1 4 3 2.676 -0.652     1.347
1 5 3 2.322 -1.267     1.368
1 6 3 1.770 0.202     1.476
1 7 3 2.609 -0.579     1.379
1 8 3 4.515 -1.022     1.223
1 9 3 3.280 1.212     1.346
1 10 3 2.030 2.155     1.368
1 1 4 3.395 -2.105     0.993
1 2 4 2.916 -0.756     1.364
1 3 4 2.619 0.301     1.324
1 4 4 1.885 0.103     1.440
1 5 4 2.317 -0.480     1.399
1 6 4 1.926 0.546     1.455
1 7 4 1.885 0.765     1.473
1 8 4 4.270 -0.392     1.258
1 9 4 3.077 0.619     1.370
1 10 4 0.749 1.968     1.442
1 1 5 3.119 -2.137     0.992
1 2 5 2.135 -0.485     1.395
1 3 5 1.734 0.738     1.432
1 4 5 1.317 0.791     1.472
1 5 5 2.088 -0.220     1.453
1 6 5 2.390 0.504     1.408
1 7 5 1.978 1.811     1.395
1 8 5 3.874 0.645     1.295
1 9 5 3.041 0.541     1.364
1 10 5 0.312 1.780     1.466
1 1 6 2.129 -2.053     1.048
1 2 6 1.640 -0.569     1.453
1 3 6 0.963 0.791     1.514
1 4 6 0.723 0.389     1.582
1 5 6 2.056 -0.381     1.442
1 6 6 2.718 0.608     1.385
1 7 6 2.312 1.509     1.404
1 8 6 3.317 1.692     1.310
1 9 6 2.770 1.046     1.376
1 10 6 0.327 1.916     1.461
1 1 7 1.530 -1.084     1.176
1 2 7 1.478 -0.449     1.445
1 3 7 0.442 0.405     1.578
1 4 7 0.473 0.072     1.582
1 5 7 2.416 0.150     1.408
1 6 7 2.598 0.551     1.380
1 7 7 2.447 0.775     1.402
1 8 7 2.952 1.702     1.343
1 9 7 1.739 1.546     1.441
1 10 7 0.291 2.160     1.439
1 1 8 1.254 -1.110     1.197
1 2 8 1.228 -0.678     1.466
1 3 8 0.437 0.488     1.581
1 4 8 1.056 0.728     1.520
1 5 8 2.499 0.541     1.362
1 6 8 2.135 0.223     1.424
1 7 8 2.244 0.530     1.406
1 8 8 2.473 1.009     1.386
1 9 8 1.103 1.718     1.473
1 10 8 -0.037 2.311     1.420
1 1 9 0.806 -1.413     0.869
1 2 9 1.447 -1.256     1.084
1 3 9 1.109 0.082     1.194
1 4 9 1.369 0.416     1.182
1 5 9 2.181 -0.303     1.084
1 6 9 1.916 -0.017     1.105
1 7 9 2.072 0.447     1.094
1 8 9 1.911 0.926     1.109
1 9 9 0.390 1.780     1.158
1 10 9 -0.615 2.358     1.082
2 1 1 1.818 -1.299     0.940
2 2 1 2.021 -0.169     1.411
2 3 1 1.974 0.029     1.447
2 4 1 2.599 0.284     1.321
2 5 1 3.161 1.695     1.302
2 6 1 3.068 1.284     1.305
2 7 1 4.047 -0.305     1.173
2 8 1 4.489 0.607     1.124
2 9 1 4.552 0.612     1.115
2 10 1 4.292 0.497     1.175
2 1 2 1.958 -1.070     0.955
2 2 2 2.062 0.096     1.510
2 3 2 2.453 0.300     1.364
2 4 2 2.594 0.164     1.339
2 5 2 2.594 0.352     1.434
2 6 2 2.562 0.779     1.462
2 7 2 4.015 -0.169     1.196
2 8 2 4.760 0.195     1.098
2 9 2 4.005 1.872     1.197
2 10 2 3.812 1.940     1.219
2 1 3 2.646 -0.898     0.910
2 2 3 2.880 0.216     1.340
2 3 3 2.958 0.596     1.297
2 4 3 2.625 0.128     1.395
2 5 3 2.463 -0.154     1.424
2 6 3 2.271 1.039     1.518
2 7 3 3.114 0.268     1.378
2 8 3 4.536 -0.128     1.169
2 9 3 3.323 2.112     1.312
2 10 3 2.167 2.800     1.351
2 1 4 2.870 -0.596     0.932
2 2 4 2.818 0.331     1.415
2 3 4 2.703 0.977     1.333
2 4 4 2.271 0.648     1.490
2 5 4 2.677 0.326     1.438
2 6 4 2.318 1.300     1.495
2 7 4 2.443 1.367     1.501
2 8 4 4.281 0.175     1.217
2 9 4 2.682 1.492     1.393
2 10 4 0.484 2.789     1.479
2 1 5 2.880 -0.685     0.920
2 2 5 2.271 0.518     1.443
2 3 5 2.052 1.497     1.459
2 4 5 1.948 1.435     1.513
2 5 5 2.552 0.508     1.497
2 6 5 2.583 1.227     1.442
2 7 5 2.292 2.185     1.406
2 8 5 3.786 0.831     1.270
2 9 5 2.354 1.003     1.431
2 10 5 -0.344 2.529     1.516
2 1 6 2.281 -0.763     1.014
2 2 6 1.880 0.529     1.530
2 3 6 1.370 1.951     1.563
2 4 6 1.338 1.430     1.665
2 5 6 2.401 0.258     1.500
2 6 6 2.620 1.133     1.412
2 7 6 2.125 1.784     1.441
2 8 6 2.901 1.680     1.325
2 9 6 1.859 1.143     1.462
2 10 6 -0.584 2.414     1.513
2 1 7 1.896 -0.133     1.126
2 2 7 1.698 0.747     1.538
2 3 7 0.635 1.872     1.664
2 4 7 0.693 1.081     1.709
2 5 7 2.338 0.425     1.479
2 6 7 2.187 0.721     1.461
2 7 7 1.792 0.820     1.505
2 8 7 2.026 1.534     1.416
2 9 7 0.604 1.445     1.565
2 10 7 -0.698 2.451     1.495
2 1 8 1.672 -0.195     1.184
2 2 8 1.396 0.508     1.581
2 3 8 0.443 1.820     1.680
2 4 8 0.932 1.409     1.627
2 5 8 2.125 0.638     1.449
2 6 8 1.495 0.195     1.561
2 7 8 1.281 0.294     1.556
2 8 8 1.265 0.794     1.518
2 9 8 -0.084 1.721     1.585
2 10 8 -0.927 2.581     1.461
2 1 9 1.062 -0.586     0.821
2 2 9 1.500 -0.232     1.166
2 3 9 1.073 1.190     1.262
2 4 9 1.250 1.096     1.246
2 5 9 1.703 0.003     1.157
2 6 9 1.057 -0.039     1.204
2 7 9 0.864 0.227     1.213
2 8 9 0.531 0.888     1.213
2 9 9 -0.766 2.044     1.197
2 10 9 -1.417 2.836     1.069
3 1 1 0.538 1.919     0.863
3 2 1 1.267 2.033     1.369
3 3 1 1.413 1.174     1.419
3 4 1 1.809 1.007     1.277
3 5 1 2.543 1.768     1.225
3 6 1 2.752 0.945     1.213
3 7 1 3.418 -0.337     1.080
3 8 1 3.721 0.382     1.014
3 9 1 3.851 0.361     0.992
3 10 1 3.960 0.064     1.052
3 1 2 0.793 2.023     0.925
3 2 2 1.424 1.898     1.525
3 3 2 1.804 1.158     1.383
3 4 2 1.731 0.804     1.381
3 5 2 1.908 0.939     1.478
3 6 2 2.273 0.851     1.462
3 7 2 3.424 -0.019     1.157
3 8 2 3.918 0.236     1.046
3 9 2 3.434 1.466     1.144
3 10 2 3.601 1.346     1.153
3 1 3 1.429 1.955     0.873
3 2 3 2.174 1.533     1.361
3 3 3 2.345 1.049     1.291
3 4 3 1.939 0.497     1.436
3 5 3 1.804 0.367     1.473
3 6 3 1.882 1.137     1.533
3 7 3 2.627 0.403     1.372
3 8 3 3.642 0.096     1.120
3 9 3 2.835 1.830     1.271
3 10 3 2.267 2.143     1.315
3 1 4 1.694 1.851     0.888
3 2 4 2.168 1.215     1.434
3 3 4 2.345 1.044     1.326
3 4 4 1.971 0.596     1.520
3 5 4 2.080 0.387     1.472
3 6 4 1.903 1.158     1.515
3 7 4 2.085 1.205     1.503
3 8 4 3.398 0.335     1.171
3 9 4 2.252 1.429     1.393
3 10 4 0.809 2.174     1.493
3 1 5 1.872 1.382     0.876
3 2 5 1.898 1.038     1.442
3 3 5 1.971 1.346     1.461
3 4 5 1.856 1.117     1.536
3 5 5 2.028 0.346     1.533
3 6 5 2.148 0.976     1.457
3 7 5 2.028 1.778     1.404
3 8 5 3.049 0.856     1.230
3 9 5 1.934 1.101     1.464
3 10 5 0.049 2.018     1.540
3 1 6 1.575 0.773     1.006
3 2 6 1.700 0.992     1.551
3 3 6 1.549 1.861     1.552
3 4 6 1.361 1.221     1.703
3 5 6 1.882 0.205     1.544
3 6 6 2.189 1.054     1.439
3 7 6 1.971 1.564     1.458
3 8 6 2.471 1.731     1.297
3 9 6 1.523 1.283     1.505
3 10 6 -0.290 2.012     1.539
3 1 7 1.575 0.632     1.096
3 2 7 1.543 1.184     1.573
3 3 7 0.736 1.945     1.680
3 4 7 0.569 1.096     1.791
3 5 7 1.856 0.533     1.528
3 6 7 1.872 0.898     1.514
3 7 7 1.762 1.049     1.558
3 8 7 1.929 1.799     1.423
3 9 7 0.455 1.606     1.619
3 10 7 -0.530 2.158     1.510
3 1 8 1.726 0.502     1.156
3 2 8 1.288 1.075     1.635
3 3 8 0.330 2.028     1.696
3 4 8 0.585 1.497     1.695
3 5 8 1.663 0.893     1.502
3 6 8 1.361 0.580     1.655
3 7 8 1.283 0.804     1.627
3 8 8 1.163 1.257     1.587
3 9 8 -0.217 1.955     1.612
3 10 8 -0.873 2.377     1.449
3 1 9 1.257 0.242     0.832
3 2 9 1.278 0.544     1.242
3 3 9 0.799 1.669     1.312
3 4 9 0.898 1.434     1.324
3 5 9 1.366 0.377     1.257
3 6 9 0.965 0.403     1.322
3 7 9 0.726 0.669     1.334
3 8 9 0.200 1.304     1.326
3 9 9 -0.977 2.257     1.227
3 10 9 -1.384 2.700     1.058
4 1 1 0.772 -0.360     0.857
4 2 1 1.506 -0.397     1.398
4 3 1 1.282 -0.433     1.468
4 4 1 1.657 -0.245     1.297
4 5 1 2.371 0.551     1.207
4 6 1 2.371 0.260     1.175
4 7 1 2.871 -0.787     1.030
4 8 1 3.131 0.036     0.966
4 9 1 3.444 0.015     0.925
4 10 1 3.730 -0.287     0.959
4 1 2 1.277 -0.381     0.896
4 2 2 1.673 -0.308     1.532
4 3 2 1.860 -0.324     1.390
4 4 2 1.954 -0.334     1.381
4 5 2 2.199 -0.219     1.460
4 6 2 2.157 0.067     1.442
4 7 2 2.668 -0.714     1.117
4 8 2 2.834 -0.376     0.997
4 9 2 2.365 0.562     1.123
4 10 2 2.595 0.411     1.113
4 1 3 2.183 -0.386     0.806
4 2 3 2.569 -0.318     1.336
4 3 3 2.563 -0.022     1.255
4 4 3 2.277 -0.313     1.410
4 5 3 2.157 -0.574     1.447
4 6 3 1.918 0.213     1.513
4 7 3 1.761 -0.537     1.361
4 8 3 1.928 -0.964     1.100
4 9 3 1.303 0.114     1.322
4 10 3 1.152 0.322     1.366
4 1 4 2.470 -0.188     0.809
4 2 4 2.558 -0.068     1.376
4 3 4 2.537 0.426     1.287
4 4 4 2.058 0.182     1.495
4 5 4 2.225 -0.178     1.448
4 6 4 1.829 0.348     1.508
4 7 4 1.032 0.098     1.545
4 8 4 1.287 -0.980     1.180
4 9 4 0.751 -0.631     1.463
4 10 4 0.313 -0.329     1.604
4 1 5 2.475 -0.324     0.788
4 2 5 2.089 0.301     1.423
4 3 5 2.006 1.015     1.429
4 4 5 1.699 0.932     1.525
4 5 5 1.855 0.057     1.523
4 6 5 1.641 0.249     1.448
4 7 5 0.678 0.619     1.461
4 8 5 0.886 -0.485     1.280
4 9 5 0.673 -0.891     1.524
4 10 5 0.152 -0.777     1.609
4 1 6 1.761 -0.495     0.942
4 2 6 1.694 0.390     1.553
4 3 6 1.449 1.494     1.534
4 4 6 1.022 1.057     1.717
4 5 6 1.199 -0.058     1.561
4 6 6 1.126 0.239     1.469
4 7 6 0.292 0.390     1.531
4 8 6 0.454 0.244     1.364
4 9 6 0.699 -0.610     1.564
4 10 6 0.308 -0.699     1.600
4 1 7 1.428 -0.068     1.059
4 2 7 1.579 0.624     1.578
4 3 7 0.782 1.489     1.680
4 4 7 0.157 0.843     1.848
4 5 7 0.824 0.218     1.587
4 6 7 0.589 0.213     1.582
4 7 7 0.084 0.046     1.687
4 8 7 0.319 0.322     1.520
4 9 7 0.360 -0.287     1.723
4 10 7 0.501 -0.459     1.596
4 1 8 1.376 -0.011     1.112
4 2 8 1.334 0.562     1.649
4 3 8 0.371 1.458     1.716
4 4 8 0.032 1.156     1.734
4 5 8 0.527 0.713     1.562
4 6 8 0.121 0.249     1.768
4 7 8 0.011 0.176     1.775
4 8 8 0.350 0.114     1.722
4 9 8 0.329 -0.048     1.745
4 10 8 0.438 -0.433     1.551
4 1 9 0.907 -0.214     0.805
4 2 9 1.194 0.093     1.276
4 3 9 0.688 1.140     1.344
4 4 9 0.287 1.187     1.357
4 5 9 0.272 0.494     1.314
4 6 9 -0.124 0.421     1.420
4 7 9 -0.067 0.421     1.436
4 8 9 0.110 0.411     1.444
4 9 9 -0.004 0.103     1.351
4 10 9 -0.004 -0.579     1.155
5 1 1 1.993 -3.188     0.861
5 2 1 1.675 -1.891     1.512
5 3 1 1.139 -0.985     1.631
5 4 1 1.982 -0.599     1.415
5 5 1 2.399 0.583     1.342
5 6 1 1.696 0.641     1.338
5 7 1 1.915 -0.521     1.188
5 8 1 1.883 -0.177     1.136
5 9 1 1.566 -0.656     1.109
5 10 1 1.347 -1.349     1.130
5 1 2 2.123 -2.625     0.911
5 2 2 1.592 -1.115     1.665
5 3 2 1.670 -0.380     1.544
5 4 2 2.263 -0.396     1.495
5 5 2 2.258 -0.656     1.559
5 6 2 1.399 -0.151     1.636
5 7 2 1.441 -0.682     1.297
5 8 2 1.498 -0.672     1.186
5 9 2 0.753 -0.641     1.338
5 10 2 0.654 -1.245     1.307
5 1 3 2.639 -2.021     0.836
5 2 3 2.248 -0.724     1.499
5 3 3 2.154 0.109     1.384
5 4 3 1.982 -0.162     1.558
5 5 3 1.732 -0.906     1.595
5 6 3 1.154 -0.261     1.732
5 7 3 0.711 -0.750     1.581
5 8 3 0.836 -1.302     1.281
5 9 3 0.217 -1.125     1.538
5 10 3 -0.023 -1.453     1.550
5 1 4 2.388 -1.552     0.857
5 2 4 1.967 -0.563     1.494
5 3 4 1.810 0.364     1.452
5 4 4 1.139 0.255     1.703
5 5 4 1.467 -0.307     1.632
5 6 4 1.206 -0.063     1.726
5 7 4 0.170 -0.318     1.820
5 8 4 0.472 -1.479     1.362
5 9 4 0.107 -1.589     1.663
5 10 4 -0.309 -1.620     1.771
5 1 5 1.951 -1.917     0.829
5 2 5 1.305 -0.526     1.612
5 3 5 1.206 0.463     1.635
5 4 5 0.586 0.588     1.762
5 5 5 0.967 -0.151     1.746
5 6 5 1.060 -0.307     1.674
5 7 5 -0.101 -0.115     1.750
5 8 5 0.217 -1.250     1.486
5 9 5 0.326 -1.667     1.707
5 10 5 -0.164 -1.568     1.783
5 1 6 1.055 -1.927     0.964
5 2 6 1.149 -0.714     1.755
5 3 6 0.982 0.234     1.770
5 4 6 0.269 0.057     2.016
5 5 6 0.493 -0.662     1.789
5 6 6 0.675 -0.610     1.710
5 7 6 -0.190 -0.667     1.779
5 8 6 0.071 -0.761     1.606
5 9 6 0.545 -1.406     1.748
5 10 6 0.159 -1.276     1.800
5 1 7 0.717 -1.083     1.176
5 2 7 1.326 -0.677     1.774
5 3 7 0.790 -0.302     1.916
5 4 7 0.014 -0.646     2.109
5 5 7 0.560 -0.771     1.828
5 6 7 0.467 -0.771     1.815
5 7 7 -0.018 -1.073     1.913
5 8 7 0.243 -0.708     1.758
5 9 7 0.378 -1.083     1.932
5 10 7 0.461 -0.953     1.825
5 1 8 0.743 -1.250     1.220
5 2 8 1.118 -1.047     1.824
5 3 8 0.456 -0.469     1.979
5 4 8 0.149 -0.307     2.020
5 5 8 0.727 -0.292     1.803
5 6 8 0.347 -0.594     2.020
5 7 8 0.165 -0.781     2.026
5 8 8 0.508 -0.776     1.956
5 9 8 0.513 -0.714     1.992
5 10 8 0.581 -0.755     1.787
5 1 9 0.550 -1.703     0.750
5 2 9 1.139 -1.656     1.280
5 3 9 0.670 -0.662     1.414
5 4 9 0.399 -0.115     1.477
5 5 9 0.638 -0.448     1.403
5 6 9 0.222 -0.344     1.536
5 7 9 0.243 -0.287     1.562
5 8 9 0.566 -0.302     1.539
5 9 9 0.404 -0.359     1.463
5 10 9 0.378 -0.745     1.240
6 1 1 2.913 -5.361     0.861
6 2 1 2.230 -2.408     1.669
6 3 1 1.548 -0.741     1.876
6 4 1 2.053 -0.017     1.645
6 5 1 2.298 2.207     1.529
6 6 1 2.012 1.780     1.507
6 7 1 3.163 -0.054     1.367
6 8 1 3.835 0.477     1.296
6 9 1 4.095 0.373     1.252
6 10 1 4.178 0.082     1.272
6 1 2 3.100 -5.069     0.907
6 2 2 2.116 -1.814     1.819
6 3 2 2.007 -0.236     1.767
6 4 2 2.100 0.175     1.739
6 5 2 1.767 0.675     1.793
6 6 2 1.475 1.061     1.893
6 7 2 2.897 -0.075     1.492
6 8 2 3.913 0.035     1.326
6 9 2 3.408 1.274     1.481
6 10 2 3.533 1.306     1.445
6 1 3 3.673 -4.507     0.857
6 2 3 2.658 -1.387     1.711
6 3 3 2.262 0.389     1.589
6 4 3 1.803 0.446     1.816
6 5 3 1.434 0.019     1.893
6 6 3 1.257 1.029     2.004
6 7 3 1.996 0.066     1.823
6 8 3 3.298 -0.564     1.451
6 9 3 2.533 1.149     1.752
6 10 3 1.855 1.816     1.775
6 1 4 3.553 -3.543     0.907
6 2 4 2.277 -1.017     1.666
6 3 4 1.767 0.785     1.702
6 4 4 1.106 0.972     1.990
6 5 4 1.428 0.457     1.915
6 6 4 1.376 1.097     2.001
6 7 4 1.355 0.743     2.104
6 8 4 2.803 -0.668     1.562
6 9 4 1.809 0.285     1.937
6 10 4 0.345 1.493     2.068
6 1 5 3.090 -3.335     0.883
6 2 5 1.371 -0.757     1.877
6 3 5 0.954 1.076     1.925
6 4 5 0.730 1.467     2.036
6 5 5 1.272 0.488     2.050
6 6 5 1.569 0.743     1.954
6 7 5 1.204 1.259     2.026
6 8 5 2.277 -0.335     1.732
6 9 5 1.512 -0.325     1.999
6 10 5 -0.301 0.993     2.121
6 1 6 1.913 -3.148     1.008
6 2 6 0.882 -1.017     2.058
6 3 6 0.574 0.878     2.108
6 4 6 0.449 0.795     2.362
6 5 6 1.090 -0.262     2.117
6 6 6 1.465 0.253     2.004
6 7 6 1.022 0.613     2.099
6 8 6 1.527 0.196     1.904
6 9 6 1.215 -0.366     2.067
6 10 6 -0.348 0.681     2.162
6 1 7 1.220 -2.606     1.295
6 2 7 0.944 -1.502     2.054
6 3 7 0.402 -0.231     2.301
6 4 7 0.225 -0.497     2.486
6 5 7 1.236 -0.710     2.130
6 6 7 1.194 -0.319     2.125
6 7 7 0.788 -0.377     2.259
6 8 7 0.991 0.003     2.095
6 9 7 0.444 -0.205     2.325
6 10 7 -0.296 0.608     2.199
6 1 8 0.887 -3.491     1.290
6 2 8 0.949 -2.731     1.990
6 3 8 0.283 -1.184     2.300
6 4 8 0.480 -0.747     2.373
6 5 8 1.392 -0.616     2.086
6 6 8 0.861 -0.611     2.343
6 7 8 0.423 -0.611     2.386
6 8 8 0.595 -0.465     2.321
6 9 8 0.137 -0.038     2.425
6 10 8 -0.389 0.550     2.160
6 1 9 0.647 -4.049     0.596
6 2 9 1.512 -3.679     1.171
6 3 9 0.986 -1.950     1.408
6 4 9 0.850 -0.991     1.534
6 5 9 1.288 -1.111     1.425
6 6 9 0.543 -0.663     1.620
6 7 9 0.178 -0.413     1.676
6 8 9 0.251 -0.226     1.667
6 9 9 -0.280 0.186     1.590
6 10 9 -0.780 0.483     1.322
7 1 1 3.999 -6.054     0.841
7 2 1 3.061 -3.168     1.763
7 3 1 2.061 -1.038     2.110
7 4 1 2.337 -0.007     1.892
7 5 1 2.301 2.644     1.718
7 6 1 1.941 2.061     1.720
7 7 1 3.061 0.217     1.591
7 8 1 3.577 0.806     1.477
7 9 1 3.634 0.623     1.441
7 10 1 3.405 0.358     1.486
7 1 2 4.160 -5.845     0.877
7 2 2 2.869 -2.418     1.883
7 3 2 2.441 -0.449     2.005
7 4 2 2.254 0.285     1.994
7 5 2 1.582 1.092     2.050
7 6 2 1.306 1.399     2.171
7 7 2 2.858 0.264     1.713
7 8 2 3.738 0.337     1.500
7 9 2 3.098 1.686     1.662
7 10 2 3.066 1.702     1.632
7 1 3 4.733 -5.382     0.843
7 2 3 3.363 -1.949     1.880
7 3 3 2.540 0.217     1.822
7 4 3 1.634 0.660     2.117
7 5 3 1.072 0.524     2.251
7 6 3 1.035 1.478     2.303
7 7 3 1.915 0.514     2.100
7 8 3 3.254 -0.199     1.650
7 9 3 2.259 1.754     1.977
7 10 3 1.494 2.384     1.989
7 1 4 4.405 -4.481     0.918
7 2 4 2.770 -1.559     1.786
7 3 4 1.790 0.618     1.995
7 4 4 0.733 1.181     2.325
7 5 4 1.025 0.900     2.261
7 6 4 1.181 1.493     2.276
7 7 4 1.280 1.202     2.397
7 8 4 2.796 -0.210     1.798
7 9 4 1.494 0.941     2.256
7 10 4 -0.184 2.196     2.328
7 1 5 3.650 -4.173     0.907
7 2 5 1.624 -1.314     2.143
7 3 5 0.822 0.774     2.291
7 4 5 0.212 1.384     2.374
7 5 5 0.816 0.566     2.422
7 6 5 1.509 0.983     2.255
7 7 5 1.264 1.623     2.294
7 8 5 2.342 0.222     1.997
7 9 5 1.186 0.358     2.363
7 10 5 -0.928 1.785     2.389
7 1 6 2.186 -3.720     1.032
7 2 6 1.030 -1.590     2.346
7 3 6 0.467 0.321     2.528
7 4 6 0.025 0.285     2.830
7 5 6 0.900 -0.429     2.501
7 6 6 1.681 0.441     2.319
7 7 6 1.254 0.962     2.423
7 8 6 1.723 0.983     2.197
7 9 6 0.941 0.519     2.452
7 10 6 -1.069 1.676     2.437
7 1 7 1.405 -2.798     1.411
7 2 7 1.119 -1.882     2.326
7 3 7 0.332 -0.783     2.702
7 4 7 0.103 -1.002     2.869
7 5 7 1.546 -0.804     2.433
7 6 7 1.613 -0.236     2.443
7 7 7 1.176 -0.106     2.630
7 8 7 1.285 0.790     2.423
7 9 7 -0.012 0.853     2.737
7 10 7 -1.105 1.738     2.458
7 1 8 0.921 -3.554     1.380
7 2 8 0.921 -2.866     2.177
7 3 8 0.129 -1.356     2.645
7 4 8 0.504 -0.793     2.765
7 5 8 1.827 -0.663     2.377
7 6 8 1.327 -0.778     2.669
7 7 8 1.035 -0.632     2.742
7 8 8 0.853 -0.012     2.726
7 9 8 -0.600 1.160     2.774
7 10 8 -1.387 1.915     2.387
7 1 9 0.556 -4.038     0.465
7 2 9 1.348 -3.637     1.096
7 3 9 0.785 -1.778     1.438
7 4 9 0.775 -0.804     1.618
7 5 9 1.525 -1.231     1.451
7 6 9 0.978 -0.970     1.685
7 7 9 0.671 -0.705     1.769
7 8 9 0.207 0.071     1.827
7 9 9 -1.241 1.441     1.604
7 10 9 -1.835 2.139     1.268
8 1 1 5.094 -6.925     0.805
8 2 1 4.037 -4.206     1.795
8 3 1 2.875 -1.774     2.293
8 4 1 3.058 -0.430     2.108
8 5 1 2.761 2.955     1.915
8 6 1 2.276 2.799     1.909
8 7 1 3.480 0.961     1.807
8 8 1 4.063 1.455     1.647
8 9 1 4.068 1.185     1.624
8 10 1 3.532 0.856     1.735
8 1 2 5.344 -6.800     0.826
8 2 2 3.985 -3.435     1.834
8 3 2 3.381 -1.060     2.174
8 4 2 3.115 0.018     2.208
8 5 2 2.136 1.283     2.307
8 6 2 1.427 2.002     2.441
8 7 2 2.995 0.919     1.947
8 8 2 4.125 0.882     1.680
8 9 2 3.594 2.190     1.825
8 10 2 3.391 2.143     1.826
8 1 3 6.063 -6.394     0.799
8 2 3 4.745 -2.930     1.934
8 3 3 3.625 -0.284     2.000
8 4 3 2.443 0.674     2.389
8 5 3 1.500 0.685     2.620
8 6 3 0.990 2.023     2.600
8 7 3 1.917 1.185     2.390
8 8 3 3.667 0.424     1.859
8 9 3 2.922 2.393     2.167
8 10 3 2.084 3.034     2.178
8 1 4 5.667 -5.404     0.890
8 2 4 3.969 -2.243     1.813
8 3 4 2.610 0.351     2.251
8 4 4 1.245 1.461     2.661
8 5 4 1.302 1.252     2.615
8 6 4 1.120 2.049     2.576
8 7 4 1.224 1.935     2.687
8 8 4 3.172 0.533     2.045
8 9 4 2.136 1.752     2.536
8 10 4 0.438 3.060     2.545
8 1 5 4.724 -4.826     0.901
8 2 5 2.474 -1.628     2.358
8 3 5 1.334 0.627     2.677
8 4 5 0.459 1.768     2.730
8 5 5 0.829 1.117     2.830
8 6 5 1.349 1.455     2.596
8 7 5 1.188 2.242     2.577
8 8 5 2.526 0.872     2.284
8 9 5 1.480 1.086     2.718
8 10 5 -0.578 2.659     2.644
8 1 6 2.980 -3.993     1.055
8 2 6 1.594 -1.743     2.635
8 3 6 0.698 0.101     3.021
8 4 6 0.037 0.497     3.356
8 5 6 0.568 -0.065     3.006
8 6 6 1.302 0.752     2.723
8 7 6 1.167 1.356     2.792
8 8 6 1.714 1.289     2.538
8 9 6 0.881 0.997     2.890
8 10 6 -0.979 2.367     2.710
8 1 7 1.933 -2.696     1.531
8 2 7 1.401 -1.779     2.639
8 3 7 0.370 -0.831     3.177
8 4 7 -0.161 -0.951     3.338
8 5 7 0.922 -0.706     2.874
8 6 7 1.120 -0.019     2.896
8 7 7 0.980 0.185     3.099
8 8 7 1.042 1.002     2.824
8 9 7 -0.187 1.143     3.184
8 10 7 -1.140 2.195     2.741
8 1 8 1.396 -3.060     1.519
8 2 8 1.167 -2.289     2.464
8 3 8 0.063 -0.883     3.129
8 4 8 0.016 -0.477     3.293
8 5 8 1.016 -0.467     2.832
8 6 8 0.745 -0.550     3.146
8 7 8 0.610 -0.368     3.238
8 8 8 0.480 0.304     3.248
8 9 8 -0.703 1.336     3.171
8 10 8 -1.416 2.159     2.657
8 1 9 0.969 -3.466     0.363
8 2 9 1.526 -2.899     1.095
8 3 9 0.594 -0.925     1.551
8 4 9 0.026 -0.050     1.812
8 5 9 0.417 -0.883     1.578
8 6 9 0.141 -0.888     1.824
8 7 9 0.131 -0.534     1.936
8 8 9 -0.125 0.372     2.011
8 9 9 -1.234 1.580     1.629
8 10 9 -1.859 2.372     1.235
9 1 1 1.757 -0.396     0.757
9 2 1 1.997 0.276     1.801
9 3 1 1.898 0.656     2.253
9 4 1 2.221 1.057     2.024
9 5 1 2.747 2.479     1.755
9 6 1 3.017 1.932     1.711
9 7 1 3.835 0.557     1.623
9 8 1 4.080 1.104     1.452
9 9 1 4.142 0.927     1.427
9 10 1 3.866 0.635     1.558
9 1 2 1.773 0.088     0.810
9 2 2 2.023 0.749     1.803
9 3 2 2.184 0.989     2.124
9 4 2 2.007 1.124     2.162
9 5 2 2.054 1.505     2.188
9 6 2 2.523 1.650     2.302
9 7 2 3.840 0.765     1.765
9 8 2 4.205 0.864     1.504
9 9 2 3.611 2.093     1.644
9 10 2 3.622 1.994     1.646
9 1 3 2.335 0.328     0.759
9 2 3 2.658 0.890     1.897
9 3 3 2.408 1.328     1.927
9 4 3 1.736 1.354     2.363
9 5 3 1.674 1.281     2.597
9 6 3 2.012 1.947     2.489
9 7 3 2.887 1.161     2.249
9 8 3 3.851 0.635     1.702
9 9 3 2.918 2.395     2.002
9 10 3 2.231 2.812     2.017
9 1 4 2.283 0.593     0.843
9 2 4 2.283 0.984     1.735
9 3 4 1.945 1.718     2.177
9 4 4 1.293 1.895     2.617
9 5 4 1.502 1.661     2.575
9 6 4 1.627 2.098     2.488
9 7 4 2.054 1.937     2.569
9 8 4 3.382 0.723     1.910
9 9 4 2.168 1.692     2.440
9 10 4 0.642 2.661     2.463
9 1 5 1.892 0.421     0.862
9 2 5 1.434 1.046     2.379
9 3 5 1.174 2.166     2.597
9 4 5 0.903 2.427     2.641
9 5 5 1.137 1.541     2.830
9 6 5 1.564 1.906     2.531
9 7 5 1.653 2.359     2.469
9 8 5 2.762 1.015     2.187
9 9 5 1.741 0.999     2.674
9 10 5 -0.191 2.218     2.621
9 1 6 0.991 0.432     1.072
9 2 6 0.809 1.161     2.690
9 3 6 0.523 2.552     2.911
9 4 6 0.236 2.265     3.273
9 5 6 0.918 1.114     3.060
9 6 6 1.455 1.786     2.682
9 7 6 1.377 1.916     2.730
9 8 6 2.085 1.677     2.450
9 9 6 1.346 0.994     2.916
9 10 6 -0.555 1.953     2.709
9 1 7 0.543 0.911     1.534
9 2 7 0.476 1.624     2.680
9 3 7 -0.170 2.604     3.049
9 4 7 -0.425 1.958     3.305
9 5 7 0.825 1.275     2.924
9 6 7 0.976 1.406     2.920
9 7 7 1.043 1.150     3.144
9 8 7 1.517 1.494     2.757
9 9 7 0.278 1.182     3.289
9 10 7 -0.795 1.895     2.731
9 1 8 0.267 0.828     1.536
9 2 8 0.043 1.479     2.531
9 3 8 -0.519 2.411     3.036
9 4 8 -0.493 2.052     3.243
9 5 8 0.356 1.437     2.889
9 6 8 0.221 0.770     3.301
9 7 8 0.533 0.588     3.382
9 8 8 0.856 0.708     3.336
9 9 8 -0.332 1.421     3.239
9 10 8 -1.118 2.020     2.622
9 1 9 -0.441 0.770     0.357
9 2 9 -0.154 1.005     1.201
9 3 9 -0.358 1.682     1.596
9 4 9 -0.805 1.421     1.859
9 5 9 -0.555 0.395     1.714
9 6 9 -0.436 0.088     1.984
9 7 9 0.002 0.078     2.132
9 8 9 0.054 0.541     2.163
9 9 9 -1.024 1.583     1.642
9 10 9 -1.566 2.249     1.220
10 1 1 -0.133 2.007     0.681
10 2 1 0.643 1.897     1.740
10 3 1 0.638 1.012     2.228
10 4 1 1.211 0.866     1.986
10 5 1 1.945 1.231     1.672
10 6 1 2.013 0.361     1.633
10 7 1 3.148 -1.097     1.446
10 8 1 3.669 -0.280     1.268
10 9 1 3.679 -0.222     1.243
10 10 1 3.732 -0.452     1.361
10 1 2 0.070 1.923     0.785
10 2 2 0.706 1.585     1.759
10 3 2 0.992 0.965     2.147
10 4 2 1.023 0.715     2.206
10 5 2 1.331 0.538     2.156
10 6 2 1.565 0.184     2.313
10 7 2 2.893 -0.837     1.651
10 8 2 3.794 -0.577     1.341
10 9 2 3.101 0.746     1.530
10 10 2 2.935 0.804     1.544
10 1 3 0.591 1.762     0.739
10 2 3 1.341 1.101     1.925
10 3 3 1.534 0.835     1.923
10 4 3 1.174 0.335     2.409
10 5 3 1.185 0.121     2.648
10 6 3 1.278 0.673     2.510
10 7 3 1.877 -0.233     2.221
10 8 3 3.226 -0.702     1.566
10 9 3 2.502 0.825     1.922
10 10 3 1.497 1.408     1.982
10 1 4 0.643 1.741     0.818
10 2 4 1.263 0.877     1.712
10 3 4 1.591 0.851     2.161
10 4 4 1.211 0.496     2.644
10 5 4 1.461 0.283     2.589
10 6 4 1.320 0.908     2.492
10 7 4 1.185 0.851     2.581
10 8 4 2.685 -0.248     1.814
10 9 4 2.049 0.408     2.398
10 10 4 0.372 1.330     2.488
10 1 5 0.706 1.319     0.842
10 2 5 0.966 0.897     2.420
10 3 5 1.258 1.200     2.581
10 4 5 1.060 0.939     2.657
10 5 5 1.252 0.153     2.866
10 6 5 1.435 0.726     2.539
10 7 5 1.023 1.423     2.460
10 8 5 2.200 0.298     2.140
10 9 5 1.872 0.168     2.598
10 10 5 -0.008 1.085     2.684
10 1 6 0.273 0.892     1.070
10 2 6 0.659 0.970     2.742
10 3 6 0.601 1.621     2.886
10 4 6 0.169 0.871     3.370
10 5 6 0.815 -0.009     3.163
10 6 6 1.237 0.741     2.704
10 7 6 0.935 0.918     2.766
10 8 6 1.721 0.830     2.422
10 9 6 1.612 0.231     2.914
10 10 6 -0.050 0.892     2.796
10 1 7 0.185 0.840     1.558
10 2 7 0.273 1.252     2.727
10 3 7 -0.404 1.809     3.001
10 4 7 -0.810 1.121     3.316
10 5 7 0.549 0.840     2.997
10 6 7 0.706 0.809     2.994
10 7 7 0.721 0.309     3.261
10 8 7 1.419 0.611     2.730
10 9 7 0.763 0.267     3.404
10 10 7 -0.138 0.767     2.833
10 1 8 0.133 0.559     1.583
10 2 8 -0.159 1.090     2.589
10 3 8 -0.836 1.991     2.954
10 4 8 -0.888 1.965     3.143
10 5 8 0.008 1.548     2.890
10 6 8 -0.086 0.601     3.448
10 7 8 0.336 0.215     3.549
10 8 8 1.091 0.116     3.375
10 9 8 0.429 0.345     3.389
10 10 8 -0.383 0.679     2.724
10 1 9 -0.477 0.559     0.368
10 2 9 -0.216 0.825     1.289
10 3 9 -0.373 1.559     1.620
10 4 9 -0.888 1.616     1.863
10 5 9 -0.800 0.658     1.793
10 6 9 -0.675 0.106     2.100
10 7 9 0.133 0.142     2.301
10 8 9 0.706 0.335     2.260
10 9 9 -0.128 0.559     1.748
10 10 9 -0.925 0.585     1.279
11 1 1 0.232 1.652     0.621
11 2 1 1.065 1.527     1.736
11 3 1 1.492 1.115     2.191
11 4 1 2.039 1.235     1.889
11 5 1 2.502 1.678     1.577
11 6 1 2.648 1.006     1.506
11 7 1 3.690 -0.145     1.278
11 8 1 4.206 0.391     1.099
11 9 1 4.034 0.298     1.085
11 10 1 3.502 0.115     1.251
11 1 2 0.440 1.563     0.778
11 2 2 1.242 1.444     1.731
11 3 2 1.888 1.194     2.117
11 4 2 2.049 1.032     2.155
11 5 2 2.107 1.011     2.040
11 6 2 2.320 0.990     2.234
11 7 2 3.706 0.360     1.514
11 8 2 4.633 0.423     1.185
11 9 2 3.898 1.464     1.388
11 10 2 3.289 1.371     1.454
11 1 3 0.893 1.397     0.732
11 2 3 1.794 1.209     1.946
11 3 3 2.268 1.157     1.876
11 4 3 2.190 0.782     2.350
11 5 3 2.107 0.772     2.601
11 6 3 2.127 1.501     2.417
11 7 3 3.112 1.131     2.062
11 8 3 4.617 0.855     1.366
11 9 3 3.695 2.157     1.745
11 10 3 2.331 2.334     1.882
11 1 4 1.091 1.459     0.801
11 2 4 1.778 1.121     1.652
11 3 4 2.185 1.235     2.098
11 4 4 2.055 1.048     2.568
11 5 4 2.331 1.016     2.509
11 6 4 2.237 1.704     2.385
11 7 4 2.758 2.141     2.371
11 8 4 4.539 1.641     1.562
11 9 4 3.372 2.324     2.174
11 10 4 1.357 2.793     2.363
11 1 5 1.320 1.350     0.810
11 2 5 1.554 1.225     2.413
11 3 5 1.784 1.610     2.502
11 4 5 1.810 1.563     2.584
11 5 5 2.195 1.069     2.774
11 6 5 2.539 1.803     2.390
11 7 5 2.877 2.756     2.215
11 8 5 4.242 2.313     1.854
11 9 5 3.122 2.350     2.236
11 10 5 0.893 3.006     2.531
11 1 6 1.133 1.147     1.043
11 2 6 1.315 1.386     2.710
11 3 6 1.242 2.131     2.792
11 4 6 1.179 1.829     3.289
11 5 6 2.117 1.423     3.028
11 6 6 2.773 2.334     2.467
11 7 6 2.987 2.808     2.477
11 8 6 3.789 3.178     2.084
11 9 6 2.752 2.652     2.660
11 10 6 0.711 3.225     2.613
11 1 7 1.263 1.136     1.497
11 2 7 1.273 1.647     2.692
11 3 7 0.638 2.485     2.882
11 4 7 0.742 2.355     3.190
11 5 7 2.216 2.391     2.771
11 6 7 2.544 2.600     2.739
11 7 7 2.924 2.813     2.918
11 8 7 3.388 3.433     2.193
11 9 7 1.825 3.022     3.140
11 10 7 0.581 3.444     2.618
11 1 8 1.466 0.964     1.512
11 2 8 1.299 1.641     2.562
11 3 8 0.679 2.761     2.813
11 4 8 1.028 2.917     2.942
11 5 8 1.966 2.605     2.690
11 6 8 2.081 2.329     3.222
11 7 8 2.742 2.871     3.037
11 8 8 2.825 3.235     2.816
11 9 8 1.346 3.490     3.087
11 10 8 0.336 3.688     2.496
11 1 9 1.159 0.720     0.359
11 2 9 1.403 1.240     1.342
11 3 9 1.216 2.313     1.612
11 4 9 1.310 2.277     1.836
11 5 9 1.862 1.626     1.775
11 6 9 2.206 2.105     2.019
11 7 9 2.716 2.876     1.983
11 8 9 2.185 3.501     1.938
11 9 9 0.622 3.886     1.561
11 10 9 -0.216 3.964     1.178
12 1 1 1.721 -0.630     0.586
12 2 1 2.169 -0.145     1.774
12 3 1 2.398 -0.057     2.144
12 4 1 2.820 0.126     1.808
12 5 1 3.127 1.287     1.534
12 6 1 3.309 0.834     1.434
12 7 1 4.221 -0.234     1.187
12 8 1 4.544 0.485     1.008
12 9 1 4.705 0.480     0.984
12 10 1 4.356 0.402     1.155
12 1 2 1.929 -0.463     0.729
12 2 2 2.336 0.027     1.641
12 3 2 2.835 0.048     2.026
12 4 2 3.106 -0.166     2.033
12 5 2 3.117 0.079     1.795
12 6 2 3.117 0.391     2.127
12 7 2 4.299 -0.124     1.375
12 8 2 4.804 0.287     1.068
12 9 2 4.179 1.605     1.270
12 10 2 3.862 1.725     1.340
12 1 3 2.424 -0.176     0.668
12 2 3 2.934 0.131     1.926
12 3 3 3.221 0.272     1.765
12 4 3 3.216 -0.182     2.219
12 5 3 3.174 -0.380     2.458
12 6 3 2.997 0.527     2.314
12 7 3 3.830 0.209     1.891
12 8 3 4.966 0.120     1.207
12 9 3 3.809 1.876     1.617
12 10 3 2.554 2.469     1.779
12 1 4 2.492 0.173     0.728
12 2 4 2.856 0.292     1.489
12 3 4 2.997 0.631     1.983
12 4 4 2.846 0.339     2.457
12 5 4 3.242 0.131     2.371
12 6 4 3.002 0.870     2.279
12 7 4 3.440 1.188     2.197
12 8 4 5.210 0.532     1.354
12 9 4 3.773 1.506     1.993
12 10 4 1.388 2.574     2.282
12 1 5 2.487 0.042     0.719
12 2 5 2.434 0.459     2.347
12 3 5 2.450 1.053     2.420
12 4 5 2.502 1.068     2.500
12 5 5 3.080 0.574     2.623
12 6 5 3.289 1.173     2.242
12 7 5 3.419 2.126     2.032
12 8 5 5.117 1.350     1.603
12 9 5 3.950 1.423     1.849
12 10 5 0.981 2.626     2.446
12 1 6 2.153 -0.374     0.931
12 2 6 2.174 0.292     2.678
12 3 6 1.908 1.303     2.760
12 4 6 1.981 1.219     3.221
12 5 6 3.044 0.740     2.847
12 6 6 3.570 1.454     2.267
12 7 6 3.606 2.141     2.239
12 8 6 4.700 2.480     1.790
12 9 6 3.763 1.954     2.399
12 10 6 0.757 2.912     2.503
12 1 7 2.039 -0.249     1.398
12 2 7 2.174 0.245     2.679
12 3 7 1.440 1.136     2.906
12 4 7 1.643 1.016     3.184
12 5 7 3.257 1.001     2.583
12 6 7 3.617 1.199     2.515
12 7 7 3.898 1.579     2.629
12 8 7 4.362 2.652     1.668
12 9 7 2.700 2.532     2.892
12 10 7 0.502 3.339     2.461
12 1 8 1.966 -0.478     1.417
12 2 8 2.013 -0.046     2.568
12 3 8 1.414 1.068     2.841
12 4 8 2.096 1.115     2.891
12 5 8 3.460 0.938     2.494
12 6 8 3.617 0.740     2.959
12 7 8 4.059 1.214     2.558
12 8 8 3.851 2.016     2.289
12 9 8 1.737 2.975     2.874
12 10 8 -0.138 3.787     2.299
12 1 9 1.539 -0.989     0.286
12 2 9 2.112 -0.843     1.348
12 3 9 1.898 0.417     1.638
12 4 9 2.539 0.594     1.792
12 5 9 3.622 0.162     1.645
12 6 9 3.835 0.725     1.849
12 7 9 4.080 1.287     1.622
12 8 9 3.096 2.058     1.670
12 9 9 0.591 3.292     1.427
12 10 9 -1.024 4.214     1.040
13 1 1 2.054 -1.613     0.572
13 2 1 1.908 -0.572     1.844
13 3 1 1.595 -0.358     2.201
13 4 1 2.189 -0.139     1.814
13 5 1 2.585 0.949     1.561
13 6 1 2.330 0.736     1.445
13 7 1 3.080 -0.452     1.191
13 8 1 3.403 0.189     1.014
13 9 1 3.496 0.106     0.987
13 10 1 3.470 -0.197     1.154
13 1 2 2.038 -1.405     0.709
13 2 2 1.866 -0.207     1.618
13 3 2 2.064 0.074     2.043
13 4 2 2.179 0.079     2.047
13 5 2 2.090 0.043     1.723
13 6 2 1.903 0.314     2.176
13 7 2 2.788 -0.384     1.386
13 8 2 3.299 -0.056     1.075
13 9 2 2.809 0.991     1.289
13 10 2 2.898 0.918     1.344
13 1 3 2.413 -1.129     0.646
13 2 3 2.429 -0.103     1.969
13 3 3 2.549 0.455     1.744
13 4 3 2.142 0.210     2.245
13 5 3 1.715 -0.171     2.520
13 6 3 1.502 0.600     2.393
13 7 3 1.908 0.027     1.950
13 8 3 2.856 -0.269     1.228
13 9 3 2.241 1.090     1.654
13 10 3 1.772 1.481     1.817
13 1 4 2.262 -0.671     0.713
13 2 4 2.231 -0.051     1.426
13 3 4 2.351 0.699     1.967
13 4 4 1.757 0.647     2.502
13 5 4 1.726 0.309     2.437
13 6 4 1.460 0.856     2.356
13 7 4 1.273 0.850     2.295
13 8 4 2.470 -0.165     1.396
13 9 4 1.897 0.553     2.061
13 10 4 0.887 1.439     2.359
13 1 5 2.075 -0.769     0.695
13 2 5 1.731 0.022     2.400
13 3 5 1.793 0.965     2.441
13 4 5 1.392 1.074     2.560
13 5 5 1.418 0.288     2.715
13 6 5 1.470 0.564     2.328
13 7 5 1.095 1.173     2.122
13 8 5 2.049 0.074     1.671
13 9 5 1.772 0.152     1.846
13 10 5 0.543 1.251     2.554
13 1 6 1.465 -0.936     0.893
13 2 6 1.523 -0.139     2.756
13 3 6 1.418 1.027     2.818
13 4 6 0.861 0.710     3.358
13 5 6 0.981 -0.264     2.992
13 6 6 1.205 0.137     2.401
13 7 6 0.929 0.434     2.390
13 8 6 1.627 0.428     1.879
13 9 6 1.684 0.147     2.493
13 10 6 0.507 1.147     2.624
13 1 7 1.252 -0.624     1.402
13 2 7 1.700 -0.228     2.743
13 3 7 1.075 0.501     3.029
13 4 7 0.273 -0.040     3.447
13 5 7 0.903 -0.394     2.732
13 6 7 0.897 -0.280     2.677
13 7 7 0.783 -0.467     2.792
13 8 7 1.361 0.178     1.719
13 9 7 1.090 0.277     3.038
13 10 7 0.418 1.194     2.584
13 1 8 1.272 -1.066     1.404
13 2 8 1.460 -0.796     2.638
13 3 8 0.549 0.033     3.055
13 4 8 0.127 0.059     3.158
13 5 8 0.804 -0.098     2.668
13 6 8 0.668 -0.566     3.126
13 7 8 0.736 -0.796     2.668
13 8 8 1.163 -0.342     2.354
13 9 8 0.705 0.517     3.047
13 10 8 0.033 1.283     2.417
13 1 9 1.007 -1.556     0.218
13 2 9 1.408 -1.535     1.343
13 3 9 0.700 -0.499     1.718
13 4 9 0.127 -0.056     1.941
13 5 9 0.325 -0.592     1.737
13 6 9 0.299 -0.874     1.924
13 7 9 0.746 -0.863     1.640
13 8 9 0.986 -0.217     1.713
13 9 9 0.210 0.767     1.506
13 10 9 -0.602 1.418     1.075
14 1 1 0.769 1.085     0.524
14 2 1 1.071 1.096     1.849
14 3 1 1.050 0.512     2.209
14 4 1 1.696 0.523     1.771
14 5 1 2.149 1.340     1.500
14 6 1 1.993 0.679     1.391
14 7 1 2.894 -0.738     1.094
14 8 1 3.243 -0.055     0.929
14 9 1 3.201 -0.154     0.904
14 10 1 3.092 -0.467     1.070
14 1 2 0.774 1.148     0.681
14 2 2 1.019 1.096     1.558
14 3 2 1.457 0.705     2.036
14 4 2 1.644 0.361     2.045
14 5 2 1.670 0.153     1.604
14 6 2 1.603 0.205     2.177
14 7 2 2.675 -0.587     1.320
14 8 2 3.311 -0.279     1.000
14 9 2 2.545 0.846     1.243
14 10 2 2.384 0.726     1.308
14 1 3 1.196 1.122     0.610
14 2 3 1.670 0.851     1.988
14 3 3 1.998 0.788     1.688
14 4 3 1.748 0.122     2.241
14 5 3 1.509 -0.295     2.530
14 6 3 1.337 0.465     2.426
14 7 3 1.847 -0.087     1.939
14 8 3 2.905 -0.352     1.164
14 9 3 1.941 1.049     1.641
14 10 3 1.082 1.346     1.823
14 1 4 1.139 1.236     0.672
14 2 4 1.623 0.762     1.333
14 3 4 1.983 0.934     1.906
14 4 4 1.566 0.465     2.502
14 5 4 1.702 0.132     2.429
14 6 4 1.405 0.788     2.367
14 7 4 1.290 0.892     2.311
14 8 4 2.556 0.049     1.356
14 9 4 1.556 0.674     2.082
14 10 4 0.035 1.377     2.398
14 1 5 1.149 0.950     0.647
14 2 5 1.337 0.861     2.386
14 3 5 1.566 1.325     2.388
14 4 5 1.358 1.153     2.539
14 5 5 1.566 0.361     2.714
14 6 5 1.524 0.773     2.325
14 7 5 1.129 1.471     2.118
14 8 5 2.181 0.517     1.648
14 9 5 1.451 0.403     1.811
14 10 5 -0.319 1.247     2.604
14 1 6 0.780 0.590     0.850
14 2 6 1.144 0.898     2.767
14 3 6 1.061 1.752     2.768
14 4 6 0.780 1.247     3.370
14 5 6 1.285 0.293     3.024
14 6 6 1.420 0.793     2.412
14 7 6 1.056 1.028     2.416
14 8 6 1.764 0.976     1.864
14 9 6 1.358 0.455     2.536
14 10 6 -0.293 1.226     2.668
14 1 7 0.754 0.648     1.381
14 2 7 1.009 1.038     2.762
14 3 7 0.410 1.741     3.001
14 4 7 0.118 1.070     3.513
14 5 7 1.165 0.606     2.773
14 6 7 1.123 0.585     2.727
14 7 7 1.030 0.330     2.867
14 8 7 1.488 0.731     1.661
14 9 7 0.649 0.580     3.146
14 10 7 -0.304 1.247     2.633
14 1 8 0.988 0.377     1.379
14 2 8 0.873 0.752     2.698
14 3 8 0.139 1.596     3.058
14 4 8 0.181 1.267     3.195
14 5 8 0.962 0.778     2.715
14 6 8 0.738 0.210     3.239
14 7 8 0.889 0.080     2.718
14 8 8 1.181 0.179     2.339
14 9 8 0.254 0.736     3.160
14 10 8 -0.569 1.299     2.447
14 1 9 0.754 0.080     0.200
14 2 9 0.993 0.137     1.422
14 3 9 0.483 0.950     1.783
14 4 9 0.264 0.767     2.036
14 5 9 0.597 -0.019     1.841
14 6 9 0.509 -0.097     2.054
14 7 9 0.743 0.012     1.709
14 8 9 0.696 0.247     1.793
14 9 9 -0.356 0.861     1.579
14 10 9 -1.095 1.330     1.095
15 1 1 0.810 0.821     0.481
15 2 1 1.024 0.571     1.886
15 3 1 0.899 0.186     2.233
15 4 1 1.675 0.379     1.728
15 5 1 2.201 1.175     1.446
15 6 1 1.967 0.686     1.342
15 7 1 3.039 -0.793     1.004
15 8 1 3.555 -0.059     0.827
15 9 1 3.748 -0.090     0.792
15 10 1 3.940 -0.434     0.950
15 1 2 0.894 1.045     0.637
15 2 2 1.034 0.800     1.496
15 3 2 1.368 0.530     2.023
15 4 2 1.628 0.321     2.023
15 5 2 1.737 0.071     1.447
15 6 2 1.576 0.186     2.172
15 7 2 2.789 -0.741     1.237
15 8 2 3.701 -0.398     0.890
15 9 2 3.102 0.858     1.153
15 10 2 3.118 0.754     1.215
15 1 3 1.388 1.087     0.552
15 2 3 1.784 0.707     1.988
15 3 3 1.972 0.691     1.632
15 4 3 1.685 0.134     2.231
15 5 3 1.534 -0.267     2.523
15 6 3 1.284 0.550     2.446
15 7 3 1.883 -0.174     1.913
15 8 3 3.331 -0.470     1.057
15 9 3 2.529 1.009     1.576
15 10 3 1.581 1.321     1.789
15 1 4 1.373 1.181     0.609
15 2 4 1.753 0.665     1.194
15 3 4 1.940 0.879     1.843
15 4 4 1.446 0.498     2.494
15 5 4 1.649 0.186     2.418
15 6 4 1.336 0.920     2.364
15 7 4 1.258 1.019     2.309
15 8 4 2.982 0.040     1.270
15 9 4 2.123 0.608     2.037
15 10 4 0.388 1.290     2.433
15 1 5 1.414 0.826     0.575
15 2 5 1.394 0.743     2.368
15 3 5 1.440 1.274     2.332
15 4 5 1.128 1.149     2.529
15 5 5 1.394 0.316     2.728
15 6 5 1.493 0.853     2.310
15 7 5 1.190 1.764     2.069
15 8 5 2.524 0.582     1.587
15 9 5 1.940 0.295     1.694
15 10 5 0.065 1.056     2.666
15 1 6 0.904 0.415     0.781
15 2 6 1.060 0.748     2.782
15 3 6 0.737 1.639     2.737
15 4 6 0.362 1.097     3.415
15 5 6 1.144 0.207     3.066
15 6 6 1.555 0.863     2.397
15 7 6 1.211 1.217     2.404
15 8 6 1.998 1.087     1.821
15 9 6 1.800 0.306     2.522
15 10 6 0.138 0.905     2.747
15 1 7 0.680 0.556     1.351
15 2 7 0.748 0.931     2.797
15 3 7 -0.080 1.629     2.980
15 4 7 -0.310 1.050     3.565
15 5 7 1.138 0.785     2.787
15 6 7 1.289 0.800     2.731
15 7 7 1.185 0.420     2.907
15 8 7 1.706 0.722     1.561
15 9 7 1.019 0.342     3.213
15 10 7 0.180 0.941     2.700
15 1 8 0.743 0.342     1.358
15 2 8 0.503 0.727     2.779
15 3 8 -0.289 1.649     3.033
15 4 8 -0.065 1.582     3.186
15 5 8 0.982 1.233     2.703
15 6 8 0.805 0.550     3.318
15 7 8 0.993 0.181     2.750
15 8 8 1.446 0.071     2.250
15 9 8 0.696 0.483     3.258
15 10 8 -0.065 1.040     2.510
15 1 9 0.383 0.118     0.180
15 2 9 0.633 0.181     1.505
15 3 9 0.237 1.066     1.833
15 4 9 0.071 1.118     2.086
15 5 9 0.472 0.368     1.941
15 6 9 0.461 0.201     2.165
15 7 9 0.868 0.134     1.744
15 8 9 1.045 0.222     1.797
15 9 9 0.144 0.670     1.652
15 10 9 -0.664 1.040     1.130
16 1 1 2.023 -1.451     0.464
16 2 1 2.007 -0.909     1.940
16 3 1 1.804 -0.644     2.260
16 4 1 2.492 -0.248     1.710
16 5 1 2.773 0.981     1.477
16 6 1 2.367 0.820     1.345
16 7 1 3.455 -0.654     1.000
16 8 1 3.893 0.226     0.833
16 9 1 4.075 0.169     0.790
16 10 1 4.169 -0.144     0.938
16 1 2 2.080 -1.144     0.613
16 2 2 1.950 -0.410     1.419
16 3 2 2.278 -0.144     2.018
16 4 2 2.611 -0.238     2.004
16 5 2 2.486 -0.295     1.261
16 6 2 2.002 0.189     2.218
16 7 2 3.210 -0.753     1.230
16 8 2 4.033 -0.321     0.878
16 9 2 3.278 1.158     1.151
16 10 2 3.273 1.091     1.215
16 1 3 2.554 -0.847     0.524
16 2 3 2.664 -0.180     2.015
16 3 3 2.783 0.314     1.600
16 4 3 2.539 -0.206     2.215
16 5 3 2.273 -0.722     2.516
16 6 3 1.768 0.382     2.519
16 7 3 2.273 -0.394     1.945
16 8 3 3.684 -0.691     1.049
16 9 3 2.596 1.137     1.605
16 10 3 1.596 1.710     1.840
16 1 4 2.533 -0.472     0.579
16 2 4 2.523 0.002     1.054
16 3 4 2.518 0.637     1.829
16 4 4 1.992 0.304     2.527
16 5 4 2.309 -0.160     2.434
16 6 4 1.835 0.700     2.429
16 7 4 1.591 0.778     2.395
16 8 4 3.356 -0.347     1.270
16 9 4 2.205 0.533     2.092
16 10 4 0.309 1.601     2.532
16 1 5 2.388 -0.758     0.527
16 2 5 1.940 0.117     2.398
16 3 5 1.809 1.018     2.369
16 4 5 1.528 0.955     2.598
16 5 5 2.033 0.044     2.773
16 6 5 2.039 0.585     2.351
16 7 5 1.460 1.585     2.121
16 8 5 2.908 0.236     1.603
16 9 5 2.174 0.085     1.650
16 10 5 -0.019 1.283     2.796
16 1 6 1.643 -1.034     0.690
16 2 6 1.502 -0.081     2.872
16 3 6 1.044 1.153     2.838
16 4 6 0.794 0.653     3.588
16 5 6 1.747 -0.279     3.120
16 6 6 2.023 0.387     2.455
16 7 6 1.440 0.929     2.500
16 8 6 2.304 0.742     1.869
16 9 6 2.075 0.064     2.581
16 10 6 0.101 1.059     2.916
16 1 7 1.174 -0.607     1.358
16 2 7 1.387 -0.102     2.915
16 3 7 0.450 0.695     3.172
16 4 7 0.231 0.111     3.850
16 5 7 1.747 -0.144     2.858
16 6 7 1.731 -0.003     2.812
16 7 7 1.460 -0.191     3.024
16 8 7 2.007 0.288     1.544
16 9 7 1.216 0.127     3.362
16 10 7 0.085 0.997     2.872
16 1 8 1.018 -0.977     1.362
16 2 8 1.080 -0.571     2.917
16 3 8 0.216 0.492     3.267
16 4 8 0.455 0.471     3.407
16 5 8 1.596 0.117     2.796
16 6 8 1.221 -0.357     3.451
16 7 8 1.325 -0.529     2.811
16 8 8 1.721 -0.436     2.183
16 9 8 0.731 0.210     3.475
16 10 8 -0.316 0.986     2.682
16 1 9 0.596 -1.409     0.119
16 2 9 1.153 -1.357     1.532
16 3 9 0.658 -0.107     1.950
16 4 9 0.507 0.221     2.221
16 5 9 1.039 -0.623     2.012
16 6 9 0.809 -0.592     2.264
16 7 9 1.127 -0.467     1.759
16 8 9 1.216 -0.253     1.790
16 9 9 0.002 0.356     1.793
16 10 9 -1.029 0.960     1.190
17 1 1 2.672 -2.162     0.448
17 2 1 2.693 -0.901     1.994
17 3 1 2.495 -0.594     2.270
17 4 1 3.000 -0.224     1.707
17 5 1 3.219 1.609     1.519
17 6 1 3.062 1.281     1.339
17 7 1 4.120 -0.297     0.993
17 8 1 4.547 0.594     0.851
17 9 1 4.635 0.635     0.810
17 10 1 4.318 0.526     0.979
17 1 2 2.781 -1.907     0.583
17 2 2 2.682 -0.511     1.253
17 3 2 2.963 -0.209     2.003
17 4 2 3.068 -0.282     1.994
17 5 2 2.818 0.015     1.056
17 6 2 2.609 0.474     2.233
17 7 2 3.974 -0.464     1.205
17 8 2 4.635 -0.047     0.891
17 9 2 3.849 1.578     1.165
17 10 2 3.750 1.760     1.225
17 1 3 3.401 -1.636     0.490
17 2 3 3.401 -0.313     2.043
17 3 3 3.385 0.239     1.578
17 4 3 2.969 -0.203     2.221
17 5 3 2.646 -0.604     2.531
17 6 3 2.344 0.547     2.582
17 7 3 2.989 -0.287     1.963
17 8 3 4.146 -0.745     1.072
17 9 3 2.927 1.380     1.661
17 10 3 1.927 2.245     1.887
17 1 4 3.411 -1.162     0.544
17 2 4 3.151 -0.130     0.854
17 3 4 2.969 0.656     1.832
17 4 4 2.385 0.375     2.561
17 5 4 2.672 -0.068     2.458
17 6 4 2.271 0.802     2.498
17 7 4 2.146 0.666     2.486
17 8 4 3.703 -0.688     1.300
17 9 4 2.224 0.422     2.208
17 10 4 0.177 1.859     2.665
17 1 5 3.167 -1.313     0.475
17 2 5 2.380 -0.052     2.426
17 3 5 2.167 1.047     2.418
17 4 5 1.953 1.088     2.671
17 5 5 2.437 0.083     2.827
17 6 5 2.375 0.604     2.422
17 7 5 1.833 1.437     2.218
17 8 5 3.130 -0.115     1.663
17 9 5 1.932 -0.209     1.696
17 10 5 -0.531 1.307     2.974
17 1 6 2.271 -1.469     0.555
17 2 6 1.875 -0.349     2.971
17 3 6 1.432 1.057     2.970
17 4 6 1.318 0.640     3.739
17 5 6 2.177 -0.521     3.173
17 6 6 2.276 0.187     2.541
17 7 6 1.526 0.771     2.647
17 8 6 2.203 0.500     1.989
17 9 6 1.573 -0.214     2.749
17 10 6 -0.604 1.021     3.134
17 1 7 1.693 -0.875     1.344
17 2 7 1.672 -0.391     3.051
17 3 7 0.750 0.401     3.425
17 4 7 0.635 -0.344     4.122
17 5 7 2.109 -0.813     2.919
17 6 7 1.859 -0.568     2.932
17 7 7 1.224 -0.573     3.217
17 8 7 1.437 0.036     1.656
17 9 7 0.453 -0.094     3.685
17 10 7 -0.688 0.953     3.092
17 1 8 1.359 -1.375     1.359
17 2 8 1.208 -0.959     3.069
17 3 8 0.302 0.094     3.604
17 4 8 0.672 -0.240     3.682
17 5 8 1.844 -0.740     2.903
17 6 8 1.193 -1.172     3.589
17 7 8 0.828 -1.209     2.926
17 8 8 0.854 -0.844     2.268
17 9 8 -0.214 0.031     3.839
17 10 8 -1.052 1.000     2.864
17 1 9 0.849 -2.047     0.040
17 2 9 1.297 -1.808     1.548
17 3 9 0.693 -0.417     2.085
17 4 9 0.599 -0.323     2.375
17 5 9 1.109 -1.375     2.057
17 6 9 0.542 -1.427     2.330
17 7 9 0.432 -1.250     1.789
17 8 9 0.323 -0.745     1.867
17 9 9 -0.787 0.245     1.916
17 10 9 -1.651 1.146     1.230
18 1 1 1.906 -0.675     0.402
18 2 1 2.121 0.339     2.017
18 3 1 2.094 0.638     2.261
18 4 1 2.663 0.964     1.646
18 5 1 3.260 2.492     1.427
18 6 1 3.330 1.964     1.215
18 7 1 4.163 0.492     0.918
18 8 1 4.614 1.145     0.769
18 9 1 4.962 1.061     0.714
18 10 1 5.010 0.811     0.865
18 1 2 1.885 -0.230     0.568
18 2 2 2.094 0.749     1.096
18 3 2 2.455 0.915     1.983
18 4 2 2.649 0.853     1.961
18 5 2 2.739 1.110     0.754
18 6 2 2.948 1.332     2.142
18 7 2 4.309 0.408     1.121
18 8 2 4.885 0.561     0.822
18 9 2 4.364 2.124     1.063
18 10 2 4.420 2.221     1.108
18 1 3 2.281 0.096     0.466
18 2 3 2.594 0.943     2.060
18 3 3 2.642 1.207     1.555
18 4 3 2.448 0.846     2.217
18 5 3 2.482 0.554     2.515
18 6 3 2.607 1.367     2.508
18 7 3 3.517 0.568     1.866
18 8 3 4.788 0.027     0.985
18 9 3 3.739 2.117     1.565
18 10 3 2.719 2.936     1.772
18 1 4 2.121 0.277     0.522
18 2 4 2.205 0.936     0.700
18 3 4 2.219 1.409     1.822
18 4 4 1.989 1.138     2.566
18 5 4 2.469 0.790     2.439
18 6 4 2.357 1.443     2.460
18 7 4 2.753 1.415     2.407
18 8 4 4.663 0.124     1.196
18 9 4 3.239 1.228     2.124
18 10 4 0.913 2.652     2.610
18 1 5 1.698 0.020     0.457
18 2 5 1.489 0.874     2.497
18 3 5 1.531 1.693     2.428
18 4 5 1.580 1.582     2.677
18 5 5 2.232 0.721     2.821
18 6 5 2.545 1.256     2.386
18 7 5 2.566 2.124     2.147
18 8 5 4.232 0.770     1.566
18 9 5 2.941 0.693     1.526
18 10 5 -0.066 2.186     2.989
18 1 6 1.017 -0.057     0.534
18 2 6 1.114 0.770     3.074
18 3 6 0.934 1.943     2.981
18 4 6 0.962 1.443     3.785
18 5 6 2.121 0.395     3.164
18 6 6 2.739 1.284     2.483
18 7 6 2.545 1.846     2.562
18 8 6 3.434 1.818     1.881
18 9 6 2.337 0.964     2.744
18 10 6 -0.525 1.999     3.161
18 1 7 0.753 0.367     1.364
18 2 7 0.962 0.978     3.162
18 3 7 0.253 1.818     3.465
18 4 7 0.364 1.165     4.250
18 5 7 2.198 0.596     2.920
18 6 7 2.371 0.909     2.902
18 7 7 2.295 1.047     3.179
18 8 7 2.698 1.756     1.448
18 9 7 0.927 1.332     3.769
18 10 7 -0.809 1.992     3.105
18 1 8 0.684 0.089     1.403
18 2 8 0.739 0.603     3.242
18 3 8 0.184 1.672     3.670
18 4 8 0.705 1.367     3.770
18 5 8 2.010 0.686     2.928
18 6 8 1.649 0.235     3.664
18 7 8 1.684 0.408     2.926
18 8 8 1.753 0.804     2.102
18 9 8 0.066 1.547     3.929
18 10 8 -1.115 2.138     2.860
18 1 9 0.239 -0.210     0.035
18 2 9 0.941 -0.085     1.679
18 3 9 0.906 0.874     2.175
18 4 9 1.093 0.631     2.466
18 5 9 1.621 -0.355     2.120
18 6 9 1.219 -0.286     2.445
18 7 9 1.212 0.013     1.838
18 8 9 0.809 0.547     1.908
18 9 9 -0.781 1.665     1.935
18 10 9 -1.636 2.353     1.216
19 1 1 0.253 1.321     0.348
19 2 1 0.810 2.050     1.989
19 3 1 1.440 1.909     2.201
19 4 1 2.346 1.904     1.534
19 5 1 3.008 2.342     1.324
19 6 1 3.336 1.607     1.068
19 7 1 4.143 0.383     0.798
19 8 1 4.414 0.936     0.634
19 9 1 4.534 0.941     0.579
19 10 1 4.414 0.795     0.734
19 1 2 0.477 1.128     0.611
19 2 2 1.206 1.790     0.958
19 3 2 1.987 1.706     1.986
19 4 2 2.388 1.503     1.944
19 5 2 2.581 1.503     0.469
19 6 2 3.029 1.472     2.054
19 7 2 4.404 0.665     1.055
19 8 2 4.836 0.842     0.754
19 9 2 4.180 2.170     0.982
19 10 2 4.024 2.243     1.029
19 1 3 1.039 0.956     0.504
19 2 3 1.971 1.373     2.122
19 3 3 2.550 1.446     1.545
19 4 3 2.565 0.977     2.191
19 5 3 2.596 0.904     2.474
19 6 3 2.826 1.654     2.407
19 7 3 3.945 0.982     1.749
19 8 3 5.086 0.592     0.887
19 9 3 3.883 2.472     1.458
19 10 3 2.669 3.149     1.654
19 1 4 1.201 0.863     0.555
19 2 4 2.107 1.123     0.559
19 3 4 2.643 1.326     1.784
19 4 4 2.612 0.915     2.512
19 5 4 2.940 0.842     2.371
19 6 4 2.831 1.618     2.369
19 7 4 3.471 1.748     2.252
19 8 4 5.294 0.696     1.070
19 9 4 3.753 1.909     1.999
19 10 4 1.284 3.201     2.500
19 1 5 1.362 0.659     0.478
19 2 5 1.951 1.123     2.513
19 3 5 2.419 1.514     2.378
19 4 5 2.607 1.258     2.616
19 5 5 3.112 0.758     2.713
19 6 5 3.185 1.550     2.277
19 7 5 3.289 2.451     2.008
19 8 5 4.987 1.337     1.421
19 9 5 3.701 1.561     1.258
19 10 5 0.544 3.029     2.889
19 1 6 1.461 0.540     0.502
19 2 6 2.039 1.055     3.054
19 3 6 2.050 1.712     2.929
19 4 6 2.206 1.175     3.713
19 5 6 3.201 0.644     3.006
19 6 6 3.513 1.639     2.334
19 7 6 3.289 2.305     2.385
19 8 6 4.274 2.337     1.721
19 9 6 3.284 1.748     2.620
19 10 6 0.201 2.920     3.077
19 1 7 1.784 0.805     1.323
19 2 7 2.211 1.139     3.112
19 3 7 1.513 1.576     3.446
19 4 7 1.716 0.936     4.236
19 5 7 3.336 0.769     2.769
19 6 7 3.362 1.149     2.764
19 7 7 3.216 1.441     3.028
19 8 7 3.570 2.295     1.123
19 9 7 1.982 2.071     3.665
19 10 7 -0.049 2.972     3.026
19 1 8 2.112 0.545     1.344
19 2 8 2.102 0.873     3.216
19 3 8 1.352 1.696     3.657
19 4 8 2.039 1.368     3.701
19 5 8 3.357 0.811     2.784
19 6 8 3.039 0.456     3.532
19 7 8 2.982 0.717     2.719
19 8 8 2.732 1.394     1.666
19 9 8 0.961 2.305     3.874
19 10 8 -0.523 3.227     2.754
19 1 9 1.836 -0.007     0.034
19 2 9 2.206 0.003     1.738
19 3 9 1.872 1.264     2.213
19 4 9 2.524 1.196     2.435
19 5 9 3.367 0.123     2.055
19 6 9 2.899 0.227     2.420
19 7 9 2.581 0.462     1.739
19 8 9 1.737 1.149     1.799
19 9 9 -0.081 2.472     1.932
19 10 9 -1.195 3.592     1.177
20 1 1 0.144 1.736     0.279
20 2 1 0.426 1.902     1.921
20 3 1 0.488 1.293     2.159
20 4 1 1.014 1.105     1.485
20 5 1 1.613 1.298     1.280
20 6 1 1.769 0.772     1.009
20 7 1 2.280 -0.280     0.739
20 8 1 2.301 0.230     0.586
20 9 1 2.233 0.142     0.529
20 10 1 2.316 -0.087     0.684
20 1 2 0.337 1.824     0.592
20 2 2 0.582 1.803     0.745
20 3 2 0.889 1.309     1.993
20 4 2 1.087 1.053     1.982
20 5 2 1.322 0.850     0.312
20 6 2 1.530 0.767     2.067
20 7 2 2.280 0.168     1.050
20 8 2 2.467 0.329     0.750
20 9 2 1.884 1.194     0.984
20 10 2 1.947 1.033     1.032
20 1 3 0.785 1.704     0.490
20 2 3 1.186 1.480     2.159
20 3 3 1.462 1.314     1.521
20 4 3 1.379 0.928     2.215
20 5 3 1.353 0.642     2.515
20 6 3 1.353 1.111     2.419
20 7 3 1.780 0.631     1.764
20 8 3 2.389 0.350     0.886
20 9 3 1.608 1.590     1.447
20 10 3 1.066 1.793     1.648
20 1 4 0.780 1.574     0.544
20 2 4 1.243 1.335     0.379
20 3 4 1.639 1.397     1.738
20 4 4 1.499 1.043     2.505
20 5 4 1.624 0.814     2.378
20 6 4 1.384 1.314     2.364
20 7 4 1.358 1.350     2.260
20 8 4 2.311 0.533     1.072
20 9 4 1.400 1.324     2.001
20 10 4 0.275 2.012     2.475
20 1 5 0.832 1.199     0.461
20 2 5 1.129 1.324     2.487
20 3 5 1.535 1.663     2.329
20 4 5 1.582 1.454     2.576
20 5 5 1.660 0.824     2.717
20 6 5 1.535 1.256     2.265
20 7 5 1.228 1.829     1.983
20 8 5 2.087 0.908     1.418
20 9 5 1.394 1.043     1.187
20 10 5 -0.090 1.970     2.857
20 1 6 0.717 0.887     0.448
20 2 6 1.197 1.256     3.041
20 3 6 1.306 1.928     2.865
20 4 6 1.155 1.345     3.696
20 5 6 1.493 0.564     3.029
20 6 6 1.514 1.220     2.326
20 7 6 1.129 1.522     2.380
20 8 6 1.712 1.496     1.705
20 9 6 1.280 1.085     2.632
20 10 6 -0.199 1.902     3.048
20 1 7 0.973 0.939     1.303
20 2 7 1.322 1.309     3.094
20 3 7 0.686 1.783     3.402
20 4 7 0.405 0.996     4.329
20 5 7 1.358 0.574     2.803
20 6 7 1.243 0.824     2.794
20 7 7 1.035 0.772     3.089
20 8 7 1.353 1.397     1.015
20 9 7 0.488 1.277     3.714
20 10 7 -0.335 1.928     2.997
20 1 8 1.368 0.585     1.337
20 2 8 1.285 0.881     3.230
20 3 8 0.363 1.684     3.636
20 4 8 0.353 1.262     3.748
20 5 8 1.223 0.741     2.817
20 6 8 0.936 0.283     3.629
20 7 8 0.874 0.335     2.776
20 8 8 0.921 0.861     1.539
20 9 8 -0.027 1.574     3.885
20 10 8 -0.642 2.074     2.701
20 1 9 1.197 0.064     0.044
20 2 9 1.462 0.059     1.768
20 3 9 0.858 1.121     2.245
20 4 9 0.582 1.053     2.488
20 5 9 0.915 0.158     2.136
20 6 9 0.707 -0.009     2.529
20 7 9 0.712 0.178     1.806
20 8 9 0.358 0.928     1.774
20 9 9 -0.699 1.850     1.886
20 10 9 -1.147 2.329     1.130
21 1 1 2.189 -0.371     0.215
21 2 1 1.980 0.535     1.936
21 3 1 1.730 0.504     2.158
21 4 1 2.387 0.827     1.417
21 5 1 2.611 2.296     1.239
21 6 1 2.361 1.759     0.937
21 7 1 3.220 0.342     0.690
21 8 1 3.611 0.764     0.549
21 9 1 3.491 0.603     0.507
21 10 1 2.991 0.514     0.682
21 1 2 2.105 -0.262     0.541
21 2 2 1.934 0.738     0.530
21 3 2 2.210 0.863     1.942
21 4 2 2.454 0.702     1.936
21 5 2 2.184 0.926     0.036
21 6 2 2.001 1.316     2.047
21 7 2 3.178 0.770     1.003
21 8 2 3.892 0.827     0.698
21 9 2 3.340 1.837     0.929
21 10 2 3.038 1.796     0.992
21 1 3 2.402 -0.173     0.432
21 2 3 2.470 0.691     2.179
21 3 3 2.605 1.035     1.463
21 4 3 2.340 0.520     2.186
21 5 3 2.111 0.332     2.512
21 6 3 1.970 1.488     2.395
21 7 3 2.699 1.322     1.712
21 8 3 3.897 1.030     0.836
21 9 3 3.074 2.556     1.375
21 10 3 2.210 2.848     1.568
21 1 4 2.079 0.124     0.496
21 2 4 2.204 0.691     0.148
21 3 4 2.355 1.202     1.679
21 4 4 1.991 0.921     2.492
21 5 4 2.267 0.785     2.357
21 6 4 2.116 1.645     2.326
21 7 4 2.366 2.077     2.176
21 8 4 3.902 1.426     1.008
21 9 4 2.736 2.478     1.909
21 10 4 1.059 3.249     2.359
21 1 5 1.793 -0.027     0.405
21 2 5 1.626 0.785     2.494
21 3 5 1.767 1.535     2.299
21 4 5 1.663 1.619     2.557
21 5 5 2.178 1.066     2.688
21 6 5 2.454 1.697     2.206
21 7 5 2.439 2.629     1.890
21 8 5 3.668 1.947     1.340
21 9 5 2.522 2.264     0.991
21 10 5 0.309 3.322     2.716
21 1 6 1.454 -0.204     0.329
21 2 6 1.475 0.634     3.089
21 3 6 1.225 1.853     2.856
21 4 6 1.178 1.723     3.687
21 5 6 2.230 1.072     2.972
21 6 6 2.730 1.957     2.238
21 7 6 2.590 2.624     2.253
21 8 6 3.210 2.842     1.592
21 9 6 2.090 2.473     2.546
21 10 6 -0.207 3.410     2.876
21 1 7 1.392 0.119     1.251
21 2 7 1.637 0.665     3.128
21 3 7 0.819 1.733     3.415
21 4 7 0.887 1.447     4.340
21 5 7 2.637 1.296     2.709
21 6 7 2.746 1.874     2.668
21 7 7 2.506 2.327     2.936
21 8 7 2.595 3.134     0.736
21 9 7 0.881 2.915     3.572
21 10 7 -0.707 3.546     2.810
21 1 8 1.460 -0.689     1.287
21 2 8 1.543 -0.017     3.286
21 3 8 0.829 1.540     3.667
21 4 8 1.522 1.613     3.714
21 5 8 2.908 1.348     2.692
21 6 8 2.491 1.332     3.514
21 7 8 2.053 1.973     2.583
21 8 8 1.553 2.717     1.052
21 9 8 -0.139 3.342     3.676
21 10 8 -1.280 3.744     2.501
21 1 9 1.262 -1.704    -0.027
21 2 9 1.908 -1.199     1.758
21 3 9 1.553 0.587     2.280
21 4 9 1.986 1.077     2.459
21 5 9 2.793 0.566     2.068
21 6 9 2.178 0.962     2.500
21 7 9 1.371 1.639     1.723
21 8 9 0.267 2.520     1.457
21 9 9 -1.270 3.572     1.677
21 10 9 -1.962 4.056     0.983
22 1 1 0.929 1.705     0.143
22 2 1 1.257 2.179     1.855
22 3 1 1.122 1.449     2.098
22 4 1 1.637 1.434     1.328
22 5 1 2.372 2.496     1.151
22 6 1 2.356 1.741     0.835
22 7 1 2.893 0.309     0.625
22 8 1 3.169 0.772     0.485
22 9 1 3.315 0.554     0.436
22 10 1 3.184 0.252     0.614
22 1 2 0.986 1.840     0.520
22 2 2 1.221 2.028     0.229
22 3 2 1.356 1.512     1.942
22 4 2 1.304 1.434     1.961
22 5 2 1.596 1.642    -0.247
22 6 2 1.903 1.533     2.022
22 7 2 2.768 0.653     0.993
22 8 2 3.075 0.621     0.688
22 9 2 2.606 1.423     0.922
22 10 2 2.575 1.314     0.985
22 1 3 1.382 1.741     0.412
22 2 3 1.815 1.616     2.208
22 3 3 1.825 1.533     1.446
22 4 3 1.278 1.345     2.228
22 5 3 1.242 1.215     2.557
22 6 3 1.523 1.741     2.379
22 7 3 1.815 0.923     1.749
22 8 3 2.413 0.210     0.864
22 9 3 1.841 1.324     1.409
22 10 3 1.351 1.757     1.599
22 1 4 1.294 1.653     0.477
22 2 4 1.690 1.351    -0.079
22 3 4 1.872 1.590     1.659
22 4 4 1.294 1.470     2.511
22 5 4 1.320 1.314     2.401
22 6 4 1.169 1.699     2.336
22 7 4 0.867 1.278     2.258
22 8 4 1.877 -0.024     1.068
22 9 4 1.387 0.590     1.993
22 10 4 0.299 1.548     2.440
22 1 5 1.148 1.220     0.382
22 2 5 1.283 1.194     2.498
22 3 5 1.549 1.814     2.260
22 4 5 1.268 1.840     2.543
22 5 5 1.044 1.022     2.768
22 6 5 0.773 1.127     2.288
22 7 5 0.330 1.278     1.980
22 8 5 1.538 0.054     1.422
22 9 5 1.367 0.132     1.011
22 10 5 -0.102 1.283     2.822
22 1 6 0.736 0.767     0.274
22 2 6 1.070 1.090     3.136
22 3 6 1.132 2.054     2.832
22 4 6 0.585 1.564     3.723
22 5 6 0.408 0.304     3.163
22 6 6 0.325 0.585     2.388
22 7 6 0.106 0.554     2.422
22 8 6 1.190 0.606     1.695
22 9 6 1.268 0.252     2.659
22 10 6 -0.227 1.173     2.999
22 1 7 0.679 0.642     1.262
22 2 7 0.976 1.111     3.188
22 3 7 0.330 1.783     3.429
22 4 7 -0.493 0.929     4.465
22 5 7 0.059 0.137     2.937
22 6 7 0.007 0.111     2.898
22 7 7 0.111 -0.196     3.174
22 8 7 0.976 0.512     0.778
22 9 7 0.476 0.439     3.772
22 10 7 -0.404 1.158     2.923
22 1 8 0.736 0.064     1.325
22 2 8 0.632 0.538     3.433
22 3 8 -0.394 1.371     3.740
22 4 8 -0.873 0.960     3.814
22 5 8 -0.238 0.408     2.891
22 6 8 -0.336 -0.222     3.748
22 7 8 -0.008 -0.436     2.770
22 8 8 0.606 -0.009     1.098
22 9 8 -0.071 0.653     3.888
22 10 8 -0.743 1.225     2.599
22 1 9 0.341 -0.311    -0.004
22 2 9 0.601 -0.228     1.895
22 3 9 -0.149 0.725     2.428
22 4 9 -0.930 0.673     2.561
22 5 9 -0.790 -0.222     2.211
22 6 9 -0.717 -0.556     2.640
22 7 9 -0.212 -0.462     1.858
22 8 9 0.049 0.168     1.619
22 9 9 -0.701 0.908     1.773
22 10 9 -1.201 1.324     1.050
23 1 1 0.679 1.648     0.072
23 2 1 1.366 1.565     1.856
23 3 1 1.647 0.940     2.067
23 4 1 2.418 0.856     1.247
23 5 1 2.850 1.742     1.117
23 6 1 2.715 1.122     0.762
23 7 1 3.741 -0.362     0.552
23 8 1 4.345 0.335     0.401
23 9 1 4.679 0.361     0.355
23 10 1 4.705 0.210     0.524
23 1 2 1.033 1.445     0.485
23 2 2 1.580 1.377    -0.020
23 3 2 2.147 0.986     1.903
23 4 2 2.522 0.528     1.920
23 5 2 2.543 0.393    -0.594
23 6 2 2.429 0.533     2.003
23 7 2 3.783 -0.373     0.919
23 8 2 4.673 -0.118     0.608
23 9 2 4.054 1.294     0.851
23 10 2 3.892 1.502     0.914
23 1 3 1.835 1.278     0.364
23 2 3 2.522 1.106     2.226
23 3 3 2.762 0.997     1.377
23 4 3 2.590 0.283     2.189
23 5 3 2.548 -0.217     2.516
23 6 3 2.356 0.612     2.372
23 7 3 3.080 -0.050     1.697
23 8 3 4.444 -0.503     0.791
23 9 3 3.429 1.195     1.365
23 10 3 2.194 2.039     1.582
23 1 4 2.152 1.309     0.413
23 2 4 2.595 1.033    -0.422
23 3 4 2.715 1.174     1.584
23 4 4 2.371 0.658     2.481
23 5 4 2.741 0.242     2.344
23 6 4 2.449 0.908     2.324
23 7 4 2.491 1.007     2.233
23 8 4 4.189 -0.081     1.004
23 9 4 3.059 0.664     1.971
23 10 4 0.762 1.856     2.484
23 1 5 2.288 1.013     0.293
23 2 5 2.194 1.112     2.432
23 3 5 2.189 1.591     2.210
23 4 5 2.074 1.445     2.511
23 5 5 2.548 0.601     2.724
23 6 5 2.637 1.039     2.252
23 7 5 2.361 1.945     1.946
23 8 5 3.715 0.789     1.366
23 9 5 2.882 0.575     0.884
23 10 5 0.225 1.632     2.894
23 1 6 1.850 0.554     0.085
23 2 6 1.876 0.945     3.114
23 3 6 1.595 1.888     2.806
23 4 6 1.428 1.513     3.722
23 5 6 2.220 0.580     3.134
23 6 6 2.626 1.221     2.343
23 7 6 2.199 1.804     2.381
23 8 6 2.845 1.684     1.657
23 9 6 2.371 0.945     2.666
23 10 6 0.090 1.596     3.081
23 1 7 1.663 0.591     1.173
23 2 7 1.746 0.877     3.199
23 3 7 0.928 1.643     3.456
23 4 7 0.751 1.132     4.556
23 5 7 2.090 0.736     2.925
23 6 7 2.137 0.976     2.892
23 7 7 1.741 1.002     3.203
23 8 7 2.043 1.533     0.689
23 9 7 1.225 1.210     3.845
23 10 7 -0.035 1.716     3.000
23 1 8 1.611 0.268     1.273
23 2 8 1.486 0.445     3.498
23 3 8 0.663 1.372     3.822
23 4 8 0.913 1.122     3.906
23 5 8 1.908 0.669     2.916
23 6 8 1.366 0.372     3.848
23 7 8 1.053 0.445     2.854
23 8 8 1.257 0.752     0.986
23 9 8 0.455 1.283     4.001
23 10 8 -0.436 1.841     2.655
23 1 9 1.064 -0.149    -0.023
23 2 9 1.501 -0.305     1.970
23 3 9 1.106 0.606     2.531
23 4 9 1.158 0.549     2.673
23 5 9 1.517 -0.149     2.295
23 6 9 0.746 0.049     2.820
23 7 9 0.538 0.330     1.988
23 8 9 0.616 0.664     1.631
23 9 9 -0.275 1.304     1.856
23 10 9 -1.035 1.856     1.093
24 1 1 2.459 1.248    -0.023
24 2 1 2.595 1.581     1.815
24 3 1 2.595 1.232     1.986
24 4 1 3.178 1.409     1.148
24 5 1 3.694 2.248     1.072
24 6 1 3.777 1.566     0.656
24 7 1 4.579 0.305     0.470
24 8 1 4.850 0.878     0.319
24 9 1 4.871 0.795     0.278
24 10 1 4.475 0.592     0.477
24 1 2 2.428 1.347     0.420
24 2 2 2.564 1.675    -0.433
24 3 2 2.986 1.498     1.835
24 4 2 3.131 1.300     1.848
24 5 2 3.163 1.248    -1.049
24 6 2 3.449 1.284     1.908
24 7 2 4.803 0.592     0.834
24 8 2 5.314 0.769     0.527
24 9 2 4.673 1.972     0.769
24 10 2 4.444 1.946     0.848
24 1 3 2.730 1.399     0.297
24 2 3 3.111 1.628     2.230
24 3 3 3.236 1.612     1.326
24 4 3 2.986 1.118     2.144
24 5 3 2.975 0.889     2.456
24 6 3 3.152 1.566     2.280
24 7 3 4.303 1.086     1.582
24 8 3 5.626 0.764     0.683
24 9 3 4.496 2.451     1.279
24 10 3 3.298 2.899     1.506
24 1 4 2.501 1.441     0.351
24 2 4 2.746 1.524    -0.784
24 3 4 2.793 1.659     1.553
24 4 4 2.600 1.279     2.438
24 5 4 3.058 1.149     2.290
24 6 4 3.022 1.790     2.257
24 7 4 3.788 2.013     2.091
24 8 4 5.782 1.118     0.870
24 9 4 4.340 2.050     1.861
24 10 4 1.960 2.961     2.422
24 1 5 2.116 1.269     0.223
24 2 5 1.996 1.435     2.428
24 3 5 2.012 1.831     2.212
24 4 5 2.204 1.737     2.490
24 5 5 2.944 1.222     2.663
24 6 5 3.282 1.956     2.160
24 7 5 3.611 2.810     1.821
24 8 5 5.470 1.769     1.233
24 9 5 4.282 1.743     0.633
24 10 5 1.251 2.784     2.860
24 1 6 1.512 1.118    -0.098
24 2 6 1.522 1.388     3.150
24 3 6 1.324 2.112     2.818
24 4 6 1.626 1.836     3.704
24 5 6 3.006 1.347     3.014
24 6 6 3.579 2.269     2.219
24 7 6 3.569 2.857     2.219
24 8 6 4.824 2.915     1.509
24 9 6 3.850 2.008     2.547
24 10 6 0.762 2.743     3.066
24 1 7 1.298 1.321     1.112
24 2 7 1.319 1.602     3.238
24 3 7 0.762 2.206     3.455
24 4 7 1.308 1.946     4.494
24 5 7 3.178 1.758     2.793
24 6 7 3.345 2.024     2.763
24 7 7 3.449 2.326     3.024
24 8 7 4.053 3.144     0.375
24 9 7 2.433 2.524     3.717
24 10 7 0.282 2.956     2.984
24 1 8 1.314 1.227     1.213
24 2 8 1.204 1.566     3.533
24 3 8 0.814 2.378     3.791
24 4 8 1.710 2.222     3.824
24 5 8 2.991 1.633     2.836
24 6 8 2.824 1.237     3.754
24 7 8 3.090 1.649     2.608
24 8 8 2.986 2.336     0.409
24 9 8 1.178 2.972     3.889
24 10 8 -0.462 3.467     2.599
24 1 9 0.975 1.118    -0.062
24 2 9 1.371 1.180     2.057
24 3 9 1.402 1.956     2.552
24 4 9 1.949 1.680     2.682
24 5 9 2.579 0.644     2.317
24 6 9 2.491 0.717     2.836
24 7 9 2.595 1.008     1.864
24 8 9 1.798 1.753     1.277
24 9 9 -0.160 3.086     1.801
24 10 9 -1.452 3.972     1.041
25 1 1 0.985 1.180    -0.088
25 2 1 1.537 1.289     1.800
25 3 1 1.646 0.695     1.945
25 4 1 1.886 0.674     1.107
25 5 1 2.245 1.513     1.052
25 6 1 2.417 0.805     0.602
25 7 1 3.183 -0.383     0.419
25 8 1 3.511 0.211     0.258
25 9 1 3.709 0.268     0.211
25 10 1 3.860 0.180     0.404
25 1 2 1.172 1.221     0.375
25 2 2 1.610 1.190    -0.754
25 3 2 1.969 0.685     1.801
25 4 2 1.980 0.471     1.841
25 5 2 1.933 0.773    -1.376
25 6 2 2.136 0.706     1.889
25 7 2 3.219 -0.133     0.790
25 8 2 3.766 0.055     0.469
25 9 2 3.287 1.143     0.713
25 10 2 3.235 1.247     0.787
25 1 3 1.532 1.200     0.247
25 2 3 2.120 0.872     2.263
25 3 3 2.386 0.659     1.264
25 4 3 2.209 0.216     2.127
25 5 3 2.037 0.216     2.448
25 6 3 1.985 0.846     2.272
25 7 3 2.625 0.164     1.552
25 8 3 3.547 -0.232     0.636
25 9 3 2.766 1.211     1.240
25 10 3 1.912 1.763     1.482
25 1 4 1.480 1.190     0.301
25 2 4 2.006 0.758    -1.085
25 3 4 2.334 0.753     1.497
25 4 4 2.146 0.378     2.413
25 5 4 2.266 0.263     2.275
25 6 4 2.000 0.841     2.255
25 7 4 2.021 0.758     2.101
25 8 4 3.188 -0.180     0.843
25 9 4 2.349 0.659     1.859
25 10 4 0.740 1.659     2.461
25 1 5 1.454 1.029     0.153
25 2 5 1.724 0.867     2.388
25 3 5 2.016 1.122     2.173
25 4 5 2.000 0.898     2.475
25 5 5 2.151 0.315     2.656
25 6 5 2.042 0.753     2.164
25 7 5 1.678 1.263     1.836
25 8 5 2.735 0.195     1.221
25 9 5 2.214 0.279     0.540
25 10 5 0.271 1.362     2.935
25 1 6 1.240 0.794    -0.270
25 2 6 1.605 0.966     3.134
25 3 6 1.610 1.523     2.804
25 4 6 1.386 0.914     3.745
25 5 6 1.714 0.148     3.046
25 6 6 1.724 0.706     2.249
25 7 6 1.297 0.872     2.268
25 8 6 2.068 0.737     1.520
25 9 6 1.974 0.320     2.566
25 10 6 0.115 1.148     3.169
25 1 7 1.302 0.789     1.042
25 2 7 1.558 1.060     3.243
25 3 7 0.855 1.440     3.488
25 4 7 0.391 0.664     4.670
25 5 7 1.162 0.221     2.884
25 6 7 0.974 0.325     2.865
25 7 7 0.875 0.060     3.151
25 8 7 1.599 0.492     0.326
25 9 7 1.084 0.372     3.830
25 10 7 -0.046 1.055     3.103
25 1 8 1.417 0.503     1.167
25 2 8 1.297 0.742     3.570
25 3 8 0.386 1.414     3.845
25 4 8 0.099 0.987     3.951
25 5 8 0.579 0.388     2.977
25 6 8 0.151 -0.180     3.993
25 7 8 0.391 -0.362     2.736
25 8 8 1.073 -0.190     0.311
25 9 8 0.443 0.362     4.087
25 10 8 -0.442 1.044     2.708
25 1 9 0.943 0.102    -0.090
25 2 9 1.198 0.102     2.127
25 3 9 0.714 1.013     2.614
25 4 9 0.235 0.862     2.793
25 5 9 0.073 -0.221     2.495
25 6 9 -0.380 -0.482     2.987
25 7 9 0.073 -0.466     1.974
25 8 9 0.542 -0.175     1.286
25 9 9 -0.208 0.435     1.933
25 10 9 -1.031 0.997     1.100
26 1 1 2.467 -2.563    -0.072
26 2 1 2.415 -1.996     1.836
26 3 1 1.878 -1.126     2.019
26 4 1 2.248 -0.381     1.193
26 5 1 2.378 0.952     1.183
26 6 1 2.066 0.692     0.714
26 7 1 3.086 -0.537     0.507
26 8 1 3.368 0.301     0.347
26 9 1 3.253 0.437     0.309
26 10 1 2.998 0.431     0.516
26 1 2 2.670 -2.360     0.343
26 2 2 2.399 -1.392    -1.126
26 3 2 2.430 -0.563     1.847
26 4 2 2.503 -0.251     1.903
26 5 2 2.196 -0.183    -1.646
26 6 2 1.831 0.171     2.019
26 7 2 2.977 -0.490     0.861
26 8 2 3.612 -0.074     0.523
26 9 2 2.779 1.312     0.791
26 10 2 2.592 1.515     0.867
26 1 3 3.519 -2.115     0.211
26 2 3 3.373 -1.058     2.306
26 3 3 3.066 0.046     1.288
26 4 3 2.498 -0.043     2.193
26 5 3 2.112 -0.391     2.546
26 6 3 1.717 0.447     2.420
26 7 3 2.196 -0.110     1.664
26 8 3 3.331 -0.464     0.703
26 9 3 2.243 1.171     1.365
26 10 3 1.243 1.931     1.597
26 1 4 3.618 -1.636     0.262
26 2 4 3.263 -0.626    -1.499
26 3 4 2.805 0.567     1.531
26 4 4 2.024 0.650     2.507
26 5 4 2.159 0.306     2.380
26 6 4 1.737 0.900     2.379
26 7 4 1.451 0.864     2.255
26 8 4 2.956 -0.225     0.929
26 9 4 1.930 0.510     2.031
26 10 4 0.097 1.707     2.618
26 1 5 3.415 -1.615     0.092
26 2 5 2.513 -0.142     2.407
26 3 5 1.961 1.140     2.254
26 4 5 1.482 1.437     2.584
26 5 5 1.842 0.635     2.775
26 6 5 1.753 0.916     2.299
26 7 5 1.118 1.520     1.986
26 8 5 2.409 0.416     1.335
26 9 5 1.826 0.265     0.624
26 10 5 -0.362 1.426     3.117
26 1 6 2.441 -1.485    -0.556
26 2 6 1.847 -0.084     3.241
26 3 6 1.071 1.405     2.950
26 4 6 0.670 1.192     3.931
26 5 6 1.404 0.239     3.218
26 6 6 1.597 0.692     2.405
26 7 6 1.003 1.046     2.453
26 8 6 1.810 1.119     1.659
26 9 6 1.545 0.577     2.762
26 10 6 -0.507 1.385     3.345
26 1 7 1.878 -0.569     1.044
26 2 7 1.540 0.129     3.388
26 3 7 0.326 1.004     3.710
26 4 7 0.008 0.338     5.034
26 5 7 1.300 -0.016     3.077
26 6 7 1.253 0.181     3.070
26 7 7 0.961 0.187     3.389
26 8 7 1.373 0.937     0.413
26 9 7 0.467 0.895     4.097
26 10 7 -0.742 1.489     3.258
26 1 8 1.550 -0.777     1.194
26 2 8 1.092 -0.287     3.781
26 3 8 -0.080 0.671     4.132
26 4 8 0.071 0.301     4.302
26 5 8 1.144 -0.095     3.183
26 6 8 0.743 -0.350     4.271
26 7 8 0.696 -0.225     2.957
26 8 8 0.883 0.233     0.365
26 9 8 -0.205 1.093     4.327
26 10 8 -1.054 1.681     2.832
26 1 9 0.857 -1.522    -0.188
26 2 9 1.050 -1.313     2.129
26 3 9 0.149 -0.027     2.798
26 4 9 -0.070 0.036     2.994
26 5 9 0.508 -0.839     2.585
26 6 9 0.185 -0.694     3.115
26 7 9 0.269 -0.392     2.086
26 8 9 0.284 0.145     1.361
26 9 9 -0.789 1.202     1.952
26 10 9 -1.434 1.853     1.066
27 1 1 2.453 -2.105    -0.081
27 2 1 2.453 -1.610     1.871
27 3 1 2.011 -1.069     2.060
27 4 1 2.532 -0.636     1.238
27 5 1 2.797 0.864     1.272
27 6 1 2.438 0.718     0.792
27 7 1 3.506 -0.725     0.555
27 8 1 3.969 0.166     0.384
27 9 1 3.995 0.207     0.349
27 10 1 3.818 -0.079     0.576
27 1 2 2.631 -1.944     0.292
27 2 2 2.386 -1.126    -1.504
27 3 2 2.495 -0.584     1.869
27 4 2 2.761 -0.642     1.912
27 5 2 2.646 -0.626    -2.052
27 6 2 2.188 -0.064     2.102
27 7 2 3.370 -0.850     0.884
27 8 2 4.047 -0.355     0.537
27 9 2 3.052 1.072     0.848
27 10 2 2.834 1.051     0.939
27 1 3 3.381 -1.855     0.159
27 2 3 3.271 -0.881     2.355
27 3 3 3.006 -0.074     1.288
27 4 3 2.651 -0.444     2.223
27 5 3 2.495 -1.017     2.569
27 6 3 2.063 0.030     2.524
27 7 3 2.589 -0.590     1.728
27 8 3 3.630 -0.840     0.733
27 9 3 2.172 0.874     1.486
27 10 3 1.099 1.395     1.730
27 1 4 3.469 -1.569     0.198
27 2 4 3.073 -0.579    -1.901
27 3 4 2.662 0.410     1.570
27 4 4 2.078 0.259     2.585
27 5 4 2.495 -0.282     2.446
27 6 4 2.167 0.384     2.480
27 7 4 1.959 0.452     2.372
27 8 4 3.370 -0.610     0.980
27 9 4 1.787 0.171     2.192
27 10 4 -0.172 1.108     2.824
27 1 5 3.214 -1.605     0.034
27 2 5 2.313 -0.183     2.452
27 3 5 1.927 0.900     2.340
27 4 5 1.698 0.994     2.698
27 5 5 2.297 0.119     2.854
27 6 5 2.370 0.463     2.377
27 7 5 1.797 1.275     2.093
27 8 5 2.948 0.009     1.412
27 9 5 1.823 -0.235     0.687
27 10 5 -0.458 0.843     3.346
27 1 6 2.266 -1.527    -0.867
27 2 6 1.787 -0.241     3.350
27 3 6 1.276 1.067     3.101
27 4 6 1.157 0.775     4.111
27 5 6 2.141 -0.064     3.291
27 6 6 2.360 0.442     2.493
27 7 6 1.662 0.890     2.585
27 8 6 2.256 0.660     1.781
27 9 6 1.719 -0.110     2.936
27 10 6 -0.317 0.791     3.586
27 1 7 1.787 -0.751     1.025
27 2 7 1.641 -0.110     3.526
27 3 7 0.709 0.733     3.938
27 4 7 0.693 0.280     5.317
27 5 7 2.183 0.041     3.152
27 6 7 2.026 0.145     3.188
27 7 7 1.511 -0.001     3.564
27 8 7 1.771 0.379     0.467
27 9 7 0.865 0.098     4.381
27 10 7 -0.281 0.884     3.496
27 1 8 1.563 -0.798     1.197
27 2 8 1.417 -0.381     3.928
27 3 8 0.558 0.702     4.385
27 4 8 0.995 0.640     4.508
27 5 8 2.115 0.244     3.264
27 6 8 1.490 -0.204     4.432
27 7 8 1.256 -0.324     3.089
27 8 8 1.391 -0.272     0.302
27 9 8 0.407 0.291     4.655
27 10 8 -0.531 1.015     3.038
27 1 9 1.000 -1.194    -0.279
27 2 9 1.568 -1.121     2.118
27 3 9 1.146 0.171     2.878
27 4 9 1.203 0.416     3.067
27 5 9 1.724 -0.360     2.605
27 6 9 1.146 -0.277     3.213
27 7 9 1.005 -0.272     2.135
27 8 9 0.875 -0.168     1.275
27 9 9 -0.182 0.436     2.098
27 10 9 -1.036 1.114     1.111
28 1 1 2.454 -1.993    -0.100
28 2 1 2.366 -0.988     1.933
28 3 1 1.954 -0.649     2.109
28 4 1 2.595 -0.347     1.259
28 5 1 2.845 1.424     1.334
28 6 1 2.486 1.283     0.814
28 7 1 3.569 -0.300     0.589
28 8 1 3.986 0.611     0.412
28 9 1 4.100 0.658     0.371
28 10 1 4.032 0.434     0.606
28 1 2 2.584 -1.805     0.239
28 2 2 2.262 -0.602    -1.854
28 3 2 2.433 -0.243     1.885
28 4 2 2.715 -0.331     1.923
28 5 2 2.491 -0.264    -2.437
28 6 2 2.027 0.351     2.203
28 7 2 3.340 -0.581     0.915
28 8 2 4.090 -0.154     0.537
28 9 2 3.230 1.460     0.879
28 10 2 3.157 1.554     0.966
28 1 3 3.131 -1.639     0.113
28 2 3 2.986 -0.456     2.437
28 3 3 2.876 0.257     1.292
28 4 3 2.506 -0.139     2.273
28 5 3 2.241 -0.743     2.639
28 6 3 1.777 0.382     2.651
28 7 3 2.355 -0.378     1.811
28 8 3 3.699 -0.805     0.740
28 9 3 2.459 1.122     1.572
28 10 3 1.298 1.893     1.814
28 1 4 3.079 -1.191     0.149
28 2 4 2.746 -0.222    -2.268
28 3 4 2.532 0.653     1.604
28 4 4 1.918 0.476     2.692
28 5 4 2.241 -0.034     2.538
28 6 4 1.824 0.742     2.603
28 7 4 1.590 0.736     2.515
28 8 4 3.418 -0.436     1.013
28 9 4 2.131 0.403     2.308
28 10 4 -0.082 1.637     2.968
28 1 5 2.762 -1.311    -0.010
28 2 5 1.975 -0.040     2.524
28 3 5 1.793 1.012     2.440
28 4 5 1.538 1.122     2.819
28 5 5 2.048 0.242     2.970
28 6 5 2.038 0.705     2.471
28 7 5 1.465 1.679     2.185
28 8 5 3.043 0.413     1.469
28 9 5 2.199 0.195     0.702
28 10 5 -0.462 1.460     3.507
28 1 6 1.939 -1.337    -1.149
28 2 6 1.548 -0.217     3.507
28 3 6 1.131 1.059     3.279
28 4 6 0.918 0.653     4.343
28 5 6 1.814 -0.206     3.411
28 6 6 2.131 0.507     2.590
28 7 6 1.569 1.205     2.692
28 8 6 2.459 1.226     1.859
28 9 6 2.053 0.481     3.054
28 10 6 -0.374 1.502     3.748
28 1 7 1.496 -0.592     1.034
28 2 7 1.460 -0.175     3.691
28 3 7 0.527 0.544     4.209
28 4 7 0.407 -0.102     5.672
28 5 7 1.996 -0.243     3.240
28 6 7 2.064 0.111     3.285
28 7 7 1.762 0.231     3.704
28 8 7 2.058 0.945     0.472
28 9 7 0.970 0.752     4.605
28 10 7 -0.421 1.611     3.641
28 1 8 1.194 -1.087     1.219
28 2 8 1.058 -0.691     4.114
28 3 8 0.204 0.424     4.714
28 4 8 0.689 0.346     4.786
28 5 8 2.111 0.111     3.331
28 6 8 1.850 -0.154     4.534
28 7 8 1.751 -0.107     3.146
28 8 8 1.652 0.174     0.176
28 9 8 0.236 0.893     4.933
28 10 8 -0.874 1.757     3.149
28 1 9 0.663 -1.956    -0.376
28 2 9 1.215 -1.654     2.108
28 3 9 0.725 -0.087     3.019
28 4 9 0.907 0.320     3.173
28 5 9 1.803 -0.467     2.617
28 6 9 1.600 -0.227     3.251
28 7 9 1.480 -0.034     2.128
28 8 9 0.996 0.278     1.145
28 9 9 -0.509 1.070     2.168
28 10 9 -1.546 1.893     1.092
29 1 1 4.258 -5.752    -0.050
29 2 1 3.331 -3.617     1.985
29 3 1 2.336 -1.768     2.266
29 4 1 2.888 -0.898     1.449
29 5 1 2.540 2.066     1.581
29 6 1 1.758 2.352     1.033
29 7 1 3.060 0.488     0.829
29 8 1 3.539 1.097     0.623
29 9 1 3.534 0.800     0.589
29 10 1 3.060 0.389     0.869
29 1 2 4.482 -5.617     0.207
29 2 2 3.201 -2.716    -2.404
29 3 2 2.883 -0.924     2.046
29 4 2 3.196 -0.387     2.094
29 5 2 2.487 0.154    -2.663
29 6 2 1.295 1.180     2.513
29 7 2 2.560 0.066     1.173
29 8 2 3.461 0.290     0.765
29 9 2 2.576 1.456     1.129
29 10 2 2.404 1.274     1.232
29 1 3 5.196 -5.262     0.117
29 2 3 3.977 -2.242     2.601
29 3 3 3.237 -0.091     1.474
29 4 3 2.633 0.300     2.501
29 5 3 2.013 -0.351     2.926
29 6 3 1.159 1.003     2.999
29 7 3 1.633 0.118     2.134
29 8 3 3.081 -0.445     0.989
29 9 3 1.977 1.066     1.893
29 10 3 1.039 1.628     2.132
29 1 4 4.836 -4.387     0.162
29 2 4 3.513 -1.825    -2.677
29 3 4 2.550 0.373     1.834
29 4 4 1.446 1.045     3.005
29 5 4 1.784 0.482     2.857
29 6 4 1.368 1.274     2.922
29 7 4 1.019 1.092     2.878
29 8 4 2.894 -0.434     1.272
29 9 4 1.878 0.222     2.657
29 10 4 0.019 1.420     3.330
29 1 5 3.967 -3.976     0.041
29 2 5 2.373 -1.471     2.696
29 3 5 1.649 0.347     2.762
29 4 5 0.862 1.290     3.163
29 5 5 1.430 0.592     3.325
29 6 5 1.618 0.883     2.798
29 7 5 1.013 1.701     2.501
29 8 5 2.576 0.024     1.754
29 9 5 1.909 -0.179     0.941
29 10 5 -0.315 1.144     3.897
29 1 6 2.503 -3.481    -1.504
29 2 6 1.836 -1.986     3.671
29 3 6 1.321 -0.721     3.639
29 4 6 0.701 -0.236     4.825
29 5 6 1.295 -0.518     3.777
29 6 6 1.816 0.055     2.922
29 7 6 1.409 0.665     3.044
29 8 6 2.144 0.566     2.170
29 9 6 1.711 -0.007     3.418
29 10 6 -0.382 1.076     4.149
29 1 7 1.654 -2.486     1.105
29 2 7 1.831 -2.414     3.820
29 3 7 1.159 -2.148     4.402
29 4 7 0.737 -1.851     5.896
29 5 7 1.935 -1.158     3.493
29 6 7 2.159 -0.799     3.544
29 7 7 1.967 -0.648     3.988
29 8 7 1.987 0.284     0.691
29 9 7 0.763 0.211     5.090
29 10 7 -0.544 1.081     4.037
29 1 8 1.295 -2.908     1.295
29 2 8 1.508 -2.919     4.160
29 3 8 0.826 -2.002     4.945
29 4 8 1.196 -1.195     5.100
29 5 8 2.566 -0.830     3.532
29 6 8 2.435 -0.992     4.703
29 7 8 2.243 -0.820     3.277
29 8 8 1.810 -0.299     0.186
29 9 8 0.284 0.342     5.483
29 10 8 -0.841 0.972     3.535
29 1 9 0.967 -3.205    -0.532
29 2 9 1.800 -3.200     1.934
29 3 9 1.243 -1.617     3.001
29 4 9 1.524 -0.695     3.207
29 5 9 2.680 -1.127     2.519
29 6 9 2.503 -0.684     3.170
29 7 9 2.175 -0.367     1.993
29 8 9 1.342 0.055     0.889
29 9 9 -0.335 0.612     2.295
29 10 9 -1.388 0.889     1.136
30 1 1 5.392 -6.275    -0.044
30 2 1 4.330 -4.322     1.989
30 3 1 3.028 -2.207     2.400
30 4 1 3.705 -1.291     1.596
30 5 1 3.580 1.204     1.827
30 6 1 2.507 1.689     1.283
30 7 1 3.382 0.387     1.095
30 8 1 3.819 1.126     0.863
30 9 1 3.856 0.980     0.830
30 10 1 3.694 0.610     1.128
30 1 2 5.366 -5.989     0.160
30 2 2 4.147 -3.499    -3.163
30 3 2 3.548 -1.395     2.179
30 4 2 3.986 -0.634     2.226
30 5 2 3.632 -0.140    -3.097
30 6 2 2.330 0.725     2.805
30 7 2 2.929 -0.041     1.459
30 8 2 3.486 0.178     1.022
30 9 2 2.679 1.152     1.426
30 10 2 2.642 1.137     1.524
30 1 3 5.861 -5.462     0.108
30 2 3 4.892 -2.936     2.711
30 3 3 3.996 -0.702     1.617
30 4 3 3.465 -0.015     2.684
30 5 3 3.048 -0.374     3.152
30 6 3 2.173 0.590     3.314
30 7 3 2.069 -0.082     2.480
30 8 3 2.871 -0.785     1.286
30 9 3 1.913 0.381     2.276
30 10 3 1.226 1.126     2.528
30 1 4 5.262 -4.410     0.168
30 2 4 4.106 -2.176    -3.171
30 3 4 3.194 -0.223     2.040
30 4 4 2.314 0.517     3.297
30 5 4 2.569 0.194     3.142
30 6 4 1.986 0.772     3.269
30 7 4 1.278 0.595     3.307
30 8 4 2.502 -0.931     1.587
30 9 4 1.772 -0.494     3.063
30 10 4 0.304 0.741     3.837
30 1 5 4.267 -3.780     0.088
30 2 5 2.720 -1.468     2.876
30 3 5 2.054 -0.067     3.103
30 4 5 1.538 0.673     3.563
30 5 5 1.840 0.100     3.712
30 6 5 1.684 0.235     3.194
30 7 5 0.866 0.767     2.963
30 8 5 2.038 -0.718     2.117
30 9 5 1.752 -0.853     1.226
30 10 5 -0.035 0.423     4.472
30 1 6 2.757 -3.129    -1.819
30 2 6 1.986 -1.598     3.927
30 3 6 1.502 -0.530     4.052
30 4 6 0.996 -0.280     5.330
30 5 6 1.267 -0.744     4.200
30 6 6 1.423 -0.681     3.343
30 7 6 0.856 -0.535     3.529
30 8 6 1.543 -0.660     2.582
30 9 6 1.543 -0.926     3.824
30 10 6 -0.160 0.345     4.741
30 1 7 1.871 -2.129     1.210
30 2 7 1.840 -1.749     4.087
30 3 7 1.127 -1.270     4.786
30 4 7 0.653 -1.192     6.332
30 5 7 1.439 -1.015     3.878
30 6 7 1.496 -1.265     3.916
30 7 7 1.241 -1.697     4.332
30 8 7 1.580 -1.145     0.955
30 9 7 0.923 -1.009     5.548
30 10 7 -0.327 0.319     4.623
30 1 8 1.496 -2.577     1.392
30 2 8 1.548 -2.270     4.368
30 3 8 0.752 -1.093     5.394
30 4 8 0.871 -0.457     5.612
30 5 8 1.866 -0.468     3.899
30 6 8 1.606 -1.103     5.065
30 7 8 1.538 -1.436     3.528
30 8 8 1.741 -1.447     0.110
30 9 8 0.694 -0.884     5.983
30 10 8 -0.577 0.387     4.065
30 1 9 1.236 -2.983    -0.675
30 2 9 1.840 -2.780     1.857
30 3 9 1.106 -1.004     3.102
30 4 9 1.059 0.022     3.374
30 5 9 1.767 -0.494     2.600
30 6 9 1.418 -0.608     3.286
30 7 9 1.455 -0.712     1.997
30 8 9 1.522 -0.796     0.506
30 9 9 0.319 -0.353     2.507
30 10 9 -1.024 0.616     1.256
31 1 1 5.668 -4.841    -0.112
31 2 1 4.918 -3.341     1.972
31 3 1 4.293 -1.716     2.355
31 4 1 4.418 -0.341     1.617
31 5 1 4.043 3.534     1.852
31 6 1 4.043 2.909     1.260
31 7 1 4.793 1.159     1.142
31 8 1 5.043 0.534     0.925
31 9 1 4.418 -0.091     0.944
31 10 1 3.168 -0.841     1.333
31 1 2 5.668 -4.716     0.064
31 2 2 4.793 -2.841    -3.954
31 3 2 4.793 -0.841     2.120
31 4 2 5.043 0.034     2.178
31 5 2 4.418 1.909    -3.857
31 6 2 4.043 2.659     2.716
31 7 2 4.543 1.784     1.476
31 8 2 4.543 1.409     1.091
31 9 2 3.543 1.034     1.569
31 10 2 2.418 0.034     1.783
31 1 3 6.043 -4.091     0.031
31 2 3 5.418 -2.216     2.728
31 3 3 5.293 -0.091     1.562
31 4 3 5.293 0.784     2.585
31 5 3 4.668 1.159     3.084
31 6 3 4.043 2.159     3.244
31 7 3 4.043 2.034     2.467
31 8 3 3.293 1.659     1.437
31 9 3 1.793 1.534     2.540
31 10 3 1.043 0.159     2.935
31 1 4 5.668 -3.091     0.100
31 2 4 4.918 -1.216    -3.789
31 3 4 4.793 0.784     1.994
31 4 4 4.543 1.659     3.180
31 5 4 4.293 1.659     3.101
31 6 4 4.043 2.159     3.219
31 7 4 3.668 2.034     3.292
31 8 4 1.793 1.409     1.865
31 9 4 -0.207 1.034     3.488
31 10 4 -0.082 -0.091     4.414
31 1 5 5.043 -2.341     0.020
31 2 5 4.043 -0.091     2.875
31 3 5 3.918 1.784     3.069
31 4 5 3.918 2.534     3.458
31 5 5 3.918 2.284     3.640
31 6 5 3.793 2.409     3.158
31 7 5 3.043 2.159     3.038
31 8 5 0.418 1.159     2.505
31 9 5 -1.332 0.409     1.504
31 10 5 -0.457 -0.341     4.997
31 1 6 3.918 -1.591    -2.230
31 2 6 3.418 0.534     3.975
31 3 6 3.418 2.534     3.990
31 4 6 3.418 3.284     5.055
31 5 6 3.418 2.784     4.080
31 6 6 3.168 2.909     3.334
31 7 6 1.668 2.534     3.672
31 8 6 -0.832 1.159     2.953
31 9 6 -1.707 0.159     4.173
31 10 6 -0.582 -0.341     5.254
31 1 7 3.418 -0.841     1.165
31 2 7 3.543 0.409     4.131
31 3 7 3.418 2.409     4.659
31 4 7 3.168 3.409     5.924
31 5 7 2.918 3.159     3.813
31 6 7 2.168 3.284     3.930
31 7 7 -0.082 2.909     4.490
31 8 7 -2.082 1.534     1.054
31 9 7 -1.832 0.534     5.849
31 10 7 -0.582 0.034     5.152
31 1 8 3.043 -1.341     1.376
31 2 8 3.543 -0.716     4.370
31 3 8 3.543 1.034     5.313
31 4 8 3.293 2.284     5.441
31 5 8 2.793 2.659     3.911
31 6 8 1.293 3.284     5.078
31 7 8 -1.207 3.159     3.472
31 8 8 -2.707 2.284    -0.394
31 9 8 -1.832 1.159     6.207
31 10 8 -0.707 0.659     4.516
31 1 9 2.543 -2.341    -0.823
31 2 9 3.293 -1.966     1.773
31 3 9 3.543 -0.716     2.931
31 4 9 3.793 0.409     3.171
31 5 9 3.293 1.784     2.487
31 6 9 1.168 3.034     3.202
31 7 9 -1.832 3.409     1.675
31 8 9 -3.082 2.659    -0.711
31 9 9 -1.957 1.659     2.451
31 10 9 -0.707 0.909     1.398
