0 1 1 2.470 -3.992     0.983
0 2 1 1.871 -2.086     1.157
0 3 1 0.715 -1.169     1.217
0 4 1 1.658 -0.867     1.193
0 5 1 2.715 0.112     1.163
0 6 1 1.543 0.612     1.213
0 7 1 0.715 -0.872     1.229
0 8 1 0.324 -0.945     1.235
0 9 1 0.480 -2.627     1.155
0 10 1 0.986 -3.966     1.092
0 1 2 2.527 -3.622     0.997
0 2 2 1.783 -1.633     1.179
0 3 2 1.434 -0.565     1.216
0 4 2 1.720 -0.190     1.200
0 5 2 1.611 -1.117     1.202
0 6 2 0.236 -1.601     1.212
0 7 2 -0.353 -3.185     1.131
0 8 2 -0.176 -3.544     1.119
0 9 2 -0.020 -4.231     1.084
0 10 2 0.762 -4.810     1.046
0 1 3 2.829 -3.028     1.010
0 2 3 2.392 -1.445     1.180
0 3 3 2.189 -0.007     1.180
0 4 3 1.204 0.081     1.235
0 5 3 -0.197 -2.216     1.179
0 6 3 -1.186 -3.028     1.129
0 7 3 -1.384 -4.534     1.050
0 8 3 -0.322 -5.257     1.022
0 9 3 0.460 -5.356     1.028
0 10 3 0.949 -5.304     1.022
0 1 4 2.522 -2.252     1.043
0 2 4 2.189 -1.195     1.173
0 3 4 2.027 -0.023     1.190
0 4 4 0.132 -0.310     1.279
0 5 4 -1.197 -2.549     1.155
0 6 4 -1.603 -3.580     1.096
0 7 4 -1.796 -4.565     1.039
0 8 4 -0.150 -5.638     0.999
0 9 4 1.069 -5.752     1.005
0 10 4 1.251 -5.466     1.005
0 1 5 1.928 -2.231     1.072
0 2 5 1.527 -1.060     1.200
0 3 5 1.215 -0.471     1.232
0 4 5 -0.921 -1.226     1.220
0 5 5 -1.957 -3.247     1.107
0 6 5 -1.587 -4.351     1.061
0 7 5 -1.717 -4.742     1.035
0 8 5 -0.077 -5.737     0.988
0 9 5 1.512 -5.903     0.986
0 10 5 1.522 -5.476     1.003
0 1 6 0.819 -2.247     1.088
0 2 6 0.850 -1.539     1.201
0 3 6 -0.046 -1.429     1.220
0 4 6 -2.207 -2.836     1.116
0 5 6 -2.436 -4.268     1.050
0 6 6 -1.384 -4.763     1.042
0 7 6 -1.280 -5.388     1.008
0 8 6 0.168 -5.513     1.008
0 9 6 1.819 -5.935     0.975
0 10 6 1.746 -5.596     0.993
0 1 7 0.257 -1.825     1.113
0 2 7 0.392 -1.971     1.191
0 3 7 -1.363 -2.476     1.146
0 4 7 -3.249 -3.596     1.052
0 5 7 -2.197 -3.971     1.056
0 6 7 -1.207 -4.606     1.046
0 7 7 -0.848 -5.711     0.994
0 8 7 0.569 -5.508     1.006
0 9 7 1.600 -6.002     0.973
0 10 7 1.887 -5.841     0.983
0 1 8 0.105 -2.164     1.104
0 2 8 -0.171 -2.409     1.177
0 3 8 -2.040 -2.242     1.140
0 4 8 -3.223 -2.164     1.087
0 5 8 -2.082 -2.601     1.115
0 6 8 -1.462 -4.393     1.050
0 7 8 -0.707 -5.596     1.006
0 8 8 0.845 -5.903     0.985
0 9 8 1.632 -5.966     0.974
0 10 8 1.944 -6.028     0.973
0 1 9 -0.046 -2.054     0.914
0 2 9 0.048 -2.351     0.981
0 3 9 -1.254 -1.648     0.993
0 4 9 -2.707 -1.325     0.950
0 5 9 -2.671 -2.716     0.901
0 6 9 -2.046 -4.565     0.837
0 7 9 -0.577 -5.565     0.810
0 8 9 1.012 -5.731     0.795
0 9 9 1.569 -5.747     0.796
0 10 9 1.637 -6.070     0.774
1 1 1 1.158 -1.206     0.987
1 2 1 0.033 -0.545     1.255
1 3 1 -1.253 -0.259     1.286
1 4 1 0.669 -0.003     1.288
1 5 1 1.981 -0.342     1.178
1 6 1 0.033 1.023     1.277
1 7 1 -0.086 -0.389     1.342
1 8 1 0.424 0.471     1.334
1 9 1 0.664 0.122     1.253
1 10 1 1.257 -0.529     1.148
1 1 2 0.747 -0.837     1.023
1 2 2 -0.513 0.044     1.265
1 3 2 -0.805 0.997     1.280
1 4 2 0.612 1.476     1.247
1 5 2 1.497 -0.378     1.235
1 6 2 -0.435 -0.337     1.316
1 7 2 -0.982 -1.269     1.167
1 8 2 0.195 -1.191     1.170
1 9 2 0.289 -0.628     1.170
1 10 2 0.851 -0.769     1.122
1 1 3 0.830 -0.545     1.048
1 2 3 0.028 0.184     1.291
1 3 3 -0.217 1.731     1.220
1 4 3 -0.248 1.689     1.268
1 5 3 -0.149 -0.566     1.279
1 6 3 -1.159 -0.795     1.178
1 7 3 -1.920 -1.665     1.048
1 8 3 -0.081 -2.352     1.032
1 9 3 0.596 -1.628     1.054
1 10 3 0.565 -1.305     1.083
1 1 4 0.440 -0.561     1.094
1 2 4 0.356 -0.144     1.269
1 3 4 0.393 1.325     1.250
1 4 4 -0.878 1.116     1.328
1 5 4 -0.904 -0.467     1.224
1 6 4 -1.362 -1.071     1.131
1 7 4 -2.362 -1.581     1.018
1 8 4 -0.055 -2.722     0.983
1 9 4 1.153 -2.337     0.991
1 10 4 0.565 -1.868     1.047
1 1 5 0.252 -1.243     1.104
1 2 5 0.596 -0.384     1.299
1 3 5 0.768 0.669     1.305
1 4 5 -0.883 0.590     1.291
1 5 5 -1.373 -1.045     1.136
1 6 5 -1.227 -2.040     1.056
1 7 5 -2.086 -1.915     1.019
1 8 5 -0.055 -2.696     0.981
1 9 5 1.481 -2.587     0.961
1 10 5 0.737 -2.139     1.027
1 1 6 0.054 -1.134     1.114
1 2 6 1.117 -0.514     1.268
1 3 6 0.674 -0.087     1.311
1 4 6 -1.368 -0.852     1.144
1 5 6 -1.612 -2.217     1.029
1 6 6 -0.836 -2.581     1.034
1 7 6 -1.144 -2.759     0.994
1 8 6 0.299 -2.175     1.026
1 9 6 1.731 -2.498     0.959
1 10 6 0.981 -2.149     1.014
1 1 7 0.033 -0.352     1.202
1 2 7 1.257 -0.451     1.250
1 3 7 -0.253 -1.035     1.214
1 4 7 -2.081 -1.779     1.031
1 5 7 -0.784 -1.904     1.073
1 6 7 -0.159 -2.321     1.064
1 7 7 -0.248 -3.055     0.967
1 8 7 0.955 -2.196     1.024
1 9 7 1.429 -2.472     0.968
1 10 7 1.117 -2.134     0.998
1 1 8 0.065 -0.680     1.165
1 2 8 0.164 -0.920     1.254
1 3 8 -1.508 -0.852     1.176
1 4 8 -1.977 -0.368     1.120
1 5 8 -0.128 -0.342     1.225
1 6 8 0.028 -1.811     1.087
1 7 8 0.117 -2.691     0.989
1 8 8 1.278 -2.680     0.975
1 9 8 1.414 -2.410     0.978
1 10 8 1.054 -2.248     0.986
1 1 9 -0.279 -0.618     0.910
1 2 9 -0.232 -1.149     0.987
1 3 9 -1.352 -0.410     0.989
1 4 9 -1.883 0.304     0.915
1 5 9 -0.956 -0.748     0.901
1 6 9 -0.618 -1.930     0.810
1 7 9 0.299 -2.493     0.763
1 8 9 1.497 -2.337     0.749
1 9 9 1.216 -2.149     0.759
1 10 9 0.502 -2.420     0.743
2 1 1 0.961 -0.797     0.993
2 2 1 0.138 -0.115     1.331
2 3 1 -1.133 0.036     1.303
2 4 1 0.232 0.328     1.349
2 5 1 0.945 -0.245     1.204
2 6 1 -1.347 0.927     1.268
2 7 1 -1.091 -0.605     1.351
2 8 1 -0.102 0.447     1.399
2 9 1 0.028 0.041     1.331
2 10 1 0.377 -0.813     1.175
2 1 2 0.393 -0.589     1.060
2 2 2 -0.586 0.062     1.312
2 3 2 -0.852 0.864     1.281
2 4 2 -0.003 1.499     1.235
2 5 2 0.502 -0.323     1.297
2 6 2 -1.430 -0.105     1.309
2 7 2 -1.487 -1.001     1.150
2 8 2 0.304 -1.042     1.197
2 9 2 0.060 -0.698     1.213
2 10 2 0.054 -1.094     1.134
2 1 3 0.205 -0.547     1.089
2 2 3 -0.211 -0.240     1.386
2 3 3 -0.185 1.041     1.233
2 4 3 -0.680 1.192     1.262
2 5 3 -0.748 -0.428     1.313
2 6 3 -1.555 -0.251     1.174
2 7 3 -1.946 -0.896     1.015
2 8 3 0.362 -1.730     1.027
2 9 3 0.674 -1.245     1.070
2 10 3 -0.076 -1.370     1.082
2 1 4 -0.315 -0.782     1.122
2 2 4 0.206 -0.615     1.312
2 3 4 0.659 0.437     1.282
2 4 4 -1.013 0.468     1.337
2 5 4 -1.175 -0.360     1.238
2 6 4 -1.435 -0.615     1.130
2 7 4 -2.159 -0.631     0.986
2 8 4 0.617 -1.698     0.983
2 9 4 1.414 -1.553     0.978
2 10 4 0.133 -1.646     1.030
2 1 5 -0.388 -1.495     1.097
2 2 5 0.544 -0.719     1.322
2 3 5 0.940 -0.006     1.335
2 4 5 -0.972 0.098     1.311
2 5 5 -1.268 -0.844     1.138
2 6 5 -0.935 -1.495     1.052
2 7 5 -1.899 -0.954     0.987
2 8 5 0.383 -1.391     0.995
2 9 5 1.726 -1.615     0.939
2 10 5 0.471 -1.662     1.008
2 1 6 -0.357 -1.251     1.108
2 2 6 1.164 -0.719     1.271
2 3 6 0.768 -0.292     1.357
2 4 6 -1.253 -0.698     1.166
2 5 6 -0.925 -1.480     1.023
2 6 6 -0.018 -1.641     1.023
2 7 6 -0.805 -1.745     0.973
2 8 6 0.560 -0.688     1.060
2 9 6 1.919 -1.360     0.919
2 10 6 0.888 -1.391     0.998
2 1 7 -0.216 -0.303     1.248
2 2 7 1.252 -0.355     1.260
2 3 7 -0.107 -0.573     1.278
2 4 7 -1.513 -0.782     1.028
2 5 7 0.237 -0.620     1.130
2 6 7 0.810 -1.120     1.069
2 7 7 0.461 -1.896     0.956
2 8 7 1.372 -0.850     1.011
2 9 7 1.560 -1.282     0.941
2 10 7 1.107 -1.188     0.991
2 1 8 -0.065 -0.516     1.196
2 2 8 0.346 -0.589     1.294
2 3 8 -1.091 -0.037     1.194
2 4 8 -1.237 0.869     1.117
2 5 8 0.705 0.869     1.257
2 6 8 0.737 -0.646     1.118
2 7 8 0.846 -1.422     0.989
2 8 8 1.711 -1.422     0.935
2 9 8 1.502 -1.230     0.954
2 10 8 1.023 -1.271     0.979
2 1 9 -0.362 -0.469     0.899
2 2 9 0.023 -0.907     0.975
2 3 9 -0.873 0.177     0.979
2 4 9 -1.440 1.208     0.865
2 5 9 -0.498 0.182     0.918
2 6 9 -0.143 -0.912     0.812
2 7 9 0.825 -1.256     0.734
2 8 9 1.768 -1.032     0.694
2 9 9 1.070 -0.912     0.733
2 10 9 0.325 -1.428     0.719
3 1 1 1.779 -2.768     0.994
3 2 1 0.831 -1.549     1.455
3 3 1 -0.075 -1.013     1.477
3 4 1 1.461 -0.367     1.502
3 5 1 1.941 0.024     1.329
3 6 1 -0.153 0.899     1.459
3 7 1 0.399 -0.794     1.547
3 8 1 1.008 0.368     1.577
3 9 1 0.883 -0.002     1.526
3 10 1 1.107 -0.778     1.338
3 1 2 1.451 -2.179     1.081
3 2 2 0.451 -0.882     1.491
3 3 2 0.519 0.196     1.494
3 4 2 1.472 0.826     1.385
3 5 2 1.566 -0.549     1.431
3 6 2 -0.565 -0.252     1.516
3 7 2 -0.497 -1.184     1.318
3 8 2 1.008 -0.997     1.360
3 9 2 0.467 -0.372     1.424
3 10 2 0.519 -0.768     1.328
3 1 3 1.680 -1.684     1.127
3 2 3 1.086 -0.773     1.622
3 3 3 1.066 0.810     1.398
3 4 3 0.560 0.862     1.450
3 5 3 0.263 -0.684     1.516
3 6 3 -0.893 -0.304     1.364
3 7 3 -1.398 -0.747     1.173
3 8 3 1.003 -1.414     1.176
3 9 3 0.972 -0.726     1.242
3 10 3 0.008 -0.830     1.279
3 1 4 1.154 -1.398     1.184
3 2 4 1.092 -0.919     1.469
3 3 4 1.159 0.435     1.455
3 4 4 -0.309 0.430     1.552
3 5 4 -0.070 -0.294     1.470
3 6 4 -0.648 -0.429     1.326
3 7 4 -1.789 -0.054     1.136
3 8 4 1.248 -1.138     1.141
3 9 4 1.618 -0.888     1.114
3 10 4 -0.132 -0.867     1.226
3 1 5 0.800 -1.830     1.167
3 2 5 0.826 -0.867     1.498
3 3 5 0.868 0.045     1.526
3 4 5 -0.617 0.263     1.520
3 5 5 -0.320 -0.487     1.345
3 6 5 -0.101 -1.054     1.228
3 7 5 -1.513 -0.216     1.151
3 8 5 0.914 -0.684     1.182
3 9 5 1.805 -0.945     1.066
3 10 5 -0.007 -0.851     1.205
3 1 6 0.316 -1.627     1.177
3 2 6 1.175 -0.841     1.422
3 3 6 0.800 -0.257     1.543
3 4 6 -0.773 -0.440     1.347
3 5 6 -0.174 -0.971     1.202
3 6 6 0.477 -1.023     1.203
3 7 6 -0.497 -1.164     1.146
3 8 6 0.888 -0.049     1.258
3 9 6 1.894 -0.836     1.059
3 10 6 0.513 -0.763     1.193
3 1 7 0.123 -0.533     1.378
3 2 7 1.394 -0.424     1.410
3 3 7 0.310 -0.539     1.482
3 4 7 -0.794 -0.523     1.214
3 5 7 0.805 -0.268     1.323
3 6 7 0.915 -0.679     1.246
3 7 7 0.696 -1.460     1.109
3 8 7 1.654 -0.351     1.168
3 9 7 1.539 -0.851     1.098
3 10 7 0.987 -0.820     1.161
3 1 8 0.237 -0.638     1.332
3 2 8 0.638 -0.554     1.491
3 3 8 -0.533 0.133     1.401
3 4 8 -0.518 0.956     1.296
3 5 8 1.060 0.737     1.425
3 6 8 0.743 -0.533     1.316
3 7 8 1.118 -0.841     1.162
3 8 8 1.987 -0.799     1.074
3 9 8 1.404 -0.737     1.112
3 10 8 0.852 -1.070     1.145
3 1 9 -0.028 -0.591     0.900
3 2 9 0.425 -0.882     1.034
3 3 9 -0.492 0.321     1.054
3 4 9 -0.877 1.133     0.896
3 5 9 0.045 -0.044     1.023
3 6 9 0.232 -0.679     0.882
3 7 9 1.274 -0.419     0.783
3 8 9 1.873 -0.216     0.718
3 9 9 0.711 -0.351     0.794
3 10 9 -0.018 -1.237     0.762
4 1 1 2.100 -3.212     0.989
4 2 1 1.188 -1.905     1.567
4 3 1 0.022 -1.067     1.671
4 4 1 1.444 -0.212     1.658
4 5 1 2.032 0.397     1.463
4 6 1 -0.036 0.996     1.662
4 7 1 0.574 -0.822     1.750
4 8 1 1.063 0.584     1.764
4 9 1 0.845 0.517     1.733
4 10 1 1.100 -0.140     1.541
4 1 2 1.933 -2.671     1.093
4 2 2 0.897 -1.082     1.686
4 3 2 0.657 0.116     1.725
4 4 2 1.298 0.772     1.547
4 5 2 1.391 -0.509     1.607
4 6 2 -0.640 -0.306     1.741
4 7 2 -0.405 -1.212     1.503
4 8 2 1.095 -0.770     1.542
4 9 2 0.459 0.267     1.669
4 10 2 0.532 -0.004     1.570
4 1 3 2.194 -2.082     1.148
4 2 3 1.595 -0.879     1.839
4 3 3 1.287 0.741     1.571
4 4 3 0.397 0.720     1.667
4 5 3 -0.030 -0.780     1.739
4 6 3 -1.004 -0.447     1.562
4 7 3 -1.322 -0.947     1.342
4 8 3 1.053 -1.379     1.350
4 9 3 0.928 -0.343     1.446
4 10 3 -0.077 -0.181     1.543
4 1 4 1.553 -1.525     1.247
4 2 4 1.418 -0.874     1.623
4 3 4 1.246 0.501     1.628
4 4 4 -0.530 0.470     1.782
4 5 4 -0.411 -0.400     1.700
4 6 4 -0.791 -0.624     1.533
4 7 4 -1.739 -0.311     1.300
4 8 4 1.209 -1.348     1.315
4 9 4 1.506 -0.910     1.288
4 10 4 -0.228 -0.515     1.467
4 1 5 0.938 -1.723     1.241
4 2 5 0.964 -0.738     1.676
4 3 5 0.891 0.230     1.729
4 4 5 -0.911 0.397     1.716
4 5 5 -0.707 -0.671     1.547
4 6 5 -0.145 -1.218     1.429
4 7 5 -1.322 -0.369     1.336
4 8 5 0.928 -1.035     1.368
4 9 5 1.751 -1.166     1.226
4 10 5 -0.015 -0.692     1.439
4 1 6 0.136 -1.389     1.290
4 2 6 1.095 -0.660     1.608
4 3 6 0.735 -0.077     1.769
4 4 6 -1.213 -0.436     1.533
4 5 6 -0.567 -1.280     1.388
4 6 6 0.574 -1.212     1.395
4 7 6 -0.249 -1.254     1.337
4 8 6 0.944 -0.322     1.470
4 9 6 1.865 -1.009     1.215
4 10 6 0.454 -0.655     1.420
4 1 7 -0.161 -0.327     1.559
4 2 7 1.069 -0.322     1.606
4 3 7 -0.093 -0.520     1.720
4 4 7 -1.442 -0.650     1.389
4 5 7 0.522 -0.509     1.547
4 6 7 1.089 -0.874     1.431
4 7 7 0.740 -1.655     1.279
4 8 7 1.527 -0.551     1.342
4 9 7 1.428 -0.942     1.268
4 10 7 0.813 -0.707     1.372
4 1 8 -0.181 -0.509     1.489
4 2 8 0.136 -0.561     1.726
4 3 8 -1.109 -0.030     1.599
4 4 8 -1.041 0.850     1.478
4 5 8 1.001 0.741     1.609
4 6 8 0.876 -0.608     1.519
4 7 8 1.011 -1.150     1.338
4 8 8 1.766 -1.103     1.223
4 9 8 1.303 -0.858     1.295
4 10 8 0.735 -0.962     1.348
4 1 9 -0.536 -0.426     0.893
4 2 9 -0.135 -0.874     1.089
4 3 9 -0.843 0.131     1.111
4 4 9 -1.056 1.017     0.928
4 5 9 0.089 -0.067     1.115
4 6 9 0.272 -0.785     0.943
4 7 9 1.022 -0.754     0.825
4 8 9 1.683 -0.520     0.757
4 9 9 0.673 -0.515     0.860
4 10 9 -0.051 -1.223     0.814
5 1 1 2.679 -4.223     0.978
5 2 1 1.690 -2.296     1.682
5 3 1 0.560 -1.244     1.894
5 4 1 1.607 -0.489     1.873
5 5 1 1.867 0.954     1.644
5 6 1 0.242 1.147     1.897
5 7 1 1.086 -0.827     1.974
5 8 1 1.268 0.485     1.982
5 9 1 0.956 0.412     1.980
5 10 1 1.122 -0.228     1.783
5 1 2 2.534 -3.801     1.088
5 2 2 1.357 -1.473     1.866
5 3 2 1.101 -0.275     1.972
5 4 2 1.508 0.126     1.767
5 5 2 1.200 -0.588     1.831
5 6 2 -0.643 -0.270     2.029
5 7 2 -0.175 -1.275     1.746
5 8 2 1.054 -0.781     1.777
5 9 2 0.325 0.261     1.969
5 10 2 0.393 -0.140     1.869
5 1 3 2.851 -3.119     1.148
5 2 3 1.971 -1.119     2.069
5 3 3 1.570 0.459     1.782
5 4 3 0.742 0.230     1.937
5 5 3 0.190 -1.025     1.992
5 6 3 -1.050 -0.380     1.811
5 7 3 -1.513 -0.952     1.555
5 8 3 0.768 -1.442     1.565
5 9 3 0.622 -0.364     1.731
5 10 3 -0.367 -0.369     1.836
5 1 4 2.383 -2.281     1.289
5 2 4 1.732 -0.932     1.804
5 3 4 1.252 0.563     1.854
5 4 4 -0.232 0.381     2.081
5 5 4 0.122 -0.473     2.000
5 6 4 -0.664 -0.452     1.809
5 7 4 -2.055 -0.166     1.497
5 8 4 0.830 -1.270     1.532
5 9 4 1.143 -0.859     1.527
5 10 4 -0.664 -0.708     1.725
5 1 5 1.758 -2.395     1.301
5 2 5 1.034 -0.890     1.907
5 3 5 0.716 0.407     1.996
5 4 5 -0.701 0.532     1.986
5 5 5 -0.274 -0.593     1.833
5 6 5 -0.112 -1.114     1.682
5 7 5 -1.779 -0.218     1.547
5 8 5 0.461 -0.786     1.642
5 9 5 1.310 -0.994     1.452
5 10 5 -0.503 -0.817     1.699
5 1 6 0.706 -2.187     1.394
5 2 6 1.049 -1.083     1.826
5 3 6 0.627 -0.124     2.059
5 4 6 -0.972 -0.406     1.789
5 5 6 -0.326 -1.234     1.629
5 6 6 0.393 -1.171     1.641
5 7 6 -0.737 -1.166     1.576
5 8 6 0.440 -0.051     1.767
5 9 6 1.471 -0.843     1.429
5 10 6 0.096 -0.744     1.700
5 1 7 0.252 -1.057     1.737
5 2 7 1.112 -0.848     1.835
5 3 7 0.034 -0.728     1.997
5 4 7 -1.039 -0.770     1.635
5 5 7 0.732 -0.541     1.810
5 6 7 0.888 -0.838     1.670
5 7 7 0.440 -1.478     1.510
5 8 7 1.273 -0.291     1.585
5 9 7 1.148 -0.812     1.511
5 10 7 0.638 -0.775     1.635
5 1 8 0.179 -1.281     1.660
5 2 8 0.388 -1.093     1.966
5 3 8 -0.784 -0.249     1.877
5 4 8 -0.612 0.673     1.743
5 5 8 1.200 0.615     1.835
5 6 8 0.763 -0.598     1.782
5 7 8 0.914 -0.864     1.585
5 8 8 1.674 -0.775     1.438
5 9 8 1.117 -0.687     1.535
5 10 8 0.591 -0.994     1.596
5 1 9 -0.117 -1.473     0.856
5 2 9 0.357 -1.551     1.111
5 3 9 -0.503 -0.156     1.191
5 4 9 -0.706 0.803     0.982
5 5 9 0.341 -0.228     1.201
5 6 9 0.330 -0.687     1.014
5 7 9 1.127 -0.395     0.880
5 8 9 1.653 -0.130     0.799
5 9 9 0.518 -0.265     0.934
5 10 9 -0.216 -1.145     0.862
6 1 1 3.544 -5.437     0.956
6 2 1 2.669 -3.588     1.749
6 3 1 1.596 -1.963     2.086
6 4 1 2.341 -1.119     2.046
6 5 1 2.211 1.105     1.876
6 6 1 1.028 1.355     2.159
6 7 1 2.237 -0.599     2.189
6 8 1 2.408 0.480     2.190
6 9 1 1.971 0.375     2.236
6 10 1 1.903 -0.208     2.060
6 1 2 3.669 -5.208     1.043
6 2 2 2.434 -2.651     2.015
6 3 2 2.205 -1.000     2.157
6 4 2 2.627 -0.552     1.953
6 5 2 2.044 -0.677     2.089
6 6 2 0.429 -0.046     2.424
6 7 2 1.226 -1.234     2.035
6 8 2 2.054 -0.666     2.034
6 9 2 1.028 0.636     2.297
6 10 2 1.091 0.375     2.212
6 1 3 4.289 -4.724     1.084
6 2 3 3.184 -2.031     2.213
6 3 3 2.606 -0.046     1.970
6 4 3 2.070 -0.010     2.180
6 5 3 1.435 -1.067     2.258
6 6 3 0.039 -0.208     2.230
6 7 3 -0.368 -1.166     1.898
6 8 3 1.408 -1.546     1.833
6 9 3 0.851 -0.104     2.107
6 10 3 -0.034 0.219     2.258
6 1 4 3.898 -3.822     1.245
6 2 4 2.643 -1.395     2.000
6 3 4 1.742 0.594     2.104
6 4 4 0.638 0.688     2.429
6 5 4 1.283 -0.291     2.316
6 6 4 0.231 -0.130     2.223
6 7 4 -1.310 -0.104     1.834
6 8 4 1.169 -1.432     1.827
6 9 4 1.044 -0.932     1.849
6 10 4 -0.680 -0.302     2.100
6 1 5 3.086 -3.619     1.276
6 2 5 1.513 -0.994     2.169
6 3 5 0.695 0.797     2.343
6 4 5 -0.378 1.000     2.325
6 5 5 0.487 -0.432     2.222
6 6 5 0.591 -0.776     2.043
6 7 5 -1.086 0.276     1.896
6 8 5 0.888 -0.822     1.982
6 9 5 1.247 -1.156     1.756
6 10 5 -0.586 -0.614     2.064
6 1 6 1.705 -3.156     1.455
6 2 6 1.195 -1.625     2.087
6 3 6 0.471 -0.260     2.452
6 4 6 -0.743 -0.468     2.154
6 5 6 0.174 -1.474     1.946
6 6 6 0.882 -1.224     1.955
6 7 6 -0.196 -0.817     1.944
6 8 6 0.809 -0.109     2.148
6 9 6 1.372 -0.911     1.743
6 10 6 -0.065 -0.609     2.087
6 1 7 0.778 -2.114     1.862
6 2 7 1.169 -2.213     2.049
6 3 7 0.101 -1.937     2.256
6 4 7 -0.654 -1.765     1.913
6 5 7 1.158 -1.224     2.101
6 6 7 1.237 -1.161     1.972
6 7 7 0.622 -1.520     1.819
6 8 7 1.231 -0.369     1.922
6 9 7 0.945 -0.760     1.847
6 10 7 0.424 -0.588     2.013
6 1 8 0.289 -2.703     1.747
6 2 8 0.440 -2.932     2.126
6 3 8 -0.612 -1.890     2.138
6 4 8 -0.112 -0.671     2.120
6 5 8 1.783 -0.224     2.121
6 6 8 1.205 -0.776     2.098
6 7 8 0.987 -0.911     1.919
6 8 8 1.492 -0.791     1.755
6 9 8 0.888 -0.562     1.890
6 10 8 0.367 -0.744     1.971
6 1 9 -0.128 -3.000     0.749
6 2 9 0.596 -3.255     1.079
6 3 9 -0.149 -1.640     1.251
6 4 9 -0.019 -0.375     1.113
6 5 9 1.231 -0.843     1.273
6 6 9 0.882 -0.656     1.106
6 7 9 1.132 -0.333     0.980
6 8 9 1.450 -0.130     0.871
6 9 9 0.346 -0.171     1.065
6 10 9 -0.394 -0.880     0.966
7 1 1 3.337 -5.564     0.948
7 2 1 2.243 -3.308     1.828
7 3 1 1.128 -1.876     2.299
7 4 1 2.003 -1.173     2.270
7 5 1 2.045 1.150     2.091
7 6 1 0.852 1.582     2.428
7 7 1 2.024 -0.287     2.404
7 8 1 2.394 0.640     2.360
7 9 1 2.134 0.395     2.430
7 10 1 2.144 -0.439     2.276
7 1 2 3.394 -5.246     1.021
7 2 2 1.993 -2.402     2.225
7 3 2 1.722 -0.918     2.409
7 4 2 2.269 -0.485     2.188
7 5 2 1.889 -0.803     2.315
7 6 2 0.238 -0.079     2.845
7 7 2 0.894 -1.017     2.331
7 8 2 1.852 -0.470     2.275
7 9 2 1.066 0.660     2.615
7 10 2 1.222 0.249     2.524
7 1 3 3.883 -4.537     1.065
7 2 3 2.670 -1.860     2.407
7 3 3 2.144 -0.001     2.216
7 4 3 1.649 0.020     2.444
7 5 3 1.144 -1.371     2.499
7 6 3 -0.064 -0.428     2.636
7 7 3 -0.564 -1.194     2.204
7 8 3 1.009 -1.444     2.104
7 9 3 0.732 -0.027     2.466
7 10 3 0.186 0.181     2.683
7 1 4 3.482 -3.298     1.262
7 2 4 2.342 -1.386     2.174
7 3 4 1.696 0.332     2.388
7 4 4 0.555 0.535     2.792
7 5 4 0.873 -0.668     2.646
7 6 4 0.113 -0.360     2.632
7 7 4 -1.340 -0.616     2.131
7 8 4 0.696 -1.543     2.096
7 9 4 0.925 -0.850     2.172
7 10 4 -0.314 -0.366     2.498
7 1 5 2.628 -3.199     1.324
7 2 5 1.347 -1.324     2.415
7 3 5 0.988 0.020     2.676
7 4 5 0.040 0.400     2.726
7 5 5 0.368 -0.871     2.567
7 6 5 0.368 -1.142     2.357
7 7 5 -1.117 -0.423     2.222
7 8 5 0.524 -1.017     2.296
7 9 5 1.186 -1.058     2.051
7 10 5 -0.252 -0.746     2.430
7 1 6 1.160 -3.329     1.515
7 2 6 0.831 -2.272     2.271
7 3 6 0.670 -1.376     2.721
7 4 6 -0.236 -1.616     2.417
7 5 6 0.128 -2.230     2.165
7 6 6 0.618 -1.840     2.201
7 7 6 -0.200 -1.204     2.269
7 8 6 0.634 -0.142     2.508
7 9 6 1.331 -0.756     2.051
7 10 6 0.160 -0.756     2.456
7 1 7 0.347 -2.881     1.926
7 2 7 0.774 -2.991     2.158
7 3 7 0.149 -2.944     2.371
7 4 7 -0.361 -3.084     2.044
7 5 7 1.071 -2.303     2.281
7 6 7 1.227 -1.746     2.197
7 7 7 0.753 -1.501     2.091
7 8 7 1.134 -0.220     2.254
7 9 7 0.941 -0.626     2.185
7 10 7 0.535 -0.751     2.367
7 1 8 0.133 -3.574     1.767
7 2 8 0.399 -3.558     2.174
7 3 8 -0.434 -2.543     2.293
7 4 8 0.113 -1.537     2.401
7 5 8 2.087 -0.965     2.310
7 6 8 1.686 -1.084     2.328
7 7 8 1.165 -0.850     2.213
7 8 8 1.415 -0.595     2.055
7 9 8 0.936 -0.548     2.233
7 10 8 0.592 -0.959     2.299
7 1 9 -0.007 -3.558     0.622
7 2 9 0.805 -3.595     1.004
7 3 9 0.175 -1.944     1.261
7 4 9 0.462 -0.709     1.201
7 5 9 1.873 -1.142     1.262
7 6 9 1.498 -0.824     1.141
7 7 9 1.259 -0.277     1.031
7 8 9 1.410 -0.037     0.945
7 9 9 0.581 -0.277     1.163
7 10 9 0.061 -1.225     1.036
8 1 1 4.067 -5.787     0.924
8 2 1 2.963 -3.756     1.870
8 3 1 1.885 -2.115     2.485
8 4 1 2.739 -1.319     2.403
8 5 1 2.599 1.207     2.281
8 6 1 1.494 1.629     2.653
8 7 1 2.708 -0.261     2.567
8 8 1 3.187 0.822     2.448
8 9 1 3.218 0.890     2.512
8 10 1 3.307 0.431     2.389
8 1 2 4.140 -5.391     0.988
8 2 2 2.786 -2.720     2.400
8 3 2 2.489 -1.131     2.571
8 4 2 3.041 -0.683     2.311
8 5 2 2.593 -0.641     2.553
8 6 2 1.078 0.051     3.194
8 7 2 2.015 -1.246     2.541
8 8 2 3.067 -0.501     2.395
8 9 2 2.234 1.348     2.767
8 10 2 2.286 1.416     2.685
8 1 3 4.578 -4.714     1.032
8 2 3 3.416 -2.053     2.513
8 3 3 2.885 -0.209     2.372
8 4 3 2.442 -0.141     2.630
8 5 3 1.932 -1.173     2.693
8 6 3 0.817 -0.214     3.007
8 7 3 0.869 -1.438     2.492
8 8 3 2.494 -1.626     2.265
8 9 3 1.765 0.562     2.738
8 10 3 0.932 1.473     2.958
8 1 4 4.104 -3.725     1.237
8 2 4 2.942 -1.563     2.425
8 3 4 2.276 0.145     2.594
8 4 4 1.250 0.306     3.105
8 5 4 1.671 -0.595     2.888
8 6 4 1.020 0.015     2.987
8 7 4 0.182 -0.329     2.557
8 8 4 2.182 -1.631     2.298
8 9 4 1.791 -0.579     2.466
8 10 4 0.156 0.546     2.927
8 1 5 3.244 -3.647     1.326
8 2 5 1.948 -1.490     2.599
8 3 5 1.463 -0.027     2.966
8 4 5 0.609 0.317     3.122
8 5 5 1.224 -0.756     2.861
8 6 5 1.442 -0.610     2.657
8 7 5 0.494 0.192     2.646
8 8 5 2.041 -1.157     2.515
8 9 5 1.958 -1.162     2.314
8 10 5 0.026 -0.251     2.899
8 1 6 1.864 -3.584     1.570
8 2 6 1.505 -2.287     2.426
8 3 6 1.104 -1.126     3.001
8 4 6 0.328 -1.168     2.759
8 5 6 1.031 -1.751     2.421
8 6 6 1.770 -1.397     2.431
8 7 6 1.276 -0.964     2.574
8 8 6 1.979 -0.740     2.750
8 9 6 1.974 -1.095     2.311
8 10 6 0.229 -0.355     2.897
8 1 7 1.036 -2.902     1.956
8 2 7 1.463 -2.855     2.288
8 3 7 0.750 -2.563     2.546
8 4 7 0.286 -2.392     2.280
8 5 7 1.765 -1.772     2.475
8 6 7 2.093 -1.626     2.397
8 7 7 1.890 -1.892     2.306
8 8 7 2.213 -1.016     2.475
8 9 7 1.447 -0.964     2.492
8 10 7 0.390 -0.298     2.808
8 1 8 0.776 -3.438     1.778
8 2 8 1.026 -3.386     2.273
8 3 8 0.208 -2.282     2.523
8 4 8 0.666 -1.173     2.740
8 5 8 2.395 -0.824     2.508
8 6 8 2.182 -1.313     2.521
8 7 8 2.062 -1.506     2.430
8 8 8 2.302 -1.308     2.268
8 9 8 1.276 -0.746     2.563
8 10 8 0.302 -0.459     2.739
8 1 9 0.515 -3.475     0.518
8 2 9 1.359 -3.496     0.964
8 3 9 0.677 -1.766     1.305
8 4 9 0.859 -0.480     1.307
8 5 9 2.125 -1.115     1.275
8 6 9 1.932 -1.105     1.175
8 7 9 2.000 -0.985     1.084
8 8 9 1.989 -0.683     1.003
8 9 9 0.635 -0.324     1.291
8 10 9 -0.297 -0.584     1.176
9 1 1 3.416 -4.437     0.909
9 2 1 2.927 -2.615     1.902
9 3 1 2.172 -1.427     2.570
9 4 1 2.453 -0.641     2.521
9 5 1 2.385 1.615     2.367
9 6 1 2.015 1.547     2.750
9 7 1 3.114 -0.042     2.592
9 8 1 3.484 0.693     2.439
9 9 1 3.552 0.620     2.475
9 10 1 3.547 0.333     2.364
9 1 2 3.448 -4.208     0.966
9 2 2 2.755 -2.073     2.506
9 3 2 2.583 -0.943     2.638
9 4 2 2.625 -0.443     2.428
9 5 2 2.172 0.136     2.817
9 6 2 1.526 0.771     3.365
9 7 2 2.692 -0.370     2.623
9 8 2 3.385 -0.198     2.400
9 9 2 2.599 1.156     2.790
9 10 2 2.677 1.193     2.698
9 1 3 3.890 -3.828     0.999
9 2 3 3.265 -1.734     2.597
9 3 3 2.828 -0.328     2.461
9 4 3 2.354 -0.078     2.749
9 5 3 1.875 -0.354     2.870
9 6 3 1.213 0.781     3.233
9 7 3 1.541 -0.260     2.722
9 8 3 2.849 -0.927     2.336
9 9 3 1.932 0.667     2.882
9 10 3 1.078 1.354     3.129
9 1 4 3.536 -3.068     1.202
9 2 4 2.765 -1.307     2.590
9 3 4 2.302 0.073     2.720
9 4 4 1.547 0.432     3.299
9 5 4 1.739 0.089     3.070
9 6 4 1.145 0.875     3.216
9 7 4 0.656 0.750     2.863
9 8 4 2.505 -0.766     2.410
9 9 4 1.755 -0.172     2.651
9 10 4 -0.026 0.870     3.234
9 1 5 2.880 -2.844     1.316
9 2 5 1.833 -1.016     2.746
9 3 5 1.526 0.297     3.167
9 4 5 0.942 0.677     3.395
9 5 5 1.270 -0.094     3.123
9 6 5 1.265 0.344     2.923
9 7 5 0.505 1.339     2.897
9 8 5 2.119 -0.141     2.679
9 9 5 1.802 -0.536     2.500
9 10 5 -0.282 0.427     3.256
9 1 6 1.828 -2.578     1.581
9 2 6 1.494 -1.281     2.613
9 3 6 1.083 -0.120     3.271
9 4 6 0.395 -0.333     3.120
9 5 6 0.974 -0.995     2.686
9 6 6 1.380 -0.250     2.688
9 7 6 0.671 0.375     2.901
9 8 6 1.640 0.490     2.937
9 9 6 1.734 -0.385     2.509
9 10 6 -0.141 0.287     3.272
9 1 7 1.203 -1.781     2.027
9 2 7 1.474 -1.432     2.486
9 3 7 0.557 -1.036     2.814
9 4 7 -0.032 -1.312     2.550
9 5 7 1.401 -1.057     2.686
9 6 7 1.416 -0.755     2.614
9 7 7 0.953 -0.750     2.584
9 8 7 1.458 0.135     2.705
9 9 7 0.890 -0.271     2.783
9 10 7 -0.058 0.208     3.196
9 1 8 0.885 -2.266     1.844
9 2 8 0.937 -2.016     2.440
9 3 8 -0.042 -1.052     2.820
9 4 8 0.203 -0.521     3.084
9 5 8 1.729 -0.448     2.713
9 6 8 1.291 -0.922     2.745
9 7 8 1.010 -0.812     2.685
9 8 8 1.265 -0.489     2.519
9 9 8 0.479 -0.193     2.906
9 10 8 -0.329 0.099     3.099
9 1 9 0.489 -2.641     0.477
9 2 9 1.062 -2.614     0.980
9 3 9 0.312 -1.161     1.379
9 4 9 0.229 -0.318     1.441
9 5 9 1.255 -1.052     1.335
9 6 9 0.942 -1.021     1.255
9 7 9 0.932 -0.599     1.184
9 8 9 0.885 -0.177     1.103
9 9 9 -0.245 0.073     1.422
9 10 9 -1.016 0.104     1.254
10 1 1 2.980 -4.797     0.916
10 2 1 2.355 -2.307     1.990
10 3 1 1.579 -1.026     2.746
10 4 1 2.172 -0.349     2.663
10 5 1 2.323 1.573     2.452
10 6 1 1.693 1.515     2.890
10 7 1 2.599 -0.177     2.671
10 8 1 2.855 0.672     2.506
10 9 1 2.756 0.557     2.561
10 10 1 2.678 0.307     2.476
10 1 2 2.964 -4.521     0.969
10 2 2 2.053 -1.787     2.716
10 3 2 1.980 -0.516     2.782
10 4 2 2.125 -0.058     2.585
10 5 2 1.709 0.041     3.144
10 6 2 0.938 0.588     3.633
10 7 2 2.063 -0.604     2.756
10 8 2 2.782 -0.224     2.500
10 9 2 1.891 1.114     2.927
10 10 2 2.042 1.146     2.825
10 1 3 3.287 -4.000     1.004
10 2 3 2.422 -1.563     2.790
10 3 3 2.131 0.088     2.603
10 4 3 1.500 0.198     2.971
10 5 3 0.995 -0.495     3.147
10 6 3 0.386 0.583     3.580
10 7 3 0.719 -0.563     3.040
10 8 3 2.235 -1.125     2.471
10 9 3 1.417 0.531     3.096
10 10 3 0.667 1.234     3.353
10 1 4 2.995 -3.110     1.213
10 2 4 2.037 -1.229     2.830
10 3 4 1.537 0.469     2.923
10 4 4 0.537 0.620     3.616
10 5 4 0.974 -0.005     3.364
10 6 4 0.506 0.604     3.539
10 7 4 -0.218 0.370     3.255
10 8 4 1.954 -1.172     2.557
10 9 4 1.417 -0.464     2.886
10 10 4 -0.265 0.693     3.557
10 1 5 2.532 -3.125     1.325
10 2 5 1.297 -1.120     2.937
10 3 5 0.870 0.547     3.451
10 4 5 0.047 0.838     3.703
10 5 5 0.631 -0.297     3.463
10 6 5 0.917 -0.214     3.212
10 7 5 -0.093 0.786     3.208
10 8 5 1.662 -0.651     2.867
10 9 5 1.526 -0.906     2.700
10 10 5 -0.458 0.250     3.615
10 1 6 1.563 -3.313     1.583
10 2 6 1.110 -1.781     2.780
10 3 6 0.714 -0.182     3.604
10 4 6 -0.171 -0.406     3.505
10 5 6 0.495 -1.401     2.910
10 6 6 1.204 -0.974     2.905
10 7 6 0.490 -0.334     3.253
10 8 6 1.422 0.026     3.172
10 9 6 1.558 -0.740     2.725
10 10 6 -0.270 0.094     3.680
10 1 7 0.891 -2.917     2.025
10 2 7 1.157 -2.375     2.581
10 3 7 0.386 -1.557     3.020
10 4 7 -0.187 -1.610     2.764
10 5 7 1.365 -1.334     2.852
10 6 7 1.521 -1.156     2.795
10 7 7 1.094 -1.271     2.788
10 8 7 1.553 -0.240     2.921
10 9 7 0.875 -0.599     3.076
10 10 7 -0.166 -0.037     3.613
10 1 8 0.636 -3.766     1.779
10 2 8 0.724 -3.255     2.458
10 3 8 -0.182 -1.735     3.005
10 4 8 0.271 -0.672     3.414
10 5 8 1.995 -0.391     2.860
10 6 8 1.605 -0.948     2.917
10 7 8 1.355 -1.005     2.892
10 8 8 1.568 -0.724     2.730
10 9 8 0.506 -0.396     3.257
10 10 8 -0.437 -0.167     3.478
10 1 9 0.485 -3.964     0.376
10 2 9 1.136 -3.724     0.918
10 3 9 0.282 -1.724     1.417
10 4 9 0.318 -0.328     1.560
10 5 9 1.521 -0.912     1.364
10 6 9 1.235 -0.886     1.301
10 7 9 1.323 -0.573     1.241
10 8 9 1.235 -0.224     1.178
10 9 9 -0.161 0.005     1.577
10 10 9 -1.073 -0.146     1.345
11 1 1 2.778 -4.237     0.918
11 2 1 1.690 -2.039     2.058
11 3 1 0.315 -1.320     2.931
11 4 1 1.237 -0.831     2.831
11 5 1 2.080 0.534     2.533
11 6 1 0.955 1.127     3.041
11 7 1 1.018 -0.263     2.889
11 8 1 1.080 0.091     2.711
11 9 1 1.252 -1.300     2.670
11 10 1 1.632 -2.570     2.441
11 1 2 2.799 -3.982     0.970
11 2 2 1.669 -1.748     2.863
11 3 2 1.096 -0.482     2.987
11 4 2 1.341 0.096     2.766
11 5 2 1.299 -0.956     3.404
11 6 2 0.002 -1.050     3.828
11 7 2 0.018 -2.274     2.813
11 8 2 0.731 -2.383     2.533
11 9 2 0.627 -2.763     2.875
11 10 2 1.039 -3.492     2.673
11 1 3 3.106 -3.471     1.009
11 2 3 2.315 -1.581     2.793
11 3 3 1.789 0.331     2.728
11 4 3 0.627 0.440     3.224
11 5 3 -0.487 -1.998     3.206
11 6 3 -1.269 -2.367     3.485
11 7 3 -1.295 -3.680     2.815
11 8 3 0.309 -4.419     2.284
11 9 3 0.820 -4.326     2.788
11 10 3 0.789 -4.362     3.005
11 1 4 2.669 -2.623     1.227
11 2 4 2.018 -1.195     2.989
11 3 4 1.565 0.351     3.067
11 4 4 -0.524 0.028     3.907
11 5 4 -1.467 -2.206     3.313
11 6 4 -1.696 -2.961     3.334
11 7 4 -1.915 -3.768     2.943
11 8 4 0.283 -4.914     2.280
11 9 4 1.268 -4.992     2.509
11 10 4 0.815 -4.763     3.103
11 1 5 1.919 -2.586     1.370
11 2 5 1.080 -1.117     3.086
11 3 5 0.554 -0.347     3.728
11 4 5 -1.498 -0.987     3.764
11 5 5 -2.118 -2.945     3.227
11 6 5 -1.477 -3.831     2.941
11 7 5 -1.790 -3.789     2.923
11 8 5 0.148 -4.711     2.542
11 9 5 1.570 -5.029     2.350
11 10 5 1.080 -4.794     3.132
11 1 6 0.434 -2.664     1.614
11 2 6 0.164 -1.992     2.855
11 3 6 -0.717 -1.831     3.625
11 4 6 -2.685 -2.992     3.180
11 5 6 -2.430 -4.123     2.592
11 6 6 -1.118 -4.211     2.650
11 7 6 -1.217 -4.404     2.893
11 8 6 0.158 -4.169     2.873
11 9 6 1.710 -4.831     2.384
11 10 6 1.429 -4.732     3.165
11 1 7 -0.409 -2.263     2.066
11 2 7 -0.336 -2.638     2.584
11 3 7 -1.967 -3.258     2.830
11 4 7 -3.602 -4.091     2.380
11 5 7 -1.946 -3.836     2.586
11 6 7 -0.826 -3.982     2.589
11 7 7 -0.691 -4.690     2.484
11 8 7 0.544 -4.107     2.675
11 9 7 1.362 -4.654     2.703
11 10 7 1.653 -4.727     3.102
11 1 8 -0.675 -2.732     1.801
11 2 8 -0.941 -3.091     2.408
11 3 8 -2.659 -2.925     2.778
11 4 8 -3.383 -2.617     3.069
11 5 8 -1.717 -2.555     2.768
11 6 8 -1.138 -3.862     2.683
11 7 8 -0.576 -4.555     2.576
11 8 8 0.820 -4.513     2.461
11 9 8 1.382 -4.456     2.870
11 10 8 1.653 -4.727     2.995
11 1 9 -0.852 -2.831     0.340
11 2 9 -0.737 -3.086     0.865
11 3 9 -1.972 -2.248     1.311
11 4 9 -2.956 -1.820     1.402
11 5 9 -2.383 -2.909     1.198
11 6 9 -1.779 -4.154     1.094
11 7 9 -0.409 -4.503     1.038
11 8 9 1.013 -4.268     1.011
11 9 9 1.226 -4.143     1.335
11 10 9 1.164 -4.654     1.115
12 1 1 0.681 -0.621     0.942
12 2 1 -0.199 0.020     2.190
12 3 1 -0.912 0.103     2.950
12 4 1 1.088 0.139     2.831
12 5 1 2.140 0.129     2.433
12 6 1 0.119 1.202     3.032
12 7 1 -0.147 -0.407     3.003
12 8 1 0.119 0.473     2.828
12 9 1 0.181 0.270     2.802
12 10 1 0.546 0.041     2.529
12 1 2 0.572 -0.720     0.997
12 2 2 -0.517 0.145     3.143
12 3 2 -0.433 1.072     2.986
12 4 2 0.770 1.405     2.722
12 5 2 1.437 -0.126     3.549
12 6 2 -0.298 -0.022     3.967
12 7 2 -0.892 -1.053     2.792
12 8 2 0.171 -1.084     2.563
12 9 2 0.041 -0.288     3.006
12 10 2 0.306 -0.131     2.782
12 1 3 0.692 -0.954     1.023
12 2 3 0.072 -0.173     2.982
12 3 3 0.327 1.457     2.691
12 4 3 0.192 1.457     3.188
12 5 3 0.009 -0.262     3.338
12 6 3 -0.907 -0.308     3.511
12 7 3 -1.730 -1.366     2.673
12 8 3 -0.032 -2.100     2.182
12 9 3 0.536 -1.048     2.794
12 10 3 0.239 -0.522     3.069
12 1 4 0.286 -1.319     1.229
12 2 4 0.520 -0.616     3.215
12 3 4 1.207 1.035     2.998
12 4 4 -0.069 1.015     3.924
12 5 4 -0.418 -0.241     3.415
12 6 4 -0.918 -0.600     3.330
12 7 4 -2.063 -1.225     2.760
12 8 4 0.015 -2.288     2.174
12 9 4 1.145 -1.564     2.421
12 10 4 0.400 -0.892     3.104
12 1 5 0.239 -2.006     1.305
12 2 5 0.947 -0.735     3.075
12 3 5 1.676 0.572     3.609
12 4 5 0.046 0.499     3.873
12 5 5 -0.725 -1.022     3.207
12 6 5 -0.647 -1.621     2.850
12 7 5 -1.798 -1.439     2.755
12 8 5 -0.079 -2.126     2.444
12 9 5 1.369 -1.720     2.241
12 10 5 0.546 -1.084     3.104
12 1 6 0.150 -1.652     1.583
12 2 6 1.655 -0.746     2.775
12 3 6 1.546 -0.027     3.563
12 4 6 -0.558 -0.907     3.198
12 5 6 -0.839 -2.116     2.448
12 6 6 -0.199 -2.163     2.530
12 7 6 -0.902 -2.194     2.728
12 8 6 0.213 -1.433     2.845
12 9 6 1.562 -1.631     2.267
12 10 6 0.744 -1.121     3.129
12 1 7 0.218 -0.626     2.086
12 2 7 1.895 -0.652     2.496
12 3 7 0.562 -0.913     2.841
12 4 7 -1.282 -1.496     2.297
12 5 7 0.056 -1.397     2.586
12 6 7 0.530 -1.756     2.526
12 7 7 0.088 -2.433     2.353
12 8 7 0.900 -1.439     2.622
12 9 7 1.166 -1.683     2.597
12 10 7 0.848 -1.209     3.047
12 1 8 0.275 -0.965     1.802
12 2 8 0.947 -1.116     2.395
12 3 8 -0.563 -0.683     2.826
12 4 8 -1.048 0.139     3.084
12 5 8 0.744 0.322     2.831
12 6 8 0.629 -1.137     2.694
12 7 8 0.468 -2.069     2.482
12 8 8 1.260 -1.980     2.336
12 9 8 1.129 -1.678     2.764
12 10 8 0.754 -1.381     2.931
12 1 9 -0.074 -0.881     0.332
12 2 9 0.588 -1.407     0.891
12 3 9 -0.272 -0.485     1.373
12 4 9 -0.803 0.561     1.430
12 5 9 0.145 -0.152     1.296
12 6 9 0.150 -1.178     1.139
12 7 9 0.650 -1.762     1.046
12 8 9 1.442 -1.548     0.996
12 9 9 0.900 -1.329     1.341
12 10 9 0.161 -1.501     1.124
13 1 1 -0.719 3.770     0.819
13 2 1 -0.604 3.332     1.997
13 3 1 0.010 2.473     2.807
13 4 1 1.542 2.306     2.648
13 5 1 2.214 1.629     2.275
13 6 1 1.885 1.301     2.910
13 7 1 2.974 0.150     2.781
13 8 1 3.495 0.816     2.514
13 9 1 3.422 0.738     2.507
13 10 1 3.417 0.514     2.238
13 1 2 -0.443 3.504     1.002
13 2 2 -0.135 3.103     3.131
13 3 2 0.703 2.566     2.925
13 4 2 1.422 2.160     2.690
13 5 2 1.781 1.061     3.704
13 6 2 1.813 0.874     3.944
13 7 2 3.172 0.374     2.685
13 8 2 4.234 0.421     2.348
13 9 2 3.521 1.509     2.764
13 10 2 3.297 1.447     2.570
13 1 3 -0.016 3.238     1.038
13 2 3 0.552 2.785     2.867
13 3 3 1.172 2.504     2.643
13 4 3 1.297 1.780     3.159
13 5 3 1.589 1.186     3.353
13 6 3 1.802 1.520     3.443
13 7 3 2.781 1.191     2.597
13 8 3 4.625 0.900     1.992
13 9 3 3.906 2.093     2.507
13 10 3 2.719 2.322     2.820
13 1 4 -0.005 2.905     1.238
13 2 4 0.656 2.379     3.316
13 3 4 1.177 2.306     2.936
13 4 4 1.125 1.780     3.855
13 5 4 1.875 1.499     3.341
13 6 4 2.000 1.957     3.201
13 7 4 2.484 2.441     2.608
13 8 4 4.776 1.915     1.923
13 9 4 4.073 2.379     2.168
13 10 4 2.042 2.827     2.853
13 1 5 -0.073 2.249     1.353
13 2 5 0.422 2.056     3.092
13 3 5 0.813 2.171     3.525
13 4 5 0.958 1.869     3.812
13 5 5 1.938 1.353     3.149
13 6 5 2.531 2.035     2.716
13 7 5 2.651 3.098     2.524
13 8 5 4.578 2.665     2.129
13 9 5 4.063 2.488     2.016
13 10 5 1.552 2.973     2.874
13 1 6 -0.187 1.863     1.642
13 2 6 0.339 1.816     2.829
13 3 6 0.203 2.046     3.521
13 4 6 0.479 1.514     3.263
13 5 6 2.224 1.499     2.424
13 6 6 3.052 2.415     2.348
13 7 6 3.052 2.895     2.473
13 8 6 4.328 3.494     2.397
13 9 6 3.750 2.624     2.045
13 10 6 1.214 3.046     2.909
13 1 7 -0.141 1.843     2.124
13 2 7 0.229 1.843     2.565
13 3 7 -0.328 1.957     2.869
13 4 7 0.526 1.874     2.370
13 5 7 2.818 2.353     2.428
13 6 7 3.042 2.379     2.350
13 7 7 3.464 2.634     2.160
13 8 7 4.260 3.473     2.225
13 9 7 2.646 2.827     2.400
13 10 7 0.917 3.129     2.834
13 1 8 0.104 1.322     1.890
13 2 8 0.287 1.577     2.498
13 3 8 0.063 2.421     2.797
13 4 8 1.328 2.723     2.946
13 5 8 2.839 2.415     2.636
13 6 8 2.802 1.957     2.554
13 7 8 3.714 2.691     2.229
13 8 8 3.964 3.051     2.068
13 9 8 1.984 3.202     2.547
13 10 8 0.422 3.244     2.731
13 1 9 0.094 1.244     0.485
13 2 9 0.912 1.191     1.075
13 3 9 0.990 1.926     1.498
13 4 9 1.573 1.843     1.530
13 5 9 2.771 1.093     1.367
13 6 9 3.339 1.889     1.183
13 7 9 4.042 2.733     1.062
13 8 9 3.344 3.306     1.033
13 9 9 0.969 3.634     1.351
13 10 9 -0.365 3.467     1.156
14 1 1 0.321 4.247     0.663
14 2 1 0.472 4.206     1.710
14 3 1 1.092 3.523     2.460
14 4 1 1.607 3.351     2.324
14 5 1 1.571 3.232     2.011
14 6 1 1.696 2.607     2.620
14 7 1 2.342 1.805     2.529
14 8 1 2.461 1.612     2.309
14 9 1 2.295 1.226     2.340
14 10 1 1.847 0.914     2.160
14 1 2 0.326 3.831     1.012
14 2 2 0.826 3.758     3.044
14 3 2 1.477 3.247     2.759
14 4 2 1.597 2.841     2.601
14 5 2 1.487 2.586     3.701
14 6 2 1.862 2.393     3.728
14 7 2 2.774 2.206     2.536
14 8 2 2.972 1.857     2.249
14 9 2 2.430 1.825     2.681
14 10 2 2.008 1.341     2.587
14 1 3 0.300 3.310     1.070
14 2 3 1.008 3.122     2.734
14 3 3 1.503 2.778     2.571
14 4 3 1.472 2.216     3.095
14 5 3 1.612 2.341     3.234
14 6 3 2.112 2.518     3.232
14 7 3 3.045 2.596     2.408
14 8 3 3.529 2.310     1.888
14 9 3 2.560 2.351     2.388
14 10 3 1.816 1.877     2.790
14 1 4 0.139 2.633     1.283
14 2 4 0.961 2.341     3.423
14 3 4 1.269 2.174     2.932
14 4 4 1.373 1.846     3.801
14 5 4 1.946 2.195     3.220
14 6 4 2.321 2.497     3.018
14 7 4 3.144 2.898     2.383
14 8 4 3.836 2.596     1.794
14 9 4 2.508 2.508     2.090
14 10 4 1.373 2.315     2.804
14 1 5 0.139 2.008     1.430
14 2 5 0.862 1.851     3.136
14 3 5 0.956 1.737     3.554
14 4 5 1.269 1.674     3.799
14 5 5 2.326 2.081     3.019
14 6 5 2.836 2.669     2.527
14 7 5 3.274 3.023     2.294
14 8 5 3.857 2.815     1.931
14 9 5 2.503 2.487     1.967
14 10 5 1.050 2.565     2.816
14 1 6 0.612 1.888     1.706
14 2 6 0.972 1.872     2.894
14 3 6 0.701 1.737     3.569
14 4 6 1.482 1.976     3.240
14 5 6 2.982 2.690     2.277
14 6 6 3.305 3.180     2.147
14 7 6 3.430 3.180     2.227
14 8 6 3.743 3.237     2.134
14 9 6 2.389 2.435     2.009
14 10 6 0.868 2.721     2.837
14 1 7 1.060 2.065     2.122
14 2 7 1.118 2.101     2.607
14 3 7 0.904 2.268     2.876
14 4 7 2.326 2.976     2.272
14 5 7 3.607 3.409     2.178
14 6 7 3.321 3.278     2.137
14 7 7 3.519 3.430     1.947
14 8 7 3.441 3.372     1.993
14 9 7 1.987 2.622     2.321
14 10 7 0.862 2.872     2.751
14 1 8 1.336 2.148     1.896
14 2 8 1.373 2.419     2.499
14 3 8 1.696 2.935     2.676
14 4 8 3.040 3.388     2.637
14 5 8 3.586 3.086     2.359
14 6 8 3.316 2.992     2.315
14 7 8 3.659 3.560     1.981
14 8 8 3.128 3.383     1.887
14 9 8 1.753 3.138     2.413
14 10 8 0.810 3.127     2.616
14 1 9 1.685 2.221     0.620
14 2 9 1.862 2.534     1.216
14 3 9 2.159 2.815     1.540
14 4 9 3.086 2.685     1.531
14 5 9 3.727 2.471     1.368
14 6 9 3.857 3.034     1.185
14 7 9 3.842 3.518     1.072
14 8 9 2.743 3.497     1.060
14 9 9 1.352 3.502     1.382
14 10 9 0.665 3.565     1.235
15 1 1 0.808 0.592     0.643
15 2 1 0.495 0.509     1.756
15 3 1 0.344 -0.106     2.540
15 4 1 1.438 0.076     2.284
15 5 1 1.693 0.613     1.949
15 6 1 0.797 0.582     2.606
15 7 1 1.542 -0.585     2.464
15 8 1 1.959 0.212     2.226
15 9 1 1.823 0.227     2.278
15 10 1 1.828 -0.226     2.079
15 1 2 0.542 0.477     1.004
15 2 2 0.354 0.519     3.296
15 3 2 0.787 0.462     2.768
15 4 2 1.443 0.446     2.527
15 5 2 1.354 -0.366     3.849
15 6 2 0.438 -0.564     3.792
15 7 2 1.120 -1.101     2.462
15 8 2 2.084 -0.585     2.167
15 9 2 1.485 0.358     2.646
15 10 2 1.271 0.186     2.583
15 1 3 0.610 0.316     1.064
15 2 3 0.797 0.269     2.756
15 3 3 1.120 0.701     2.532
15 4 3 0.880 0.321     3.084
15 5 3 0.662 -0.783     3.220
15 6 3 0.292 -0.507     3.273
15 7 3 0.620 -0.799     2.416
15 8 3 2.068 -0.820     1.804
15 9 3 1.511 0.071     2.368
15 10 3 0.599 0.269     2.862
15 1 4 0.401 0.139     1.293
15 2 4 0.880 -0.116     3.650
15 3 4 1.026 0.436     2.896
15 4 4 0.235 0.076     3.889
15 5 4 0.599 -0.460     3.243
15 6 4 0.505 0.050     3.052
15 7 4 0.334 0.394     2.444
15 8 4 2.042 -0.429     1.704
15 9 4 1.646 -0.293     2.063
15 10 4 0.203 0.108     2.907
15 1 5 0.360 -0.481     1.430
15 2 5 0.792 -0.418     3.143
15 3 5 0.797 0.087     3.546
15 4 5 0.057 -0.028     3.922
15 5 5 0.610 -0.450     3.041
15 6 5 1.047 0.014     2.507
15 7 5 0.558 1.003     2.262
15 8 5 1.813 0.061     1.858
15 9 5 1.662 -0.392     1.945
15 10 5 0.104 0.050     2.966
15 1 6 0.287 -0.877     1.681
15 2 6 0.990 -0.679     2.855
15 3 6 0.755 -0.293     3.561
15 4 6 0.115 -0.543     3.270
15 5 6 0.813 -0.721     2.276
15 6 6 1.432 -0.189     2.087
15 7 6 0.985 0.259     2.214
15 8 6 1.500 0.378     2.089
15 9 6 1.459 -0.294     1.985
15 10 6 0.156 0.154     2.973
15 1 7 0.318 -0.611     2.108
15 2 7 1.156 -0.648     2.570
15 3 7 0.599 -0.642     2.871
15 4 7 0.292 -0.778     2.295
15 5 7 1.386 -0.455     2.131
15 6 7 1.490 -0.340     2.070
15 7 7 1.261 -0.512     1.915
15 8 7 1.401 -0.028     1.972
15 9 7 0.813 -0.205     2.355
15 10 7 0.078 0.222     2.842
15 1 8 0.490 -0.783     1.857
15 2 8 0.839 -0.736     2.489
15 3 8 0.328 -0.314     2.741
15 4 8 0.599 0.024     2.690
15 5 8 1.620 -0.028     2.283
15 6 8 1.365 -0.392     2.264
15 7 8 1.313 -0.481     1.957
15 8 8 1.370 -0.434     1.870
15 9 8 0.542 -0.070     2.477
15 10 8 -0.239 0.201     2.712
15 1 9 0.412 -0.793     0.613
15 2 9 0.854 -0.960     1.235
15 3 9 0.511 -0.205     1.601
15 4 9 0.646 0.191     1.584
15 5 9 1.360 -0.429     1.369
15 6 9 1.240 -0.398     1.200
15 7 9 1.297 -0.283     1.087
15 8 9 1.130 -0.137     1.110
15 9 9 0.052 0.154     1.480
15 10 9 -0.812 0.201     1.282
16 1 1 -1.671 3.858     0.588
16 2 1 -1.317 2.874     1.635
16 3 1 -0.561 1.952     2.463
16 4 1 0.725 1.639     2.258
16 5 1 0.907 0.936     1.976
16 6 1 0.413 1.025     2.632
16 7 1 1.611 -0.126     2.435
16 8 1 2.282 0.421     2.128
16 9 1 2.178 0.327     2.185
16 10 1 1.892 0.098     1.968
16 1 2 -1.634 3.603     0.994
16 2 2 -0.988 2.744     3.273
16 3 2 -0.025 2.191     2.754
16 4 2 0.506 1.770     2.576
16 5 2 0.423 0.348     4.280
16 6 2 0.121 0.301     4.037
16 7 2 1.308 -0.100     2.578
16 8 2 2.605 0.155     2.256
16 9 2 2.262 0.848     2.596
16 10 2 1.824 0.775     2.538
16 1 3 -1.567 3.124     1.068
16 2 3 -0.671 2.280     2.709
16 3 3 0.053 1.952     2.568
16 4 3 0.012 1.296     3.188
16 5 3 0.053 0.426     3.444
16 6 3 0.121 0.712     3.460
16 7 3 0.965 0.645     2.548
16 8 3 2.777 0.577     1.805
16 9 3 2.512 1.332     2.298
16 10 3 1.407 1.374     2.800
16 1 4 -1.811 2.509     1.292
16 2 4 -0.686 1.608     3.818
16 3 4 -0.030 1.337     3.001
16 4 4 -0.264 0.936     4.029
16 5 4 0.376 0.707     3.405
16 6 4 0.595 1.082     3.174
16 7 4 0.918 1.665     2.489
16 8 4 2.829 1.290     1.702
16 9 4 2.532 1.535     2.019
16 10 4 0.897 1.676     2.859
16 1 5 -1.968 1.660     1.447
16 2 5 -0.718 1.040     3.244
16 3 5 -0.228 0.931     3.707
16 4 5 -0.327 0.712     4.101
16 5 5 0.663 0.452     3.211
16 6 5 1.392 1.025     2.584
16 7 5 1.361 2.014     2.276
16 8 5 2.694 1.738     1.824
16 9 5 2.335 1.535     1.927
16 10 5 0.444 1.743     2.924
16 1 6 -1.473 1.348     1.707
16 2 6 -0.212 0.858     3.058
16 3 6 -0.311 0.910     3.713
16 4 6 -0.311 0.577     3.473
16 5 6 1.178 0.592     2.405
16 6 6 2.090 1.379     2.101
16 7 6 1.975 1.697     2.214
16 8 6 2.512 2.145     2.027
16 9 6 1.959 1.514     1.993
16 10 6 0.168 1.728     2.935
16 1 7 -1.014 1.754     2.121
16 2 7 -0.035 1.384     2.668
16 3 7 -0.442 1.363     2.974
16 4 7 0.069 1.405     2.406
16 5 7 1.892 1.681     2.122
16 6 7 2.152 1.749     2.065
16 7 7 2.220 1.645     1.926
16 8 7 2.444 2.040     1.912
16 9 7 1.272 1.551     2.388
16 10 7 -0.014 1.733     2.817
16 1 8 -0.692 1.947     1.884
16 2 8 -0.171 1.858     2.530
16 3 8 -0.098 2.087     2.757
16 4 8 0.767 2.415     2.629
16 5 8 1.923 2.098     2.233
16 6 8 1.824 1.556     2.285
16 7 8 2.147 1.853     1.960
16 8 8 2.277 1.863     1.855
16 9 8 0.970 1.858     2.490
16 10 8 -0.327 1.754     2.683
16 1 9 -0.473 2.441     0.715
16 2 9 0.126 2.061     1.353
16 3 9 0.496 1.900     1.712
16 4 9 0.954 1.790     1.684
16 5 9 1.595 1.077     1.500
16 6 9 1.808 1.249     1.330
16 7 9 2.236 1.869     1.186
16 8 9 1.959 2.191     1.181
16 9 9 0.366 2.254     1.558
16 10 9 -0.822 1.895     1.317
17 1 1 -1.157 2.792     0.557
17 2 1 -0.902 2.324     1.538
17 3 1 -0.542 1.704     2.385
17 4 1 0.411 1.292     2.234
17 5 1 0.718 0.423     2.014
17 6 1 0.161 0.454     2.701
17 7 1 0.765 -0.380     2.456
17 8 1 0.989 0.188     2.135
17 9 1 0.739 -0.187     2.221
17 10 1 0.651 -0.926     1.921
17 1 2 -1.162 2.485     1.013
17 2 2 -0.657 2.204     3.309
17 3 2 -0.224 1.881     2.723
17 4 2 -0.037 1.396     2.592
17 5 2 0.119 0.120     4.733
17 6 2 -0.178 -0.150     4.240
17 7 2 0.458 -0.609     2.677
17 8 2 1.187 -0.333     2.443
17 9 2 0.640 -0.078     2.718
17 10 2 0.463 -0.739     2.591
17 1 3 -1.245 1.995     1.101
17 2 3 -0.480 1.594     2.731
17 3 3 -0.110 1.386     2.608
17 4 3 -0.412 0.792     3.263
17 5 3 -0.360 0.089     3.604
17 6 3 -0.448 0.136     3.609
17 7 3 -0.079 -0.234     2.746
17 8 3 1.302 -0.369     1.856
17 9 3 0.968 -0.067     2.387
17 10 3 0.260 -0.703     2.866
17 1 4 -1.500 1.516     1.318
17 2 4 -0.474 1.110     4.061
17 3 4 0.010 0.787     3.124
17 4 4 -0.381 0.386     4.162
17 5 4 -0.115 0.199     3.633
17 6 4 -0.412 0.412     3.296
17 7 4 -0.417 0.542     2.633
17 8 4 1.401 -0.067     1.753
17 9 4 1.338 -0.192     2.073
17 10 4 0.296 -0.744     2.913
17 1 5 -1.443 1.157     1.478
17 2 5 -0.391 0.891     3.302
17 3 5 -0.021 0.547     3.821
17 4 5 -0.256 0.225     4.274
17 5 5 0.249 -0.015     3.385
17 6 5 0.291 0.303     2.719
17 7 5 -0.094 0.813     2.362
17 8 5 1.260 0.173     1.884
17 9 5 1.484 -0.333     1.973
17 10 5 0.463 -0.723     2.974
17 1 6 -1.141 1.396     1.743
17 2 6 -0.136 0.928     3.134
17 3 6 -0.183 0.605     3.821
17 4 6 -0.256 0.167     3.644
17 5 6 0.661 0.157     2.506
17 6 6 1.036 0.365     2.168
17 7 6 0.536 0.308     2.321
17 8 6 1.145 0.459     2.074
17 9 6 1.453 -0.442     2.038
17 10 6 0.682 -0.666     2.972
17 1 7 -0.834 1.803     2.069
17 2 7 -0.292 1.240     2.700
17 3 7 -0.485 0.881     3.026
17 4 7 -0.105 0.725     2.510
17 5 7 1.098 0.771     2.156
17 6 7 1.098 0.318     2.121
17 7 7 0.973 -0.046     2.000
17 8 7 1.286 0.199     1.982
17 9 7 1.151 -0.499     2.444
17 10 7 0.874 -0.718     2.835
17 1 8 -0.641 1.928     1.847
17 2 8 -0.511 1.506     2.535
17 3 8 -0.459 1.287     2.755
17 4 8 0.223 1.261     2.653
17 5 8 1.010 0.725     2.274
17 6 8 0.869 -0.062     2.355
17 7 8 1.083 -0.057     2.040
17 8 8 1.385 -0.182     1.910
17 9 8 1.109 -0.421     2.556
17 10 8 0.838 -0.833     2.700
17 1 9 -0.584 2.256     0.758
17 2 9 -0.417 1.714     1.392
17 3 9 -0.209 1.084     1.776
17 4 9 0.223 0.745     1.779
17 5 9 0.812 0.063     1.590
17 6 9 0.984 -0.176     1.411
17 7 9 1.296 -0.025     1.250
17 8 9 1.260 -0.078     1.281
17 9 9 0.692 -0.312     1.686
17 10 9 0.432 -0.864     1.391
18 1 1 0.773 -0.507     0.569
18 2 1 0.701 -0.544     1.612
18 3 1 0.826 -0.429     2.467
18 4 1 1.586 -0.216     2.233
18 5 1 1.857 -0.085     1.989
18 6 1 1.576 0.211     2.674
18 7 1 2.414 -0.684     2.325
18 8 1 2.466 0.185     2.027
18 9 1 1.992 0.456     2.156
18 10 1 1.659 0.435     1.918
18 1 2 0.706 -0.262     1.028
18 2 2 0.711 -0.252     3.588
18 3 2 1.206 -0.111     2.761
18 4 2 1.685 -0.111     2.564
18 5 2 1.815 -0.492     4.784
18 6 2 1.419 -0.226     4.175
18 7 2 2.169 -0.700     2.568
18 8 2 2.716 -0.289     2.404
18 9 2 1.789 0.961     2.625
18 10 2 1.336 1.008     2.551
18 1 3 0.810 -0.122     1.112
18 2 3 1.039 -0.153     2.740
18 3 3 1.466 0.097     2.623
18 4 3 1.617 -0.117     3.204
18 5 3 1.701 -0.403     3.510
18 6 3 1.331 0.128     3.579
18 7 3 1.617 -0.137     2.717
18 8 3 2.815 -0.273     1.754
18 9 3 1.867 1.008     2.299
18 10 3 0.638 1.269     2.847
18 1 4 0.716 0.019     1.334
18 2 4 1.096 -0.070     4.299
18 3 4 1.440 0.279     3.102
18 4 4 1.326 0.165     4.117
18 5 4 1.794 -0.007     3.523
18 6 4 1.503 0.545     3.234
18 7 4 1.310 0.987     2.601
18 8 4 2.805 0.336     1.662
18 9 4 1.888 0.779     2.017
18 10 4 0.060 1.227     2.918
18 1 5 0.763 -0.164     1.489
18 2 5 1.034 0.071     3.336
18 3 5 1.185 0.508     3.799
18 4 5 1.050 0.399     4.270
18 5 5 1.659 -0.007     3.312
18 6 5 1.878 0.618     2.641
18 7 5 1.451 1.659     2.282
18 8 5 2.555 0.935     1.785
18 9 5 1.794 0.659     1.934
18 10 5 -0.195 1.154     2.984
18 1 6 0.784 -0.216     1.759
18 2 6 1.112 0.128     3.150
18 3 6 0.810 0.571     3.859
18 4 6 0.643 0.196     3.740
18 5 6 1.742 0.081     2.476
18 6 6 2.237 0.826     2.087
18 7 6 1.789 1.211     2.240
18 8 6 2.206 1.430     1.966
18 9 6 1.534 0.800     2.012
18 10 6 -0.232 1.175     2.980
18 1 7 0.862 0.133     2.083
18 2 7 1.034 0.352     2.742
18 3 7 0.305 0.571     3.129
18 4 7 0.513 0.503     2.607
18 5 7 2.122 0.826     2.097
18 6 7 2.221 0.784     2.043
18 7 7 2.018 0.649     1.956
18 8 7 2.034 1.227     1.899
18 9 7 0.721 0.977     2.462
18 10 7 -0.315 1.269     2.828
18 1 8 0.971 0.253     1.842
18 2 8 0.898 0.446     2.586
18 3 8 0.404 1.019     2.795
18 4 8 1.024 1.321     2.632
18 5 8 2.148 1.123     2.178
18 6 8 1.914 0.529     2.302
18 7 8 1.992 0.639     1.994
18 8 8 1.794 0.826     1.872
18 9 8 0.289 1.154     2.571
18 10 8 -0.659 1.258     2.683
18 1 9 0.773 0.576     0.756
18 2 9 1.149 0.441     1.439
18 3 9 0.940 0.894     1.802
18 4 9 1.154 0.915     1.790
18 5 9 1.925 0.264     1.573
18 6 9 1.987 0.430     1.395
18 7 9 1.951 0.795     1.236
18 8 9 1.232 1.008     1.286
18 9 9 -0.367 1.326     1.693
18 10 9 -1.180 1.300     1.384
19 1 1 1.310 1.349     0.532
19 2 1 1.195 0.891     1.655
19 3 1 1.602 0.401     2.456
19 4 1 2.346 0.500     2.143
19 5 1 2.305 1.230     1.903
19 6 1 2.174 1.079     2.571
19 7 1 2.945 0.412     2.175
19 8 1 3.227 0.912     1.914
19 9 1 3.466 0.865     2.001
19 10 1 3.549 0.693     1.786
19 1 2 1.216 1.167     0.991
19 2 2 1.336 0.693     3.733
19 3 2 2.003 0.506     2.700
19 4 2 2.560 0.276     2.463
19 5 2 2.534 0.266     4.693
19 6 2 2.393 0.610     3.941
19 7 2 3.164 0.407     2.375
19 8 2 3.586 0.688     2.344
19 9 2 3.200 1.547     2.426
19 10 2 3.128 1.495     2.365
19 1 3 1.154 0.844     1.085
19 2 3 1.513 0.407     2.746
19 3 3 2.117 0.401     2.559
19 4 3 2.456 0.026     3.057
19 5 3 2.607 -0.010     3.308
19 6 3 2.549 0.683     3.379
19 7 3 3.133 0.641     2.509
19 8 3 4.049 0.698     1.614
19 9 3 3.232 1.829     2.112
19 10 3 2.299 2.042     2.675
19 1 4 0.914 0.573     1.319
19 2 4 1.492 0.198     4.460
19 3 4 1.987 0.266     3.028
19 4 4 2.128 0.063     3.958
19 5 4 2.747 0.188     3.310
19 6 4 2.711 0.834     3.036
19 7 4 3.091 1.323     2.409
19 8 4 4.409 1.099     1.505
19 9 4 3.268 1.802     1.869
19 10 4 1.513 2.235     2.795
19 1 5 0.852 0.287     1.488
19 2 5 1.440 0.261     3.331
19 3 5 1.768 0.344     3.714
19 4 5 2.034 0.204     4.115
19 5 5 2.878 0.266     3.111
19 6 5 3.154 1.068     2.442
19 7 5 3.200 1.922     2.092
19 8 5 4.372 1.636     1.594
19 9 5 3.315 1.756     1.792
19 10 5 1.138 2.323     2.873
19 1 6 1.060 0.329     1.730
19 2 6 1.549 0.459     3.141
19 3 6 1.539 0.526     3.809
19 4 6 2.003 0.349     3.638
19 5 6 3.305 0.724     2.294
19 6 6 3.622 1.516     1.902
19 7 6 3.461 1.943     2.025
19 8 6 4.128 2.391     1.722
19 9 6 3.096 1.875     1.873
19 10 6 0.924 2.506     2.849
19 1 7 1.247 0.761     2.016
19 2 7 1.674 0.750     2.722
19 3 7 1.471 0.829     3.117
19 4 7 2.325 1.016     2.518
19 5 7 3.742 1.454     1.890
19 6 7 3.638 1.433     1.862
19 7 7 3.789 1.756     1.770
19 8 7 3.940 2.506     1.675
19 9 7 2.279 2.193     2.312
19 10 7 0.721 2.750     2.690
19 1 8 1.482 1.058     1.763
19 2 8 1.773 1.120     2.543
19 3 8 1.794 1.443     2.711
19 4 8 2.768 1.657     2.435
19 5 8 3.659 1.422     1.979
19 6 8 3.581 1.105     2.103
19 7 8 4.096 1.750     1.774
19 8 8 3.721 2.261     1.685
19 9 8 1.768 2.698     2.405
19 10 8 0.253 3.026     2.542
19 1 9 1.596 1.329     0.727
19 2 9 2.029 1.297     1.456
19 3 9 2.154 1.495     1.779
19 4 9 2.841 1.230     1.735
19 5 9 3.753 0.782     1.475
19 6 9 4.128 1.287     1.304
19 7 9 4.450 1.948     1.137
19 8 9 3.372 2.573     1.215
19 9 9 0.997 3.136     1.638
19 10 9 -0.487 3.323     1.372
20 1 1 1.560 -2.747     0.595
20 2 1 1.461 -2.310     1.705
20 3 1 1.268 -1.518     2.501
20 4 1 1.857 -1.138     2.194
20 5 1 2.034 -0.706     1.976
20 6 1 1.633 -0.279     2.663
20 7 1 1.893 -0.680     2.229
20 8 1 1.680 0.081     1.981
20 9 1 1.622 -0.159     2.074
20 10 1 1.940 -0.607     1.846
20 1 2 1.529 -2.643     1.001
20 2 2 1.404 -2.065     3.814
20 3 2 1.607 -1.320     2.717
20 4 2 2.128 -1.049     2.461
20 5 2 2.143 -1.127     4.761
20 6 2 1.534 -0.825     3.953
20 7 2 1.867 -1.138     2.406
20 8 2 1.878 -0.690     2.491
20 9 2 1.206 -0.091     2.523
20 10 2 1.419 -0.294     2.458
20 1 3 1.753 -2.627     1.078
20 2 3 1.763 -1.940     2.690
20 3 3 1.867 -1.075     2.578
20 4 3 1.893 -0.883     3.027
20 5 3 1.836 -1.164     3.254
20 6 3 1.435 -0.711     3.395
20 7 3 1.654 -1.143     2.549
20 8 3 2.232 -1.232     1.660
20 9 3 1.398 -0.482     2.219
20 10 3 0.956 -0.258     2.815
20 1 4 1.711 -2.461     1.294
20 2 4 1.852 -1.700     4.495
20 3 4 1.820 -0.971     3.023
20 4 4 1.497 -0.773     3.941
20 5 4 1.815 -0.752     3.288
20 6 4 1.471 -0.320     3.085
20 7 4 1.409 -0.440     2.498
20 8 4 2.477 -1.190     1.540
20 9 4 1.799 -0.956     1.939
20 10 4 0.846 -0.430     2.936
20 1 5 1.612 -2.268     1.454
20 2 5 1.612 -1.388     3.304
20 3 5 1.607 -0.982     3.695
20 4 5 1.393 -0.742     4.114
20 5 5 1.805 -0.732     3.095
20 6 5 1.685 -0.482     2.497
20 7 5 1.310 -0.096     2.206
20 8 5 2.331 -0.992     1.634
20 9 5 2.070 -1.138     1.845
20 10 5 0.971 -0.544     2.989
20 1 6 1.445 -1.971     1.727
20 2 6 1.633 -1.383     3.114
20 3 6 1.529 -1.232     3.806
20 4 6 1.378 -1.284     3.599
20 5 6 1.805 -1.164     2.326
20 6 6 1.893 -0.883     1.947
20 7 6 1.518 -0.721     2.119
20 8 6 2.148 -0.752     1.779
20 9 6 2.122 -1.159     1.919
20 10 6 1.091 -0.518     2.953
20 1 7 1.305 -1.508     2.007
20 2 7 1.779 -1.466     2.714
20 3 7 1.430 -1.653     3.123
20 4 7 1.331 -1.721     2.528
20 5 7 2.138 -1.278     1.924
20 6 7 2.076 -1.258     1.898
20 7 7 1.919 -1.367     1.820
20 8 7 2.211 -0.961     1.738
20 9 7 1.784 -1.159     2.349
20 10 7 1.206 -0.534     2.787
20 1 8 1.336 -1.570     1.760
20 2 8 1.565 -1.607     2.556
20 3 8 1.185 -1.409     2.763
20 4 8 1.596 -1.143     2.485
20 5 8 2.461 -0.987     1.984
20 6 8 2.221 -1.252     2.105
20 7 8 2.247 -1.310     1.804
20 8 8 2.378 -1.263     1.722
20 9 8 1.716 -0.992     2.447
20 10 8 1.174 -0.591     2.638
20 1 9 1.247 -1.680     0.675
20 2 9 1.680 -1.872     1.411
20 3 9 1.409 -1.185     1.750
20 4 9 1.872 -0.851     1.682
20 5 9 2.513 -1.091     1.394
20 6 9 2.232 -0.950     1.253
20 7 9 2.299 -0.997     1.105
20 8 9 2.263 -0.997     1.184
20 9 9 1.466 -0.784     1.620
20 10 9 0.852 -0.622     1.403
21 1 1 1.294 -2.260     0.646
21 2 1 1.059 -1.750     1.783
21 3 1 0.809 -1.219     2.578
21 4 1 1.820 -0.906     2.235
21 5 1 2.059 -0.026     2.034
21 6 1 1.273 0.761     2.742
21 7 1 1.976 -0.286     2.279
21 8 1 2.148 0.724     2.019
21 9 1 1.737 0.740     2.139
21 10 1 1.450 0.057     1.960
21 1 2 1.169 -2.187     1.017
21 2 2 0.924 -1.526     3.986
21 3 2 1.294 -0.823     2.775
21 4 2 2.117 -0.547     2.452
21 5 2 2.122 -0.922     4.807
21 6 2 1.054 -0.469     4.042
21 7 2 1.601 -1.068     2.439
21 8 2 2.085 -0.375     2.631
21 9 2 0.950 0.682     2.645
21 10 2 0.596 0.313     2.669
21 1 3 1.408 -2.094     1.083
21 2 3 1.434 -1.474     2.704
21 3 3 1.700 -0.489     2.613
21 4 3 1.737 -0.448     3.043
21 5 3 1.601 -1.193     3.221
21 6 3 0.914 -0.635     3.505
21 7 3 1.059 -1.088     2.628
21 8 3 2.059 -1.026     1.708
21 9 3 0.924 0.063     2.369
21 10 3 -0.060 0.125     3.102
21 1 4 1.289 -1.823     1.296
21 2 4 1.539 -1.312     4.623
21 3 4 1.690 -0.536     3.038
21 4 4 1.153 -0.557     3.992
21 5 4 1.544 -0.797     3.290
21 6 4 1.122 -0.099     3.207
21 7 4 0.710 0.026     2.680
21 8 4 2.096 -0.771     1.611
21 9 4 1.257 -0.469     2.066
21 10 4 -0.149 -0.229     3.209
21 1 5 1.169 -1.812     1.448
21 2 5 1.440 -1.125     3.289
21 3 5 1.575 -0.739     3.672
21 4 5 1.138 -0.661     4.157
21 5 5 1.658 -0.786     3.135
21 6 5 1.690 -0.234     2.555
21 7 5 0.924 0.682     2.343
21 8 5 1.851 -0.239     1.728
21 9 5 1.398 -0.578     1.953
21 10 5 -0.019 -0.364     3.259
21 1 6 0.945 -1.661     1.712
21 2 6 1.606 -1.255     3.087
21 3 6 1.601 -1.141     3.742
21 4 6 1.247 -1.364     3.574
21 5 6 1.877 -1.266     2.338
21 6 6 2.210 -0.724     1.989
21 7 6 1.492 -0.167     2.227
21 8 6 1.559 0.120     1.892
21 9 6 1.247 -0.526     2.067
21 10 6 0.158 -0.266     3.207
21 1 7 0.830 -1.151     2.030
21 2 7 1.856 -1.239     2.693
21 3 7 1.445 -1.578     3.240
21 4 7 1.195 -1.766     2.535
21 5 7 2.393 -1.234     1.933
21 6 7 2.523 -1.062     1.900
21 7 7 2.007 -1.036     1.869
21 8 7 1.565 -0.286     1.871
21 9 7 0.763 -0.495     2.554
21 10 7 0.263 -0.250     3.033
21 1 8 1.002 -1.260     1.776
21 2 8 1.513 -1.333     2.570
21 3 8 0.997 -1.042     2.850
21 4 8 1.429 -0.745     2.557
21 5 8 2.804 -0.698     1.966
21 6 8 2.690 -0.953     2.074
21 7 8 2.278 -0.807     1.843
21 8 8 1.726 -0.620     1.850
21 9 8 0.716 -0.349     2.665
21 10 8 0.158 -0.364     2.882
21 1 9 0.820 -1.229     0.645
21 2 9 1.460 -1.594     1.390
21 3 9 1.122 -0.745     1.775
21 4 9 1.565 -0.391     1.687
21 5 9 2.794 -1.052     1.326
21 6 9 2.695 -0.708     1.208
21 7 9 2.237 -0.338     1.104
21 8 9 1.455 -0.167     1.247
21 9 9 0.226 -0.010     1.745
21 10 9 -0.357 -0.380     1.504
22 1 1 0.644 1.517     0.612
22 2 1 0.654 0.981     1.793
22 3 1 0.581 0.126     2.638
22 4 1 1.284 0.111     2.216
22 5 1 1.519 0.694     1.988
22 6 1 1.154 0.564     2.719
22 7 1 1.810 -0.358     2.202
22 8 1 1.946 0.470     1.936
22 9 1 1.889 0.569     2.056
22 10 1 1.842 0.491     1.895
22 1 2 0.529 1.600     0.964
22 2 2 0.545 0.996     4.176
22 3 2 0.920 0.371     2.786
22 4 2 1.389 0.132     2.426
22 5 2 1.477 -0.165     4.934
22 6 2 1.081 -0.191     4.008
22 7 2 1.790 -0.712     2.344
22 8 2 2.232 -0.144     2.623
22 9 2 1.451 0.991     2.566
22 10 2 1.217 1.033     2.601
22 1 3 0.571 1.397     1.039
22 2 3 0.758 0.699     2.723
22 3 3 1.066 0.423     2.608
22 4 3 1.159 -0.139     3.029
22 5 3 1.290 -0.582     3.151
22 6 3 1.154 -0.254     3.473
22 7 3 1.597 -0.608     2.546
22 8 3 2.446 -0.509     1.625
22 9 3 1.321 0.840     2.320
22 10 3 0.274 1.246     3.066
22 1 4 0.144 0.949     1.275
22 2 4 0.587 0.288     4.942
22 3 4 0.826 0.152     3.067
22 4 4 0.691 -0.400     4.021
22 5 4 1.441 -0.535     3.207
22 6 4 1.446 -0.035     3.139
22 7 4 1.456 0.257     2.630
22 8 4 2.555 -0.233     1.529
22 9 4 1.243 0.444     2.046
22 10 4 -0.424 1.116     3.186
22 1 5 -0.169 0.168     1.480
22 2 5 0.383 -0.066     3.442
22 3 5 0.529 -0.197     3.753
22 4 5 0.456 -0.572     4.199
22 5 5 1.498 -0.676     3.045
22 6 5 1.889 0.017     2.475
22 7 5 1.534 0.908     2.279
22 8 5 2.295 0.277     1.664
22 9 5 1.170 0.220     1.957
22 10 5 -0.669 0.955     3.408
22 1 6 -0.236 -0.202     1.738
22 2 6 0.675 -0.431     3.145
22 3 6 0.561 -0.577     3.784
22 4 6 0.566 -0.957     3.559
22 5 6 1.784 -0.681     2.246
22 6 6 2.217 0.059     1.895
22 7 6 1.712 0.475     2.169
22 8 6 1.889 0.731     1.834
22 9 6 0.993 0.205     2.208
22 10 6 -0.559 0.850     3.202
22 1 7 -0.163 0.022     2.080
22 2 7 0.842 -0.478     2.707
22 3 7 0.581 -0.822     3.298
22 4 7 0.951 -0.863     2.522
22 5 7 2.342 -0.316     1.839
22 6 7 2.284 -0.275     1.805
22 7 7 2.024 -0.181     1.811
22 8 7 1.774 0.486     1.916
22 9 7 0.467 0.356     2.758
22 10 7 -0.356 0.897     3.033
22 1 8 0.144 0.012     1.824
22 2 8 0.743 -0.400     2.609
22 3 8 0.680 -0.358     2.905
22 4 8 1.498 -0.181     2.525
22 5 8 2.576 -0.233     1.845
22 6 8 2.404 -0.572     1.950
22 7 8 2.503 -0.191     1.745
22 8 8 1.909 0.173     1.885
22 9 8 0.352 0.699     2.846
22 10 8 -0.460 0.970     2.882
22 1 9 0.311 0.257     0.638
22 2 9 0.998 -0.342     1.409
22 3 9 1.060 -0.311     1.802
22 4 9 1.758 -0.363     1.662
22 5 9 2.800 -0.733     1.250
22 6 9 2.967 -0.243     1.142
22 7 9 2.967 0.132     1.052
22 8 9 1.810 0.517     1.303
22 9 9 -0.096 1.053     1.785
22 10 9 -0.893 1.001     1.521
23 1 1 -0.208 2.243     0.580
23 2 1 -0.437 1.868     1.705
23 3 1 -0.640 1.071     2.599
23 4 1 0.204 1.019     2.213
23 5 1 0.683 0.883     1.963
23 6 1 -0.442 1.258     2.646
23 7 1 -0.650 0.107     2.212
23 8 1 -0.635 0.310     1.955
23 9 1 -0.833 -0.143     2.052
23 10 1 -0.520 -0.757     1.870
23 1 2 -0.281 2.321     0.953
23 2 2 -0.437 1.800     4.228
23 3 2 -0.244 1.586     2.747
23 4 2 0.126 1.644     2.394
23 5 2 0.428 0.602     5.258
23 6 2 -0.583 0.472     4.051
23 7 2 -0.926 -0.179     2.399
23 8 2 -0.416 -0.638     2.718
23 9 2 -0.812 -0.679     2.586
23 10 2 -0.630 -1.210     2.564
23 1 3 -0.286 2.170     1.026
23 2 3 -0.015 1.389     2.670
23 3 3 0.173 1.566     2.577
23 4 3 -0.234 1.331     2.989
23 5 3 -0.312 0.264     3.269
23 6 3 -0.796 0.248     3.506
23 7 3 -1.338 -0.205     2.546
23 8 3 -0.327 -1.117     1.657
23 9 3 -0.255 -1.111     2.344
23 10 3 -0.484 -1.507     2.981
23 1 4 -0.697 1.878     1.259
23 2 4 0.136 0.977     5.196
23 3 4 0.511 1.113     3.064
23 4 4 -0.531 0.873     4.011
23 5 4 -0.468 0.264     3.298
23 6 4 -0.609 0.045     3.208
23 7 4 -1.468 0.055     2.610
23 8 4 -0.255 -0.971     1.584
23 9 4 0.235 -1.231     2.069
23 10 4 -0.229 -1.523     3.100
23 1 5 -0.885 1.363     1.472
23 2 5 0.183 0.753     3.685
23 3 5 0.495 0.816     3.766
23 4 5 -0.598 0.612     4.219
23 5 5 -0.567 -0.033     3.124
23 6 5 -0.197 -0.341     2.566
23 7 5 -1.249 -0.127     2.280
23 8 5 -0.416 -0.736     1.716
23 9 5 0.423 -1.216     1.978
23 10 5 0.016 -1.445     3.511
23 1 6 -0.827 1.295     1.739
23 2 6 0.386 0.795     3.164
23 3 6 0.298 0.779     3.811
23 4 6 -0.770 0.253     3.592
23 5 6 -0.333 -0.200     2.384
23 6 6 0.178 -0.278     2.009
23 7 6 -0.697 -0.606     2.235
23 8 6 -0.275 -0.315     1.949
23 9 6 0.521 -1.226     2.325
23 10 6 0.245 -1.335     3.180
23 1 7 -0.718 1.649     2.035
23 2 7 0.126 1.191     2.710
23 3 7 -0.359 0.868     3.499
23 4 7 -0.812 0.654     2.576
23 5 7 0.282 0.602     1.926
23 6 7 0.261 -0.044     1.912
23 7 7 -0.135 -0.627     1.906
23 8 7 0.266 -0.471     2.119
23 9 7 0.240 -1.299     2.873
23 10 7 0.428 -1.294     3.015
23 1 8 -0.630 1.717     1.793
23 2 8 -0.432 1.310     2.593
23 3 8 -0.729 1.258     2.888
23 4 8 -0.557 1.670     2.439
23 5 8 0.266 1.284     1.878
23 6 8 0.022 0.055     2.106
23 7 8 0.115 -0.356     1.861
23 8 8 0.589 -0.940     2.016
23 9 8 0.485 -1.283     2.957
23 10 8 0.636 -1.346     2.830
23 1 9 -0.796 2.081     0.682
23 2 9 -0.463 1.461     1.436
23 3 9 -0.484 1.243     1.809
23 4 9 -0.692 1.389     1.652
23 5 9 -0.208 0.571     1.330
23 6 9 0.001 -0.013     1.257
23 7 9 0.396 -0.278     1.140
23 8 9 0.725 -0.690     1.415
23 9 9 0.527 -1.018     1.815
23 10 9 0.495 -1.351     1.523
24 1 1 1.599 6.745     0.392
24 2 1 1.234 6.083     1.327
24 3 1 1.630 4.135     2.211
24 4 1 1.963 3.719     1.921
24 5 1 1.510 4.073     1.695
24 6 1 1.474 3.094     2.425
24 7 1 2.531 2.146     2.026
24 8 1 3.088 2.422     1.758
24 9 1 2.989 2.339     1.858
24 10 1 2.635 2.172     1.731
24 1 2 1.718 6.583     0.859
24 2 2 1.734 5.458     3.641
24 3 2 2.067 4.000     2.517
24 4 2 1.786 3.219     2.348
24 5 2 1.302 3.057     5.086
24 6 2 1.546 3.031     3.809
24 7 2 2.713 2.969     2.285
24 8 2 3.442 2.740     2.565
24 9 2 3.015 3.083     2.441
24 10 2 2.609 2.818     2.476
24 1 3 1.822 6.198     0.928
24 2 3 1.974 4.750     2.374
24 3 3 2.041 3.713     2.421
24 4 3 1.651 2.891     2.900
24 5 3 1.635 3.088     3.100
24 6 3 1.937 3.484     3.231
24 7 3 2.791 3.698     2.336
24 8 3 3.750 3.365     1.609
24 9 3 3.031 3.661     2.194
24 10 3 2.260 3.432     2.790
24 1 4 1.682 5.630     1.131
24 2 4 1.911 4.099     4.708
24 3 4 1.890 3.448     2.903
24 4 4 1.744 2.995     3.752
24 5 4 2.171 3.286     3.088
24 6 4 2.296 3.604     2.935
24 7 4 2.911 4.182     2.329
24 8 4 3.890 3.922     1.513
24 9 4 2.833 3.927     1.961
24 10 4 1.713 3.854     2.868
24 1 5 1.395 4.880     1.352
24 2 5 1.724 3.641     3.546
24 3 5 1.687 3.349     3.529
24 4 5 1.802 3.120     3.942
24 5 5 2.557 3.146     2.928
24 6 5 2.880 3.776     2.372
24 7 5 3.182 4.417     2.040
24 8 5 3.807 4.266     1.603
24 9 5 2.661 3.990     1.899
24 10 5 1.354 4.073     3.359
24 1 6 1.364 4.380     1.580
24 2 6 1.630 3.625     2.966
24 3 6 1.291 3.365     3.587
24 4 6 1.786 3.297     3.371
24 5 6 3.239 3.786     2.270
24 6 6 3.526 4.469     1.803
24 7 6 3.468 4.625     1.967
24 8 6 3.619 4.823     1.723
24 9 6 2.432 4.042     2.279
24 10 6 1.099 4.297     2.896
24 1 7 1.458 4.333     1.820
24 2 7 1.385 3.974     2.522
24 3 7 1.036 3.906     3.364
24 4 7 2.333 4.448     2.427
24 5 7 3.885 4.875     1.766
24 6 7 3.567 4.729     1.717
24 7 7 3.552 4.901     1.774
24 8 7 3.328 4.870     1.984
24 9 7 1.864 4.224     2.760
24 10 7 0.994 4.490     2.747
24 1 8 1.494 4.401     1.628
24 2 8 1.390 4.479     2.365
24 3 8 1.572 4.734     2.692
24 4 8 2.822 4.969     2.118
24 5 8 3.458 4.292     1.798
24 6 8 3.192 4.125     2.014
24 7 8 3.552 4.906     1.731
24 8 8 3.010 4.729     1.931
24 9 8 1.604 4.599     2.793
24 10 8 0.729 4.661     2.577
24 1 9 1.552 4.745     0.715
24 2 9 1.734 4.771     1.415
24 3 9 1.906 4.312     1.738
24 4 9 2.364 3.380     1.660
24 5 9 2.953 2.667     1.465
24 6 9 3.510 3.719     1.327
24 7 9 3.713 4.703     1.197
24 8 9 2.567 4.812     1.452
24 9 9 1.083 4.891     1.735
24 10 9 0.291 4.974     1.515
25 1 1 2.421 -4.554     0.516
25 2 1 1.871 -3.460     1.407
25 3 1 1.337 -2.148     2.295
25 4 1 1.850 -1.575     2.067
25 5 1 2.074 -1.043     1.852
25 6 1 1.673 -0.205     2.583
25 7 1 1.962 -0.533     2.184
25 8 1 1.869 0.102     1.942
25 9 1 2.007 -0.335     2.016
25 10 1 2.436 -0.861     1.861
25 1 2 2.415 -4.450     0.887
25 2 2 1.874 -3.142     3.606
25 3 2 1.705 -1.981     2.574
25 4 2 2.012 -1.444     2.446
25 5 2 1.962 -1.429     5.214
25 6 2 1.327 -0.799     3.929
25 7 2 1.663 -1.179     2.440
25 8 2 1.710 -0.773     2.696
25 9 2 1.244 -0.158     2.653
25 10 2 1.764 -0.460     2.621
25 1 3 2.673 -4.273     0.941
25 2 3 2.262 -2.929     2.312
25 3 3 1.986 -1.705     2.490
25 4 3 1.764 -1.330     2.979
25 5 3 1.587 -1.523     3.166
25 6 3 1.160 -0.861     3.404
25 7 3 1.319 -1.528     2.483
25 8 3 1.869 -1.611     1.780
25 9 3 1.225 -0.502     2.402
25 10 3 1.168 -0.309     2.995
25 1 4 2.449 -3.825     1.127
25 2 4 2.090 -2.528     4.674
25 3 4 1.811 -1.601     2.946
25 4 4 1.387 -1.293     3.821
25 5 4 1.619 -1.252     3.177
25 6 4 1.184 -0.736     3.130
25 7 4 1.007 -1.085     2.536
25 8 4 2.129 -1.877     1.662
25 9 4 1.553 -1.043     2.132
25 10 4 0.866 -0.377     3.102
25 1 5 2.033 -3.424     1.344
25 2 5 1.616 -2.106     3.689
25 3 5 1.514 -1.590     3.553
25 4 5 1.309 -1.299     4.013
25 5 5 1.520 -1.304     3.041
25 6 5 1.306 -1.184     2.550
25 7 5 0.931 -0.903     2.282
25 8 5 2.111 -1.736     1.751
25 9 5 1.884 -1.398     2.024
25 10 5 0.874 -0.507     3.780
25 1 6 1.525 -2.981     1.577
25 2 6 1.507 -2.226     2.983
25 3 6 1.447 -1.960     3.578
25 4 6 1.228 -1.955     3.405
25 5 6 1.421 -1.882     2.418
25 6 6 1.478 -1.731     1.967
25 7 6 1.298 -1.616     2.136
25 8 6 2.111 -1.496     1.875
25 9 6 2.100 -1.523     2.485
25 10 6 1.033 -0.554     3.107
25 1 7 1.199 -2.429     1.852
25 2 7 1.626 -2.356     2.556
25 3 7 1.345 -2.502     3.503
25 4 7 1.178 -2.543     2.501
25 5 7 1.780 -2.080     1.918
25 6 7 1.712 -2.007     1.858
25 7 7 1.837 -2.184     1.917
25 8 7 2.330 -1.621     2.166
25 9 7 1.819 -1.564     2.975
25 10 7 1.181 -0.637     2.930
25 1 8 1.191 -2.580     1.652
25 2 8 1.441 -2.517     2.396
25 3 8 1.139 -2.189     2.783
25 4 8 1.535 -1.882     2.222
25 5 8 2.244 -1.523     1.958
25 6 8 1.955 -1.762     2.154
25 7 8 2.181 -1.913     1.882
25 8 8 2.504 -1.871     2.096
25 9 8 1.830 -1.476     3.016
25 10 8 1.215 -0.809     2.760
25 1 9 1.283 -2.887     0.619
25 2 9 1.710 -2.913     1.299
25 3 9 1.444 -1.845     1.670
25 4 9 1.936 -1.330     1.608
25 5 9 2.415 -1.293     1.437
25 6 9 1.988 -1.158     1.334
25 7 9 2.264 -1.424     1.175
25 8 9 2.405 -1.523     1.457
25 9 9 1.650 -1.325     1.688
25 10 9 1.025 -1.028     1.529
26 1 1 3.530 -7.668     0.688
26 2 1 2.817 -4.934     1.528
26 3 1 1.660 -2.059     2.536
26 4 1 1.952 -1.017     2.377
26 5 1 2.134 -0.402     2.184
26 6 1 1.093 0.676     2.977
26 7 1 1.447 -0.236     2.569
26 8 1 1.775 0.420     2.312
26 9 1 1.764 0.045     2.393
26 10 1 1.999 -0.684     2.208
26 1 2 3.525 -7.283     0.931
26 2 2 2.603 -3.923     3.529
26 3 2 2.041 -1.387     2.808
26 4 2 2.077 -0.283     2.740
26 5 2 1.863 -0.616     5.628
26 6 2 0.530 -0.309     4.393
26 7 2 0.671 -0.913     2.849
26 8 2 1.462 -0.653     3.038
26 9 2 1.296 -0.257     3.065
26 10 2 1.624 -0.668     2.985
26 1 3 3.801 -6.720     0.983
26 2 3 2.931 -3.413     2.336
26 3 3 2.171 -0.835     2.745
26 4 3 1.468 0.014     3.322
26 5 3 1.067 -0.611     3.538
26 6 3 0.212 -0.408     3.897
26 7 3 -0.100 -1.106     2.897
26 8 3 1.051 -1.574     2.147
26 9 3 1.212 -1.080     2.753
26 10 3 1.238 -1.048     3.356
26 1 4 3.405 -5.736     1.164
26 2 4 2.259 -2.585     4.728
26 3 4 1.426 -0.600     3.274
26 4 4 0.541 0.030     4.291
26 5 4 0.759 -0.241     3.618
26 6 4 0.285 -0.231     3.636
26 7 4 -0.532 -0.679     2.978
26 8 4 0.931 -1.970     2.011
26 9 4 1.343 -1.882     2.422
26 10 4 0.968 -1.595     3.390
26 1 5 2.655 -4.767     1.390
26 2 5 1.337 -1.949     4.026
26 3 5 0.707 -0.663     3.954
26 4 5 0.067 -0.038     4.578
26 5 5 0.259 -0.449     3.519
26 6 5 0.426 -0.751     2.983
26 7 5 -0.334 -0.710     2.732
26 8 5 0.890 -2.085     2.070
26 9 5 1.582 -2.257     2.286
26 10 5 0.957 -1.887     4.167
26 1 6 1.613 -3.757     1.706
26 2 6 1.030 -2.059     3.190
26 3 6 0.598 -1.106     3.921
26 4 6 -0.303 -0.975     3.794
26 5 6 -0.116 -1.309     2.831
26 6 6 0.509 -1.298     2.365
26 7 6 0.150 -1.621     2.507
26 8 6 1.030 -1.778     2.212
26 9 6 1.822 -2.267     2.795
26 10 6 1.129 -1.923     3.368
26 1 7 1.025 -2.830     2.012
26 2 7 1.067 -2.210     2.788
26 3 7 0.254 -1.788     3.937
26 4 7 -0.491 -1.731     2.863
26 5 7 0.551 -1.330     2.333
26 6 7 0.770 -1.475     2.232
26 7 7 0.546 -2.236     2.240
26 8 7 1.363 -1.876     2.565
26 9 7 1.603 -2.272     3.273
26 10 7 1.317 -1.934     3.189
26 1 8 0.869 -3.189     1.823
26 2 8 0.811 -2.715     2.620
26 3 8 -0.194 -1.600     3.153
26 4 8 -0.142 -0.684     2.699
26 5 8 1.186 -0.444     2.378
26 6 8 0.900 -1.324     2.549
26 7 8 0.754 -2.033     2.217
26 8 8 1.530 -2.262     2.451
26 9 8 1.634 -2.189     3.318
26 10 8 1.447 -2.054     3.008
26 1 9 0.791 -3.199     0.555
26 2 9 1.270 -3.017     1.232
26 3 9 0.363 -1.376     1.702
26 4 9 0.108 -0.132     1.733
26 5 9 0.843 -0.684     1.493
26 6 9 0.551 -1.330     1.390
26 7 9 0.806 -1.814     1.192
26 8 9 1.593 -1.944     1.485
26 9 9 1.551 -1.955     1.647
26 10 9 1.171 -2.309     1.485
27 1 1 2.819 -5.808     0.773
27 2 1 1.970 -3.417     1.643
27 3 1 0.955 -1.225     2.785
27 4 1 1.647 -0.204     2.625
27 5 1 1.741 0.354     2.432
27 6 1 0.507 0.895     3.271
27 7 1 1.257 -0.490     2.838
27 8 1 1.543 0.525     2.558
27 9 1 1.121 0.499     2.804
27 10 1 1.064 0.057     2.526
27 1 2 2.923 -5.501     0.955
27 2 2 1.876 -2.704     3.599
27 3 2 1.481 -0.480     3.044
27 4 2 1.668 0.421     2.950
27 5 2 1.319 -0.297     6.084
27 6 2 -0.066 -0.063     4.866
27 7 2 0.512 -0.735     3.183
27 8 2 1.580 -0.303     3.276
27 9 2 0.824 0.567     3.521
27 10 2 0.658 0.286     3.479
27 1 3 3.277 -5.047     1.003
27 2 3 2.335 -2.308     2.396
27 3 3 1.684 0.114     2.965
27 4 3 0.892 0.551     3.609
27 5 3 0.439 -0.391     3.901
27 6 3 -0.353 0.124     4.303
27 7 3 -0.311 -0.225     3.297
27 8 3 1.548 -0.501     2.398
27 9 3 1.074 0.374     3.048
27 10 3 0.043 0.270     3.945
27 1 4 3.022 -4.292     1.180
27 2 4 2.043 -1.761     4.848
27 3 4 1.293 0.281     3.522
27 4 4 0.027 0.635     4.652
27 5 4 0.303 0.124     4.028
27 6 4 -0.030 0.234     4.065
27 7 4 -0.660 0.744     3.285
27 8 4 1.642 -0.032     2.269
27 9 4 1.345 0.203     2.691
27 10 4 -0.249 0.161     3.796
27 1 5 2.455 -3.766     1.406
27 2 5 1.392 -1.355     4.331
27 3 5 0.736 0.166     4.285
27 4 5 -0.353 0.676     4.908
27 5 5 0.168 -0.016     3.956
27 6 5 0.673 -0.230     3.336
27 7 5 -0.337 0.880     3.054
27 8 5 1.231 0.447     2.372
27 9 5 1.361 0.119     2.552
27 10 5 -0.191 0.088     4.828
27 1 6 1.564 -3.100     1.749
27 2 6 1.251 -1.641     3.324
27 3 6 0.699 -0.454     4.221
27 4 6 -0.478 -0.256     4.165
27 5 6 0.356 -0.667     3.186
27 6 6 1.262 -0.303     2.644
27 7 6 0.330 -0.053     2.887
27 8 6 0.918 0.874     2.507
27 9 6 1.309 0.051     3.193
27 10 6 0.152 0.046     3.979
27 1 7 1.007 -2.350     2.110
27 2 7 1.304 -1.896     2.918
27 3 7 0.376 -1.417     4.323
27 4 7 -0.238 -1.032     3.158
27 5 7 1.402 -0.412     2.610
27 6 7 1.595 -0.230     2.469
27 7 7 0.996 -0.584     2.540
27 8 7 1.283 0.437     2.940
27 9 7 0.876 -0.042     3.758
27 10 7 0.559 -0.016     3.721
27 1 8 0.819 -2.933     1.890
27 2 8 0.850 -2.573     2.713
27 3 8 -0.103 -1.370     3.397
27 4 8 0.335 -0.230     3.103
27 5 8 1.981 0.203     2.586
27 6 8 1.439 -0.261     2.911
27 7 8 1.220 -0.188     2.519
27 8 8 1.527 -0.100     2.818
27 9 8 0.892 0.046     3.802
27 10 8 0.533 -0.183     3.530
27 1 9 0.543 -3.178     0.466
27 2 9 1.152 -3.131     1.142
27 3 9 0.376 -1.495     1.698
27 4 9 0.408 -0.214     1.823
27 5 9 1.402 -0.579     1.495
27 6 9 1.074 -0.344     1.483
27 7 9 1.283 0.130     1.228
27 8 9 1.413 0.286     1.572
27 9 9 0.434 0.249     1.815
27 10 9 -0.025 -0.360     1.661
28 1 1 1.847 -2.580     0.802
28 2 1 1.149 -1.190     1.734
28 3 1 -0.002 -0.559     2.944
28 4 1 0.982 -0.075     2.736
28 5 1 1.326 0.196     2.521
28 6 1 -0.482 1.149     3.337
28 7 1 0.034 -0.299     3.048
28 8 1 0.617 0.696     2.694
28 9 1 0.498 0.493     3.007
28 10 1 0.727 0.003     2.689
28 1 2 1.690 -2.460     0.968
28 2 2 0.914 -0.861     3.847
28 3 2 0.550 0.180     3.199
28 4 2 0.899 0.842     3.016
28 5 2 0.961 -0.242     6.468
28 6 2 -0.779 0.206     4.988
28 7 2 -0.633 -0.523     3.339
28 8 2 0.675 -0.330     3.427
28 9 2 0.258 0.368     3.769
28 10 2 0.341 0.081     3.743
28 1 3 1.794 -2.169     1.018
28 2 3 1.331 -0.867     2.464
28 3 3 1.003 0.571     3.076
28 4 3 0.268 0.873     3.715
28 5 3 0.008 -0.268     4.127
28 6 3 -0.877 0.159     4.409
28 7 3 -1.299 -0.367     3.369
28 8 3 0.659 -0.960     2.503
28 9 3 0.623 -0.033     3.216
28 10 3 -0.086 -0.075     4.265
28 1 4 1.445 -1.705     1.209
28 2 4 1.268 -0.887     5.062
28 3 4 1.143 0.373     3.575
28 4 4 -0.226 0.633     4.803
28 5 4 -0.143 0.050     4.277
28 6 4 -0.601 -0.028     4.236
28 7 4 -1.575 -0.033     3.289
28 8 4 0.805 -1.023     2.359
28 9 4 1.091 -0.486     2.798
28 10 4 -0.279 -0.439     3.986
28 1 5 1.117 -1.898     1.419
28 2 5 0.914 -0.924     4.559
28 3 5 0.940 0.066     4.381
28 4 5 -0.305 0.477     5.081
28 5 5 -0.247 -0.372     4.149
28 6 5 -0.112 -0.877     3.456
28 7 5 -1.367 -0.268     3.108
28 8 5 0.503 -0.747     2.505
28 9 5 1.263 -0.799     2.627
28 10 5 -0.117 -0.716     5.223
28 1 6 0.617 -1.986     1.745
28 2 6 1.050 -1.278     3.306
28 3 6 0.878 -0.507     4.312
28 4 6 -0.456 -0.653     4.290
28 5 6 -0.055 -1.268     3.273
28 6 6 0.550 -1.190     2.725
28 7 6 -0.424 -1.106     2.988
28 8 6 0.513 -0.096     2.685
28 9 6 1.425 -0.794     3.364
28 10 6 0.388 -0.773     4.153
28 1 7 0.445 -1.445     2.112
28 2 7 1.133 -1.361     2.906
28 3 7 0.331 -1.304     4.388
28 4 7 -0.450 -1.403     3.182
28 5 7 1.055 -1.007     2.683
28 6 7 1.201 -1.080     2.527
28 7 7 0.680 -1.445     2.596
28 8 7 1.222 -0.330     3.176
28 9 7 1.133 -0.830     3.969
28 10 7 0.836 -0.820     3.838
28 1 8 0.414 -1.929     1.865
28 2 8 0.560 -1.783     2.689
28 3 8 -0.409 -1.044     3.468
28 4 8 0.003 -0.257     3.310
28 5 8 1.732 -0.054     2.601
28 6 8 1.284 -0.924     2.981
28 7 8 1.055 -1.059     2.580
28 8 8 1.544 -0.913     2.962
28 9 8 1.164 -0.742     4.022
28 10 8 0.852 -0.986     3.627
28 1 9 0.180 -2.252     0.401
28 2 9 0.643 -2.273     1.060
28 3 9 -0.081 -0.882     1.693
28 4 9 0.013 0.066     1.894
28 5 9 1.117 -0.653     1.480
28 6 9 0.925 -0.950     1.495
28 7 9 1.201 -0.752     1.215
28 8 9 1.560 -0.460     1.615
28 9 9 0.722 -0.471     1.858
28 10 9 0.180 -1.158     1.682
29 1 1 1.272 -1.784     0.825
29 2 1 0.501 -0.498     1.852
29 3 1 -0.384 -0.055     3.122
29 4 1 0.808 0.304     2.848
29 5 1 1.235 -0.097     2.568
29 6 1 -1.015 0.950     3.331
29 7 1 -0.968 -0.753     3.082
29 8 1 -0.405 -0.159     2.839
29 9 1 -0.660 0.007     3.155
29 10 1 -0.556 -0.034     2.821
29 1 2 1.017 -1.529     0.994
29 2 2 0.267 -0.180     4.256
29 3 2 0.105 0.841     3.306
29 4 2 0.407 1.268     3.047
29 5 2 0.459 -0.337     6.963
29 6 2 -1.447 0.195     4.893
29 7 2 -1.504 -0.425     3.318
29 8 2 0.251 -0.977     3.486
29 9 2 -0.192 -0.310     3.981
29 10 2 -0.525 -0.196     3.921
29 1 3 1.126 -1.399     1.043
29 2 3 0.782 -0.456     2.532
29 3 3 0.699 0.887     3.136
29 4 3 -0.176 0.986     3.764
29 5 3 -0.473 -0.092     4.287
29 6 3 -1.296 0.559     4.353
29 7 3 -1.660 0.492     3.331
29 8 3 0.782 -0.529     2.592
29 9 3 0.881 -0.097     3.293
29 10 3 -0.384 -0.170     4.488
29 1 4 0.798 -1.295     1.240
29 2 4 0.949 -0.722     5.320
29 3 4 1.105 0.377     3.613
29 4 4 -0.426 0.565     4.893
29 5 4 -0.337 0.341     4.440
29 6 4 -0.608 0.450     4.321
29 7 4 -1.494 1.341     3.197
29 8 4 1.152 0.507     2.429
29 9 4 1.616 0.346     2.767
29 10 4 -0.134 0.012     4.205
29 1 5 0.605 -1.597     1.426
29 2 5 0.933 -0.696     4.829
29 3 5 1.001 0.096     4.417
29 4 5 -0.452 0.450     5.192
29 5 5 -0.212 0.007     4.362
29 6 5 0.194 -0.243     3.623
29 7 5 -1.150 1.143     3.073
29 8 5 0.699 1.231     2.551
29 9 5 1.689 0.585     2.587
29 10 5 0.064 0.174     5.749
29 1 6 0.433 -1.185     1.781
29 2 6 1.282 -0.550     3.317
29 3 6 0.871 -0.008     4.375
29 4 6 -0.525 -0.055     4.429
29 5 6 0.235 -0.352     3.487
29 6 6 0.970 -0.060     2.801
29 7 6 -0.160 0.179     3.164
29 8 6 0.626 1.606     2.677
29 9 6 1.605 0.622     3.483
29 10 6 0.392 0.309     4.354
29 1 7 0.376 -0.123     2.240
29 2 7 1.267 -0.014     2.952
29 3 7 0.303 0.028     4.646
29 4 7 -0.390 0.367     3.337
29 5 7 1.308 0.747     2.747
29 6 7 1.407 0.476     2.540
29 7 7 0.965 -0.076     2.679
29 8 7 1.459 0.960     3.300
29 9 7 1.199 0.413     4.184
29 10 7 0.699 0.262     3.986
29 1 8 0.444 -0.180     1.980
29 2 8 0.657 -0.008     2.824
29 3 8 -0.171 0.705     3.590
29 4 8 0.173 1.788     3.267
29 5 8 1.527 1.710     2.532
29 6 8 1.011 0.512     3.074
29 7 8 1.178 0.382     2.636
29 8 8 1.735 0.361     3.083
29 9 8 1.110 0.419     4.251
29 10 8 0.543 0.033     3.808
29 1 9 0.261 -0.024     0.427
29 2 9 0.642 -0.191     1.109
29 3 9 0.178 0.643     1.745
29 4 9 -0.004 1.455     1.877
29 5 9 0.689 0.580     1.507
29 6 9 0.683 0.143     1.547
29 7 9 1.350 0.596     1.206
29 8 9 1.647 0.762     1.644
29 9 9 0.496 0.632     1.901
29 10 9 -0.223 -0.076     1.769
30 1 1 1.067 1.329     0.778
30 2 1 0.734 1.647     1.796
30 3 1 0.608 1.215     3.052
30 4 1 1.088 1.465     2.714
30 5 1 1.322 1.824     2.410
30 6 1 1.187 1.366     3.188
30 7 1 1.812 0.600     2.949
30 8 1 2.046 0.834     2.682
30 9 1 2.077 0.689     2.968
30 10 1 1.989 0.392     2.688
30 1 2 1.181 1.116     1.002
30 2 2 0.859 1.272     4.366
30 3 2 0.905 1.121     3.278
30 4 2 0.947 1.126     3.029
30 5 2 0.885 1.090     7.144
30 6 2 1.041 1.152     4.785
30 7 2 1.978 0.954     3.170
30 8 2 2.556 0.866     3.246
30 9 2 2.150 1.350     3.724
30 10 2 1.905 1.058     3.739
30 1 3 1.447 0.845     1.045
30 2 3 1.249 0.928     2.532
30 3 3 1.082 1.017     3.110
30 4 3 0.838 0.866     3.781
30 5 3 0.859 1.084     4.244
30 6 3 1.135 1.517     4.200
30 7 3 1.963 1.543     3.119
30 8 3 2.973 1.366     2.374
30 9 3 2.317 1.892     3.038
30 10 3 1.499 1.704     4.242
30 1 4 1.374 0.652     1.241
30 2 4 1.166 0.704     5.487
30 3 4 0.937 0.866     3.610
30 4 4 0.806 0.876     4.882
30 5 4 1.187 1.282     4.311
30 6 4 1.286 1.761     4.119
30 7 4 1.931 2.173     2.943
30 8 4 3.140 1.939     2.170
30 9 4 2.244 2.142     2.556
30 10 4 0.994 2.126     3.966
30 1 5 1.129 0.449     1.446
30 2 5 0.838 0.605     5.101
30 3 5 0.609 0.767     4.455
30 4 5 0.806 0.949     5.155
30 5 5 1.442 1.272     4.203
30 6 5 1.749 1.959     3.399
30 7 5 2.030 2.511     2.800
30 8 5 2.978 2.345     2.260
30 9 5 2.056 2.162     2.415
30 10 5 0.551 2.303     5.660
30 1 6 0.859 0.371     1.806
30 2 6 0.671 0.569     3.378
30 3 6 0.426 0.772     4.441
30 4 6 0.874 1.043     4.394
30 5 6 1.937 1.595     3.452
30 6 6 2.192 2.235     2.583
30 7 6 2.296 2.475     2.863
30 8 6 2.744 2.845     2.349
30 9 6 1.687 2.126     3.431
30 10 6 0.171 2.381     4.096
30 1 7 0.832 0.418     2.255
30 2 7 0.739 0.595     3.009
30 3 7 0.614 0.975     4.891
30 4 7 1.390 1.522     3.209
30 5 7 2.306 1.933     2.664
30 6 7 2.119 1.954     2.386
30 7 7 2.510 2.303     2.427
30 8 7 2.567 2.782     3.064
30 9 7 0.947 2.199     4.155
30 10 7 -0.121 2.501     3.736
30 1 8 0.931 0.329     1.996
30 2 8 0.968 0.626     2.858
30 3 8 1.056 1.204     3.522
30 4 8 1.822 1.553     3.083
30 5 8 2.192 1.350     2.391
30 6 8 2.025 1.366     3.071
30 7 8 2.681 2.157     2.379
30 8 8 2.312 2.454     2.933
30 9 8 0.536 2.522     4.179
30 10 8 -0.459 2.704     3.533
30 1 9 1.020 0.251     0.465
30 2 9 1.291 0.454     1.179
30 3 9 1.379 0.782     1.768
30 4 9 1.931 0.600     1.850
30 5 9 2.405 0.423     1.487
30 6 9 2.588 1.241     1.495
30 7 9 2.858 2.037     1.143
30 8 9 1.791 2.506     1.649
30 9 9 -0.131 2.850     1.812
30 10 9 -0.944 3.043     1.667
31 1 1 3.404 -3.537     0.769
31 2 1 2.779 -2.412     1.755
31 3 1 2.154 -0.912     3.022
31 4 1 1.529 0.213     2.815
31 5 1 0.529 2.213     2.437
31 6 1 0.029 2.338     3.144
31 7 1 0.779 1.463     3.016
31 8 1 1.154 1.088     2.778
31 9 1 1.279 0.463     3.081
31 10 1 1.029 -0.037     2.854
31 1 2 3.279 -4.037     0.932
31 2 2 2.779 -2.162     4.193
31 3 2 2.404 -0.662     3.201
31 4 2 1.654 0.338     3.094
31 5 2 0.404 1.963     7.263
31 6 2 -0.096 2.463     4.571
31 7 2 0.529 1.963     3.172
31 8 2 1.029 1.213     3.310
31 9 2 0.779 0.713     3.860
31 10 2 0.779 -0.162     3.921
31 1 3 3.904 -3.912     0.950
31 2 3 3.654 -1.787     2.335
31 3 3 2.904 -0.162     2.985
31 4 3 1.654 1.088     3.752
31 5 3 0.404 2.338     4.100
31 6 3 -0.096 2.838     3.962
31 7 3 0.154 2.463     3.057
31 8 3 0.529 1.338     2.494
31 9 3 0.404 0.713     3.220
31 10 3 0.279 -0.037     4.518
31 1 4 4.029 -3.537     1.109
31 2 4 3.529 -1.287     5.144
31 3 4 2.404 0.713     3.495
31 4 4 1.029 1.963     4.717
31 5 4 0.154 2.713     4.086
31 6 4 -0.221 2.963     3.861
31 7 4 -0.346 2.588     2.876
31 8 4 -0.221 1.463     2.292
31 9 4 -0.221 0.588     2.771
31 10 4 0.029 0.213     4.254
31 1 5 3.779 -2.912     1.308
31 2 5 2.779 -0.662     5.020
31 3 5 1.404 1.338     4.386
31 4 5 0.154 2.463     4.903
31 5 5 -0.471 2.838     3.956
31 6 5 -0.596 2.713     3.257
31 7 5 -0.971 2.338     2.753
31 8 5 -0.971 1.713     2.325
31 9 5 -0.721 0.963     2.561
31 10 5 -0.096 0.713     6.178
31 1 6 3.154 -2.412     1.670
31 2 6 2.279 -0.537     3.320
31 3 6 1.029 1.588     4.384
31 4 6 -0.096 2.838     4.134
31 5 6 -0.846 3.088     3.277
31 6 6 -1.346 2.838     2.476
31 7 6 -1.471 2.213     2.792
31 8 6 -1.346 1.963     2.361
31 9 6 -0.846 1.588     3.643
31 10 6 -0.096 1.463     4.134
31 1 7 2.904 -1.787     2.101
31 2 7 2.529 -0.537     2.947
31 3 7 1.654 1.213     4.827
31 4 7 0.529 2.463     3.130
31 5 7 -0.846 2.713     2.632
31 6 7 -1.846 2.963     2.267
31 7 7 -1.846 2.463     2.354
31 8 7 -1.596 2.463     3.104
31 9 7 -0.971 2.213     4.231
31 10 7 -0.221 1.963     3.698
31 1 8 2.904 -1.537     1.890
31 2 8 2.904 -0.787     2.751
31 3 8 2.154 0.463     3.471
31 4 8 0.779 1.338     3.158
31 5 8 -0.846 1.838     2.446
31 6 8 -1.971 2.588     2.937
31 7 8 -1.971 2.713     2.279
31 8 8 -1.596 2.713     2.949
31 9 8 -1.221 2.588     4.160
31 10 8 -0.721 2.088     3.467
31 1 9 2.779 -1.787     0.392
31 2 9 2.904 -1.287     1.089
31 3 9 2.279 -0.412     1.679
31 4 9 1.029 0.213     1.864
31 5 9 -0.721 1.213     1.484
31 6 9 -1.971 2.088     1.384
31 7 9 -2.221 2.463     1.048
31 8 9 -2.096 2.588     1.571
31 9 9 -1.596 2.338     1.664
31 10 9 -1.096 1.588     1.608
