0 1 1 2.060 -3.139     0.987
0 2 1 1.831 -1.478     1.168
0 3 1 1.409 -1.207     1.181
0 4 1 2.274 -0.858     1.154
0 5 1 2.399 1.491     1.146
0 6 1 1.737 1.460     1.160
0 7 1 3.221 -0.681     1.121
0 8 1 3.680 0.460     1.101
0 9 1 3.550 0.538     1.097
0 10 1 3.331 0.225     1.124
0 1 2 2.393 -2.884     0.988
0 2 2 1.820 -0.832     1.202
0 3 2 2.102 -0.421     1.162
0 4 2 2.492 -0.603     1.159
0 5 2 2.091 -0.540     1.170
0 6 2 1.237 0.283     1.221
0 7 2 2.768 -1.072     1.132
0 8 2 3.716 -0.504     1.109
0 9 2 2.451 1.413     1.150
0 10 2 2.263 1.501     1.160
0 1 3 3.253 -2.504     0.971
0 2 3 2.664 -0.441     1.159
0 3 3 2.607 0.480     1.136
0 4 3 2.164 -0.191     1.182
0 5 3 1.675 -1.160     1.177
0 6 3 0.904 0.257     1.236
0 7 3 1.451 -0.868     1.194
0 8 3 3.175 -1.301     1.130
0 9 3 1.779 0.954     1.200
0 10 3 0.487 1.866     1.195
0 1 4 3.258 -1.775     0.990
0 2 4 2.503 -0.181     1.166
0 3 4 2.102 0.960     1.159
0 4 4 1.143 0.585     1.219
0 5 4 1.690 -0.368     1.196
0 6 4 1.138 0.538     1.229
0 7 4 0.565 0.538     1.254
0 8 4 2.909 -0.868     1.146
0 9 4 1.742 0.111     1.208
0 10 4 -0.565 1.548     1.215
0 1 5 2.867 -2.077     0.988
0 2 5 1.633 -0.197     1.204
0 3 5 1.138 1.210     1.207
0 4 5 0.414 1.199     1.224
0 5 5 1.373 -0.165     1.229
0 6 5 1.675 0.277     1.206
0 7 5 0.815 1.590     1.204
0 8 5 2.669 0.152     1.164
0 9 5 1.956 -0.092     1.204
0 10 5 -0.669 1.293     1.221
0 1 6 1.680 -2.337     0.999
0 2 6 1.279 -0.796     1.216
0 3 6 0.763 0.741     1.247
0 4 6 0.143 0.454     1.272
0 5 6 1.300 -0.624     1.223
0 6 6 2.060 -0.025     1.191
0 7 6 1.419 0.856     1.210
0 8 6 2.274 0.981     1.167
0 9 6 1.883 0.314     1.201
0 10 6 -0.404 1.355     1.223
0 1 7 0.951 -1.493     1.085
0 2 7 1.409 -1.129     1.203
0 3 7 0.628 -0.395     1.262
0 4 7 0.346 -0.431     1.264
0 5 7 2.044 -0.306     1.195
0 6 7 2.279 -0.176     1.183
0 7 7 1.925 -0.212     1.197
0 8 7 2.123 0.663     1.190
0 9 7 0.930 0.605     1.237
0 10 7 -0.404 1.480     1.216
0 1 8 0.753 -1.770     1.087
0 2 8 1.091 -1.618     1.196
0 3 8 0.393 -0.566     1.261
0 4 8 0.904 0.168     1.242
0 5 8 2.477 0.189     1.161
0 6 8 2.190 -0.212     1.193
0 7 8 2.034 -0.249     1.192
0 8 8 1.919 0.064     1.194
0 9 8 0.346 0.704     1.252
0 10 8 -0.831 1.428     1.210
0 1 9 0.492 -2.103     0.921
0 2 9 1.279 -2.066     1.016
0 3 9 0.805 -0.671     1.086
0 4 9 1.039 0.132     1.087
0 5 9 2.227 -0.520     1.027
0 6 9 2.143 -0.238     1.040
0 7 9 2.018 0.048     1.040
0 8 9 1.404 0.335     1.068
0 9 9 -0.430 0.939     1.087
0 10 9 -1.492 1.355     1.038
1 1 1 2.593 -3.652     0.965
1 2 1 2.390 -2.293     1.318
1 3 1 2.088 -1.668     1.354
1 4 1 2.780 -1.116     1.288
1 5 1 2.994 1.061     1.307
1 6 1 2.583 0.957     1.317
1 7 1 4.010 -0.928     1.218
1 8 1 4.577 0.218     1.188
1 9 1 4.572 0.285     1.183
1 10 1 4.452 0.051     1.215
1 1 2 2.744 -3.220     0.978
1 2 2 2.385 -1.574     1.399
1 3 2 2.655 -0.959     1.320
1 4 2 2.916 -0.975     1.303
1 5 2 2.640 -0.772     1.364
1 6 2 2.067 0.030     1.443
1 7 2 3.713 -1.053     1.251
1 8 2 4.812 -0.558     1.177
1 9 2 3.791 1.301     1.265
1 10 2 3.692 1.499     1.281
1 1 3 3.421 -2.741     0.957
1 2 3 3.145 -1.090     1.302
1 3 3 3.093 -0.194     1.282
1 4 3 2.676 -0.652     1.345
1 5 3 2.322 -1.267     1.366
1 6 3 1.770 0.202     1.475
1 7 3 2.609 -0.579     1.378
1 8 3 4.515 -1.022     1.221
1 9 3 3.280 1.212     1.345
1 10 3 2.030 2.155     1.367
1 1 4 3.395 -2.105     0.992
1 2 4 2.916 -0.756     1.362
1 3 4 2.619 0.301     1.321
1 4 4 1.885 0.103     1.439
1 5 4 2.317 -0.480     1.398
1 6 4 1.926 0.546     1.454
1 7 4 1.885 0.765     1.473
1 8 4 4.270 -0.392     1.257
1 9 4 3.077 0.619     1.369
1 10 4 0.749 1.968     1.442
1 1 5 3.119 -2.137     0.990
1 2 5 2.135 -0.485     1.394
1 3 5 1.734 0.738     1.431
1 4 5 1.317 0.791     1.472
1 5 5 2.088 -0.220     1.453
1 6 5 2.390 0.504     1.408
1 7 5 1.978 1.811     1.394
1 8 5 3.874 0.645     1.293
1 9 5 3.041 0.541     1.362
1 10 5 0.312 1.780     1.465
1 1 6 2.129 -2.053     1.045
1 2 6 1.640 -0.569     1.452
1 3 6 0.963 0.791     1.513
1 4 6 0.723 0.389     1.583
1 5 6 2.056 -0.381     1.441
1 6 6 2.718 0.608     1.384
1 7 6 2.312 1.509     1.404
1 8 6 3.317 1.692     1.309
1 9 6 2.770 1.046     1.375
1 10 6 0.327 1.916     1.461
1 1 7 1.530 -1.084     1.175
1 2 7 1.478 -0.449     1.444
1 3 7 0.442 0.405     1.578
1 4 7 0.473 0.072     1.581
1 5 7 2.416 0.150     1.408
1 6 7 2.598 0.551     1.379
1 7 7 2.447 0.775     1.402
1 8 7 2.952 1.702     1.342
1 9 7 1.739 1.546     1.441
1 10 7 0.291 2.160     1.438
1 1 8 1.254 -1.110     1.196
1 2 8 1.228 -0.678     1.465
1 3 8 0.437 0.488     1.581
1 4 8 1.056 0.728     1.520
1 5 8 2.499 0.541     1.362
1 6 8 2.135 0.223     1.423
1 7 8 2.244 0.530     1.405
1 8 8 2.473 1.009     1.384
1 9 8 1.103 1.718     1.472
1 10 8 -0.037 2.311     1.420
1 1 9 0.806 -1.413     0.868
1 2 9 1.447 -1.256     1.083
1 3 9 1.109 0.082     1.194
1 4 9 1.369 0.416     1.182
1 5 9 2.181 -0.303     1.083
1 6 9 1.916 -0.017     1.104
1 7 9 2.072 0.447     1.093
1 8 9 1.911 0.926     1.108
1 9 9 0.390 1.780     1.157
1 10 9 -0.615 2.358     1.082
2 1 1 1.818 -1.299     0.938
2 2 1 2.021 -0.169     1.410
2 3 1 1.974 0.029     1.442
2 4 1 2.599 0.284     1.317
2 5 1 3.161 1.695     1.298
2 6 1 3.068 1.284     1.300
2 7 1 4.047 -0.305     1.169
2 8 1 4.489 0.607     1.120
2 9 1 4.552 0.612     1.111
2 10 1 4.292 0.497     1.172
2 1 2 1.958 -1.070     0.952
2 2 2 2.062 0.096     1.507
2 3 2 2.453 0.300     1.360
2 4 2 2.594 0.164     1.335
2 5 2 2.594 0.352     1.430
2 6 2 2.562 0.779     1.460
2 7 2 4.015 -0.169     1.192
2 8 2 4.760 0.195     1.095
2 9 2 4.005 1.872     1.194
2 10 2 3.812 1.940     1.216
2 1 3 2.646 -0.898     0.906
2 2 3 2.880 0.216     1.337
2 3 3 2.958 0.596     1.292
2 4 3 2.625 0.128     1.392
2 5 3 2.463 -0.154     1.421
2 6 3 2.271 1.039     1.516
2 7 3 3.114 0.268     1.376
2 8 3 4.536 -0.128     1.166
2 9 3 3.323 2.112     1.310
2 10 3 2.167 2.800     1.349
2 1 4 2.870 -0.596     0.930
2 2 4 2.818 0.331     1.411
2 3 4 2.703 0.977     1.329
2 4 4 2.271 0.648     1.488
2 5 4 2.677 0.326     1.436
2 6 4 2.318 1.300     1.494
2 7 4 2.443 1.367     1.500
2 8 4 4.281 0.175     1.214
2 9 4 2.682 1.492     1.392
2 10 4 0.484 2.789     1.479
2 1 5 2.880 -0.685     0.917
2 2 5 2.271 0.518     1.440
2 3 5 2.052 1.497     1.457
2 4 5 1.948 1.435     1.511
2 5 5 2.552 0.508     1.496
2 6 5 2.583 1.227     1.441
2 7 5 2.292 2.185     1.404
2 8 5 3.786 0.831     1.268
2 9 5 2.354 1.003     1.430
2 10 5 -0.344 2.529     1.515
2 1 6 2.281 -0.763     1.009
2 2 6 1.880 0.529     1.530
2 3 6 1.370 1.951     1.563
2 4 6 1.338 1.430     1.665
2 5 6 2.401 0.258     1.499
2 6 6 2.620 1.133     1.411
2 7 6 2.125 1.784     1.440
2 8 6 2.901 1.680     1.323
2 9 6 1.859 1.143     1.461
2 10 6 -0.584 2.414     1.512
2 1 7 1.896 -0.133     1.124
2 2 7 1.698 0.747     1.538
2 3 7 0.635 1.872     1.664
2 4 7 0.693 1.081     1.709
2 5 7 2.338 0.425     1.478
2 6 7 2.187 0.721     1.460
2 7 7 1.792 0.820     1.504
2 8 7 2.026 1.534     1.415
2 9 7 0.604 1.445     1.565
2 10 7 -0.698 2.451     1.494
2 1 8 1.672 -0.195     1.183
2 2 8 1.396 0.508     1.581
2 3 8 0.443 1.820     1.681
2 4 8 0.932 1.409     1.627
2 5 8 2.125 0.638     1.448
2 6 8 1.495 0.195     1.561
2 7 8 1.281 0.294     1.555
2 8 8 1.265 0.794     1.517
2 9 8 -0.084 1.721     1.585
2 10 8 -0.927 2.581     1.460
2 1 9 1.062 -0.586     0.820
2 2 9 1.500 -0.232     1.165
2 3 9 1.073 1.190     1.261
2 4 9 1.250 1.096     1.246
2 5 9 1.703 0.003     1.156
2 6 9 1.057 -0.039     1.202
2 7 9 0.864 0.227     1.211
2 8 9 0.531 0.888     1.212
2 9 9 -0.766 2.044     1.196
2 10 9 -1.417 2.836     1.067
3 1 1 0.538 1.919     0.860
3 2 1 1.267 2.033     1.368
3 3 1 1.413 1.174     1.413
3 4 1 1.809 1.007     1.272
3 5 1 2.543 1.768     1.220
3 6 1 2.752 0.945     1.206
3 7 1 3.418 -0.337     1.073
3 8 1 3.721 0.382     1.009
3 9 1 3.851 0.361     0.987
3 10 1 3.960 0.064     1.047
3 1 2 0.793 2.023     0.922
3 2 2 1.424 1.898     1.521
3 3 2 1.804 1.158     1.377
3 4 2 1.731 0.804     1.376
3 5 2 1.908 0.939     1.473
3 6 2 2.273 0.851     1.459
3 7 2 3.424 -0.019     1.152
3 8 2 3.918 0.236     1.042
3 9 2 3.434 1.466     1.140
3 10 2 3.601 1.346     1.149
3 1 3 1.429 1.955     0.867
3 2 3 2.174 1.533     1.357
3 3 3 2.345 1.049     1.284
3 4 3 1.939 0.497     1.432
3 5 3 1.804 0.367     1.470
3 6 3 1.882 1.137     1.531
3 7 3 2.627 0.403     1.368
3 8 3 3.642 0.096     1.116
3 9 3 2.835 1.830     1.269
3 10 3 2.267 2.143     1.312
3 1 4 1.694 1.851     0.885
3 2 4 2.168 1.215     1.428
3 3 4 2.345 1.044     1.321
3 4 4 1.971 0.596     1.518
3 5 4 2.080 0.387     1.469
3 6 4 1.903 1.158     1.513
3 7 4 2.085 1.205     1.501
3 8 4 3.398 0.335     1.167
3 9 4 2.252 1.429     1.392
3 10 4 0.809 2.174     1.492
3 1 5 1.872 1.382     0.872
3 2 5 1.898 1.038     1.438
3 3 5 1.971 1.346     1.459
3 4 5 1.856 1.117     1.534
3 5 5 2.028 0.346     1.531
3 6 5 2.148 0.976     1.455
3 7 5 2.028 1.778     1.402
3 8 5 3.049 0.856     1.227
3 9 5 1.934 1.101     1.462
3 10 5 0.049 2.018     1.540
3 1 6 1.575 0.773     0.999
3 2 6 1.700 0.992     1.550
3 3 6 1.549 1.861     1.551
3 4 6 1.361 1.221     1.703
3 5 6 1.882 0.205     1.543
3 6 6 2.189 1.054     1.437
3 7 6 1.971 1.564     1.457
3 8 6 2.471 1.731     1.294
3 9 6 1.523 1.283     1.503
3 10 6 -0.290 2.012     1.537
3 1 7 1.575 0.632     1.093
3 2 7 1.543 1.184     1.572
3 3 7 0.736 1.945     1.680
3 4 7 0.569 1.096     1.791
3 5 7 1.856 0.533     1.526
3 6 7 1.872 0.898     1.513
3 7 7 1.762 1.049     1.557
3 8 7 1.929 1.799     1.421
3 9 7 0.455 1.606     1.619
3 10 7 -0.530 2.158     1.509
3 1 8 1.726 0.502     1.155
3 2 8 1.288 1.075     1.634
3 3 8 0.330 2.028     1.695
3 4 8 0.585 1.497     1.694
3 5 8 1.663 0.893     1.501
3 6 8 1.361 0.580     1.654
3 7 8 1.283 0.804     1.626
3 8 8 1.163 1.257     1.585
3 9 8 -0.217 1.955     1.611
3 10 8 -0.873 2.377     1.448
3 1 9 1.257 0.242     0.830
3 2 9 1.278 0.544     1.240
3 3 9 0.799 1.669     1.311
3 4 9 0.898 1.434     1.323
3 5 9 1.366 0.377     1.255
3 6 9 0.965 0.403     1.321
3 7 9 0.726 0.669     1.332
3 8 9 0.200 1.304     1.324
3 9 9 -0.977 2.257     1.225
3 10 9 -1.384 2.700     1.056
4 1 1 0.772 -0.360     0.853
4 2 1 1.506 -0.397     1.397
4 3 1 1.282 -0.433     1.461
4 4 1 1.657 -0.245     1.291
4 5 1 2.371 0.551     1.200
4 6 1 2.371 0.260     1.167
4 7 1 2.871 -0.787     1.023
4 8 1 3.131 0.036     0.960
4 9 1 3.444 0.015     0.919
4 10 1 3.730 -0.287     0.953
4 1 2 1.277 -0.381     0.892
4 2 2 1.673 -0.308     1.526
4 3 2 1.860 -0.324     1.383
4 4 2 1.954 -0.334     1.375
4 5 2 2.199 -0.219     1.453
4 6 2 2.157 0.067     1.438
4 7 2 2.668 -0.714     1.110
4 8 2 2.834 -0.376     0.991
4 9 2 2.365 0.562     1.118
4 10 2 2.595 0.411     1.108
4 1 3 2.183 -0.386     0.799
4 2 3 2.569 -0.318     1.332
4 3 3 2.563 -0.022     1.247
4 4 3 2.277 -0.313     1.406
4 5 3 2.157 -0.574     1.444
4 6 3 1.918 0.213     1.511
4 7 3 1.761 -0.537     1.357
4 8 3 1.928 -0.964     1.094
4 9 3 1.303 0.114     1.319
4 10 3 1.152 0.322     1.363
4 1 4 2.470 -0.188     0.804
4 2 4 2.558 -0.068     1.369
4 3 4 2.537 0.426     1.280
4 4 4 2.058 0.182     1.492
4 5 4 2.225 -0.178     1.444
4 6 4 1.829 0.348     1.506
4 7 4 1.032 0.098     1.542
4 8 4 1.287 -0.980     1.175
4 9 4 0.751 -0.631     1.461
4 10 4 0.313 -0.329     1.604
4 1 5 2.475 -0.324     0.783
4 2 5 2.089 0.301     1.418
4 3 5 2.006 1.015     1.426
4 4 5 1.699 0.932     1.523
4 5 5 1.855 0.057     1.521
4 6 5 1.641 0.249     1.445
4 7 5 0.678 0.619     1.458
4 8 5 0.886 -0.485     1.276
4 9 5 0.673 -0.891     1.522
4 10 5 0.152 -0.777     1.608
4 1 6 1.761 -0.495     0.934
4 2 6 1.694 0.390     1.551
4 3 6 1.449 1.494     1.532
4 4 6 1.022 1.057     1.717
4 5 6 1.199 -0.058     1.559
4 6 6 1.126 0.239     1.467
4 7 6 0.292 0.390     1.529
4 8 6 0.454 0.244     1.359
4 9 6 0.699 -0.610     1.562
4 10 6 0.308 -0.699     1.598
4 1 7 1.428 -0.068     1.055
4 2 7 1.579 0.624     1.577
4 3 7 0.782 1.489     1.679
4 4 7 0.157 0.843     1.848
4 5 7 0.824 0.218     1.585
4 6 7 0.589 0.213     1.580
4 7 7 0.084 0.046     1.686
4 8 7 0.319 0.322     1.517
4 9 7 0.360 -0.287     1.722
4 10 7 0.501 -0.459     1.593
4 1 8 1.376 -0.011     1.111
4 2 8 1.334 0.562     1.648
4 3 8 0.371 1.458     1.716
4 4 8 0.032 1.156     1.733
4 5 8 0.527 0.713     1.560
4 6 8 0.121 0.249     1.767
4 7 8 0.011 0.176     1.774
4 8 8 0.350 0.114     1.720
4 9 8 0.329 -0.048     1.744
4 10 8 0.438 -0.433     1.548
4 1 9 0.907 -0.214     0.803
4 2 9 1.194 0.093     1.273
4 3 9 0.688 1.140     1.342
4 4 9 0.287 1.187     1.356
4 5 9 0.272 0.494     1.311
4 6 9 -0.124 0.421     1.417
4 7 9 -0.067 0.421     1.433
4 8 9 0.110 0.411     1.441
4 9 9 -0.004 0.103     1.349
4 10 9 -0.004 -0.579     1.151
5 1 1 1.993 -3.188     0.855
5 2 1 1.675 -1.891     1.511
5 3 1 1.139 -0.985     1.624
5 4 1 1.982 -0.599     1.407
5 5 1 2.399 0.583     1.334
5 6 1 1.696 0.641     1.330
5 7 1 1.915 -0.521     1.179
5 8 1 1.883 -0.177     1.128
5 9 1 1.566 -0.656     1.102
5 10 1 1.347 -1.349     1.124
5 1 2 2.123 -2.625     0.906
5 2 2 1.592 -1.115     1.658
5 3 2 1.670 -0.380     1.536
5 4 2 2.263 -0.396     1.489
5 5 2 2.258 -0.656     1.551
5 6 2 1.399 -0.151     1.633
5 7 2 1.441 -0.682     1.290
5 8 2 1.498 -0.672     1.179
5 9 2 0.753 -0.641     1.333
5 10 2 0.654 -1.245     1.301
5 1 3 2.639 -2.021     0.827
5 2 3 2.248 -0.724     1.493
5 3 3 2.154 0.109     1.375
5 4 3 1.982 -0.162     1.554
5 5 3 1.732 -0.906     1.591
5 6 3 1.154 -0.261     1.730
5 7 3 0.711 -0.750     1.577
5 8 3 0.836 -1.302     1.275
5 9 3 0.217 -1.125     1.535
5 10 3 -0.023 -1.453     1.546
5 1 4 2.388 -1.552     0.851
5 2 4 1.967 -0.563     1.486
5 3 4 1.810 0.364     1.445
5 4 4 1.139 0.255     1.700
5 5 4 1.467 -0.307     1.629
5 6 4 1.206 -0.063     1.724
5 7 4 0.170 -0.318     1.818
5 8 4 0.472 -1.479     1.356
5 9 4 0.107 -1.589     1.661
5 10 4 -0.309 -1.620     1.770
5 1 5 1.951 -1.917     0.822
5 2 5 1.305 -0.526     1.607
5 3 5 1.206 0.463     1.632
5 4 5 0.586 0.588     1.760
5 5 5 0.967 -0.151     1.744
5 6 5 1.060 -0.307     1.672
5 7 5 -0.101 -0.115     1.748
5 8 5 0.217 -1.250     1.482
5 9 5 0.326 -1.667     1.705
5 10 5 -0.164 -1.568     1.782
5 1 6 1.055 -1.927     0.953
5 2 6 1.149 -0.714     1.754
5 3 6 0.982 0.234     1.769
5 4 6 0.269 0.057     2.016
5 5 6 0.493 -0.662     1.787
5 6 6 0.675 -0.610     1.708
5 7 6 -0.190 -0.667     1.778
5 8 6 0.071 -0.761     1.602
5 9 6 0.545 -1.406     1.746
5 10 6 0.159 -1.276     1.798
5 1 7 0.717 -1.083     1.172
5 2 7 1.326 -0.677     1.774
5 3 7 0.790 -0.302     1.916
5 4 7 0.014 -0.646     2.109
5 5 7 0.560 -0.771     1.827
5 6 7 0.467 -0.771     1.813
5 7 7 -0.018 -1.073     1.912
5 8 7 0.243 -0.708     1.755
5 9 7 0.378 -1.083     1.931
5 10 7 0.461 -0.953     1.823
5 1 8 0.743 -1.250     1.218
5 2 8 1.118 -1.047     1.823
5 3 8 0.456 -0.469     1.979
5 4 8 0.149 -0.307     2.021
5 5 8 0.727 -0.292     1.801
5 6 8 0.347 -0.594     2.020
5 7 8 0.165 -0.781     2.026
5 8 8 0.508 -0.776     1.955
5 9 8 0.513 -0.714     1.992
5 10 8 0.581 -0.755     1.784
5 1 9 0.550 -1.703     0.747
5 2 9 1.139 -1.656     1.277
5 3 9 0.670 -0.662     1.412
5 4 9 0.399 -0.115     1.476
5 5 9 0.638 -0.448     1.400
5 6 9 0.222 -0.344     1.533
5 7 9 0.243 -0.287     1.559
5 8 9 0.566 -0.302     1.536
5 9 9 0.404 -0.359     1.461
5 10 9 0.378 -0.745     1.237
6 1 1 2.913 -5.361     0.854
6 2 1 2.230 -2.408     1.669
6 3 1 1.548 -0.741     1.867
6 4 1 2.053 -0.017     1.636
6 5 1 2.298 2.207     1.519
6 6 1 2.012 1.780     1.497
6 7 1 3.163 -0.054     1.356
6 8 1 3.835 0.477     1.288
6 9 1 4.095 0.373     1.243
6 10 1 4.178 0.082     1.264
6 1 2 3.100 -5.069     0.901
6 2 2 2.116 -1.814     1.812
6 3 2 2.007 -0.236     1.758
6 4 2 2.100 0.175     1.732
6 5 2 1.767 0.675     1.784
6 6 2 1.475 1.061     1.890
6 7 2 2.897 -0.075     1.484
6 8 2 3.913 0.035     1.318
6 9 2 3.408 1.274     1.474
6 10 2 3.533 1.306     1.438
6 1 3 3.673 -4.507     0.846
6 2 3 2.658 -1.387     1.704
6 3 3 2.262 0.389     1.580
6 4 3 1.803 0.446     1.812
6 5 3 1.434 0.019     1.890
6 6 3 1.257 1.029     2.002
6 7 3 1.996 0.066     1.818
6 8 3 3.298 -0.564     1.444
6 9 3 2.533 1.149     1.748
6 10 3 1.855 1.816     1.771
6 1 4 3.553 -3.543     0.900
6 2 4 2.277 -1.017     1.657
6 3 4 1.767 0.785     1.694
6 4 4 1.106 0.972     1.987
6 5 4 1.428 0.457     1.912
6 6 4 1.376 1.097     1.999
6 7 4 1.355 0.743     2.102
6 8 4 2.803 -0.668     1.555
6 9 4 1.809 0.285     1.935
6 10 4 0.345 1.493     2.068
6 1 5 3.090 -3.335     0.875
6 2 5 1.371 -0.757     1.872
6 3 5 0.954 1.076     1.922
6 4 5 0.730 1.467     2.034
6 5 5 1.272 0.488     2.049
6 6 5 1.569 0.743     1.953
6 7 5 1.204 1.259     2.025
6 8 5 2.277 -0.335     1.728
6 9 5 1.512 -0.325     1.997
6 10 5 -0.301 0.993     2.121
6 1 6 1.913 -3.148     0.995
6 2 6 0.882 -1.017     2.058
6 3 6 0.574 0.878     2.108
6 4 6 0.449 0.795     2.364
6 5 6 1.090 -0.262     2.116
6 6 6 1.465 0.253     2.003
6 7 6 1.022 0.613     2.098
6 8 6 1.527 0.196     1.900
6 9 6 1.215 -0.366     2.066
6 10 6 -0.348 0.681     2.161
6 1 7 1.220 -2.606     1.290
6 2 7 0.944 -1.502     2.053
6 3 7 0.402 -0.231     2.302
6 4 7 0.225 -0.497     2.487
6 5 7 1.236 -0.710     2.129
6 6 7 1.194 -0.319     2.124
6 7 7 0.788 -0.377     2.259
6 8 7 0.991 0.003     2.092
6 9 7 0.444 -0.205     2.325
6 10 7 -0.296 0.608     2.197
6 1 8 0.887 -3.491     1.288
6 2 8 0.949 -2.731     1.989
6 3 8 0.283 -1.184     2.301
6 4 8 0.480 -0.747     2.374
6 5 8 1.392 -0.616     2.085
6 6 8 0.861 -0.611     2.344
6 7 8 0.423 -0.611     2.387
6 8 8 0.595 -0.465     2.320
6 9 8 0.137 -0.038     2.426
6 10 8 -0.389 0.550     2.158
6 1 9 0.647 -4.049     0.592
6 2 9 1.512 -3.679     1.167
6 3 9 0.986 -1.950     1.406
6 4 9 0.850 -0.991     1.533
6 5 9 1.288 -1.111     1.422
6 6 9 0.543 -0.663     1.618
6 7 9 0.178 -0.413     1.674
6 8 9 0.251 -0.226     1.664
6 9 9 -0.280 0.186     1.588
6 10 9 -0.780 0.483     1.319
7 1 1 3.999 -6.054     0.832
7 2 1 3.061 -3.168     1.763
7 3 1 2.061 -1.038     2.100
7 4 1 2.337 -0.007     1.882
7 5 1 2.301 2.644     1.706
7 6 1 1.941 2.061     1.709
7 7 1 3.061 0.217     1.579
7 8 1 3.577 0.806     1.467
7 9 1 3.634 0.623     1.430
7 10 1 3.405 0.358     1.477
7 1 2 4.160 -5.845     0.868
7 2 2 2.869 -2.418     1.873
7 3 2 2.441 -0.449     1.995
7 4 2 2.254 0.285     1.987
7 5 2 1.582 1.092     2.040
7 6 2 1.306 1.399     2.167
7 7 2 2.858 0.264     1.705
7 8 2 3.738 0.337     1.492
7 9 2 3.098 1.686     1.655
7 10 2 3.066 1.702     1.624
7 1 3 4.733 -5.382     0.830
7 2 3 3.363 -1.949     1.873
7 3 3 2.540 0.217     1.811
7 4 3 1.634 0.660     2.113
7 5 3 1.072 0.524     2.247
7 6 3 1.035 1.478     2.302
7 7 3 1.915 0.514     2.094
7 8 3 3.254 -0.199     1.642
7 9 3 2.259 1.754     1.973
7 10 3 1.494 2.384     1.985
7 1 4 4.405 -4.481     0.909
7 2 4 2.770 -1.559     1.774
7 3 4 1.790 0.618     1.987
7 4 4 0.733 1.181     2.322
7 5 4 1.025 0.900     2.258
7 6 4 1.181 1.493     2.275
7 7 4 1.280 1.202     2.396
7 8 4 2.796 -0.210     1.792
7 9 4 1.494 0.941     2.254
7 10 4 -0.184 2.196     2.329
7 1 5 3.650 -4.173     0.897
7 2 5 1.624 -1.314     2.138
7 3 5 0.822 0.774     2.289
7 4 5 0.212 1.384     2.373
7 5 5 0.816 0.566     2.421
7 6 5 1.509 0.983     2.254
7 7 5 1.264 1.623     2.292
7 8 5 2.342 0.222     1.993
7 9 5 1.186 0.358     2.361
7 10 5 -0.928 1.785     2.389
7 1 6 2.186 -3.720     1.017
7 2 6 1.030 -1.590     2.346
7 3 6 0.467 0.321     2.529
7 4 6 0.025 0.285     2.833
7 5 6 0.900 -0.429     2.501
7 6 6 1.681 0.441     2.319
7 7 6 1.254 0.962     2.423
7 8 6 1.723 0.983     2.194
7 9 6 0.941 0.519     2.452
7 10 6 -1.069 1.676     2.436
7 1 7 1.405 -2.798     1.405
7 2 7 1.119 -1.882     2.326
7 3 7 0.332 -0.783     2.705
7 4 7 0.103 -1.002     2.873
7 5 7 1.546 -0.804     2.433
7 6 7 1.613 -0.236     2.443
7 7 7 1.176 -0.106     2.631
7 8 7 1.285 0.790     2.421
7 9 7 -0.012 0.853     2.738
7 10 7 -1.105 1.738     2.457
7 1 8 0.921 -3.554     1.377
7 2 8 0.921 -2.866     2.176
7 3 8 0.129 -1.356     2.647
7 4 8 0.504 -0.793     2.768
7 5 8 1.827 -0.663     2.377
7 6 8 1.327 -0.778     2.671
7 7 8 1.035 -0.632     2.745
7 8 8 0.853 -0.012     2.726
7 9 8 -0.600 1.160     2.776
7 10 8 -1.387 1.915     2.386
7 1 9 0.556 -4.038     0.460
7 2 9 1.348 -3.637     1.092
7 3 9 0.785 -1.778     1.436
7 4 9 0.775 -0.804     1.617
7 5 9 1.525 -1.231     1.447
7 6 9 0.978 -0.970     1.683
7 7 9 0.671 -0.705     1.767
7 8 9 0.207 0.071     1.825
7 9 9 -1.241 1.441     1.602
7 10 9 -1.835 2.139     1.263
8 1 1 5.094 -6.925     0.793
8 2 1 4.037 -4.206     1.794
8 3 1 2.875 -1.774     2.282
8 4 1 3.058 -0.430     2.096
8 5 1 2.761 2.955     1.902
8 6 1 2.276 2.799     1.895
8 7 1 3.480 0.961     1.793
8 8 1 4.063 1.455     1.635
8 9 1 4.068 1.185     1.612
8 10 1 3.532 0.856     1.725
8 1 2 5.344 -6.800     0.815
8 2 2 3.985 -3.435     1.821
8 3 2 3.381 -1.060     2.162
8 4 2 3.115 0.018     2.199
8 5 2 2.136 1.283     2.295
8 6 2 1.427 2.002     2.437
8 7 2 2.995 0.919     1.936
8 8 2 4.125 0.882     1.670
8 9 2 3.594 2.190     1.817
8 10 2 3.391 2.143     1.816
8 1 3 6.063 -6.394     0.782
8 2 3 4.745 -2.930     1.925
8 3 3 3.625 -0.284     1.987
8 4 3 2.443 0.674     2.383
8 5 3 1.500 0.685     2.617
8 6 3 0.990 2.023     2.598
8 7 3 1.917 1.185     2.383
8 8 3 3.667 0.424     1.850
8 9 3 2.922 2.393     2.163
8 10 3 2.084 3.034     2.173
8 1 4 5.667 -5.404     0.879
8 2 4 3.969 -2.243     1.799
8 3 4 2.610 0.351     2.242
8 4 4 1.245 1.461     2.659
8 5 4 1.302 1.252     2.613
8 6 4 1.120 2.049     2.574
8 7 4 1.224 1.935     2.686
8 8 4 3.172 0.533     2.037
8 9 4 2.136 1.752     2.534
8 10 4 0.438 3.060     2.546
8 1 5 4.724 -4.826     0.889
8 2 5 2.474 -1.628     2.352
8 3 5 1.334 0.627     2.676
8 4 5 0.459 1.768     2.730
8 5 5 0.829 1.117     2.830
8 6 5 1.349 1.455     2.595
8 7 5 1.188 2.242     2.576
8 8 5 2.526 0.872     2.280
8 9 5 1.480 1.086     2.717
8 10 5 -0.578 2.659     2.645
8 1 6 2.980 -3.993     1.036
8 2 6 1.594 -1.743     2.635
8 3 6 0.698 0.101     3.024
8 4 6 0.037 0.497     3.362
8 5 6 0.568 -0.065     3.008
8 6 6 1.302 0.752     2.723
8 7 6 1.167 1.356     2.793
8 8 6 1.714 1.289     2.535
8 9 6 0.881 0.997     2.890
8 10 6 -0.979 2.367     2.710
8 1 7 1.933 -2.696     1.524
8 2 7 1.401 -1.779     2.640
8 3 7 0.370 -0.831     3.182
8 4 7 -0.161 -0.951     3.344
8 5 7 0.922 -0.706     2.876
8 6 7 1.120 -0.019     2.897
8 7 7 0.980 0.185     3.102
8 8 7 1.042 1.002     2.822
8 9 7 -0.187 1.143     3.187
8 10 7 -1.140 2.195     2.740
8 1 8 1.396 -3.060     1.515
8 2 8 1.167 -2.289     2.464
8 3 8 0.063 -0.883     3.133
8 4 8 0.016 -0.477     3.298
8 5 8 1.016 -0.467     2.832
8 6 8 0.745 -0.550     3.150
8 7 8 0.610 -0.368     3.243
8 8 8 0.480 0.304     3.250
8 9 8 -0.703 1.336     3.174
8 10 8 -1.416 2.159     2.656
8 1 9 0.969 -3.466     0.356
8 2 9 1.526 -2.899     1.090
8 3 9 0.594 -0.925     1.548
8 4 9 0.026 -0.050     1.812
8 5 9 0.417 -0.883     1.575
8 6 9 0.141 -0.888     1.823
8 7 9 0.131 -0.534     1.935
8 8 9 -0.125 0.372     2.010
8 9 9 -1.234 1.580     1.627
8 10 9 -1.859 2.372     1.230
9 1 1 1.757 -0.396     0.743
9 2 1 1.997 0.276     1.800
9 3 1 1.898 0.656     2.240
9 4 1 2.221 1.057     2.010
9 5 1 2.747 2.479     1.741
9 6 1 3.017 1.932     1.696
9 7 1 3.835 0.557     1.607
9 8 1 4.080 1.104     1.438
9 9 1 4.142 0.927     1.413
9 10 1 3.866 0.635     1.546
9 1 2 1.773 0.088     0.797
9 2 2 2.023 0.749     1.790
9 3 2 2.184 0.989     2.111
9 4 2 2.007 1.124     2.153
9 5 2 2.054 1.505     2.174
9 6 2 2.523 1.650     2.296
9 7 2 3.840 0.765     1.753
9 8 2 4.205 0.864     1.491
9 9 2 3.611 2.093     1.634
9 10 2 3.622 1.994     1.635
9 1 3 2.335 0.328     0.740
9 2 3 2.658 0.890     1.887
9 3 3 2.408 1.328     1.912
9 4 3 1.736 1.354     2.357
9 5 3 1.674 1.281     2.594
9 6 3 2.012 1.947     2.487
9 7 3 2.887 1.161     2.242
9 8 3 3.851 0.635     1.692
9 9 3 2.918 2.395     1.997
9 10 3 2.231 2.812     2.011
9 1 4 2.283 0.593     0.830
9 2 4 2.283 0.984     1.719
9 3 4 1.945 1.718     2.168
9 4 4 1.293 1.895     2.615
9 5 4 1.502 1.661     2.573
9 6 4 1.627 2.098     2.486
9 7 4 2.054 1.937     2.568
9 8 4 3.382 0.723     1.902
9 9 4 2.168 1.692     2.439
9 10 4 0.642 2.661     2.464
9 1 5 1.892 0.421     0.848
9 2 5 1.434 1.046     2.373
9 3 5 1.174 2.166     2.596
9 4 5 0.903 2.427     2.642
9 5 5 1.137 1.541     2.831
9 6 5 1.564 1.906     2.530
9 7 5 1.653 2.359     2.468
9 8 5 2.762 1.015     2.183
9 9 5 1.741 0.999     2.674
9 10 5 -0.191 2.218     2.622
9 1 6 0.991 0.432     1.052
9 2 6 0.809 1.161     2.691
9 3 6 0.523 2.552     2.914
9 4 6 0.236 2.265     3.280
9 5 6 0.918 1.114     3.064
9 6 6 1.455 1.786     2.683
9 7 6 1.377 1.916     2.732
9 8 6 2.085 1.677     2.447
9 9 6 1.346 0.994     2.918
9 10 6 -0.555 1.953     2.709
9 1 7 0.543 0.911     1.526
9 2 7 0.476 1.624     2.682
9 3 7 -0.170 2.604     3.055
9 4 7 -0.425 1.958     3.312
9 5 7 0.825 1.275     2.927
9 6 7 0.976 1.406     2.922
9 7 7 1.043 1.150     3.148
9 8 7 1.517 1.494     2.757
9 9 7 0.278 1.182     3.293
9 10 7 -0.795 1.895     2.732
9 1 8 0.267 0.828     1.532
9 2 8 0.043 1.479     2.531
9 3 8 -0.519 2.411     3.041
9 4 8 -0.493 2.052     3.250
9 5 8 0.356 1.437     2.891
9 6 8 0.221 0.770     3.306
9 7 8 0.533 0.588     3.389
9 8 8 0.856 0.708     3.340
9 9 8 -0.332 1.421     3.244
9 10 8 -1.118 2.020     2.622
9 1 9 -0.441 0.770     0.349
9 2 9 -0.154 1.005     1.195
9 3 9 -0.358 1.682     1.593
9 4 9 -0.805 1.421     1.858
9 5 9 -0.555 0.395     1.711
9 6 9 -0.436 0.088     1.983
9 7 9 0.002 0.078     2.132
9 8 9 0.054 0.541     2.163
9 9 9 -1.024 1.583     1.640
9 10 9 -1.566 2.249     1.214
10 1 1 -0.133 2.007     0.665
10 2 1 0.643 1.897     1.738
10 3 1 0.638 1.012     2.215
10 4 1 1.211 0.866     1.971
10 5 1 1.945 1.231     1.655
10 6 1 2.013 0.361     1.616
10 7 1 3.148 -1.097     1.428
10 8 1 3.669 -0.280     1.253
10 9 1 3.679 -0.222     1.227
10 10 1 3.732 -0.452     1.347
10 1 2 0.070 1.923     0.770
10 2 2 0.706 1.585     1.744
10 3 2 0.992 0.965     2.134
10 4 2 1.023 0.715     2.196
10 5 2 1.331 0.538     2.140
10 6 2 1.565 0.184     2.307
10 7 2 2.893 -0.837     1.637
10 8 2 3.794 -0.577     1.327
10 9 2 3.101 0.746     1.519
10 10 2 2.935 0.804     1.531
10 1 3 0.591 1.762     0.718
10 2 3 1.341 1.101     1.914
10 3 3 1.534 0.835     1.908
10 4 3 1.174 0.335     2.404
10 5 3 1.185 0.121     2.646
10 6 3 1.278 0.673     2.509
10 7 3 1.877 -0.233     2.214
10 8 3 3.226 -0.702     1.555
10 9 3 2.502 0.825     1.916
10 10 3 1.497 1.408     1.975
10 1 4 0.643 1.741     0.804
10 2 4 1.263 0.877     1.694
10 3 4 1.591 0.851     2.151
10 4 4 1.211 0.496     2.643
10 5 4 1.461 0.283     2.588
10 6 4 1.320 0.908     2.491
10 7 4 1.185 0.851     2.580
10 8 4 2.685 -0.248     1.805
10 9 4 2.049 0.408     2.398
10 10 4 0.372 1.330     2.489
10 1 5 0.706 1.319     0.826
10 2 5 0.966 0.897     2.414
10 3 5 1.258 1.200     2.580
10 4 5 1.060 0.939     2.658
10 5 5 1.252 0.153     2.868
10 6 5 1.435 0.726     2.539
10 7 5 1.023 1.423     2.459
10 8 5 2.200 0.298     2.136
10 9 5 1.872 0.168     2.599
10 10 5 -0.008 1.085     2.686
10 1 6 0.273 0.892     1.046
10 2 6 0.659 0.970     2.744
10 3 6 0.601 1.621     2.890
10 4 6 0.169 0.871     3.379
10 5 6 0.815 -0.009     3.168
10 6 6 1.237 0.741     2.706
10 7 6 0.935 0.918     2.769
10 8 6 1.721 0.830     2.420
10 9 6 1.612 0.231     2.917
10 10 6 -0.050 0.892     2.798
10 1 7 0.185 0.840     1.550
10 2 7 0.273 1.252     2.730
10 3 7 -0.404 1.809     3.008
10 4 7 -0.810 1.121     3.325
10 5 7 0.549 0.840     3.001
10 6 7 0.706 0.809     2.998
10 7 7 0.721 0.309     3.267
10 8 7 1.419 0.611     2.730
10 9 7 0.763 0.267     3.410
10 10 7 -0.138 0.767     2.835
10 1 8 0.133 0.559     1.579
10 2 8 -0.159 1.090     2.591
10 3 8 -0.836 1.991     2.961
10 4 8 -0.888 1.965     3.151
10 5 8 0.008 1.548     2.893
10 6 8 -0.086 0.601     3.456
10 7 8 0.336 0.215     3.558
10 8 8 1.091 0.116     3.382
10 9 8 0.429 0.345     3.397
10 10 8 -0.383 0.679     2.725
10 1 9 -0.477 0.559     0.358
10 2 9 -0.216 0.825     1.284
10 3 9 -0.373 1.559     1.617
10 4 9 -0.888 1.616     1.862
10 5 9 -0.800 0.658     1.789
10 6 9 -0.675 0.106     2.100
10 7 9 0.133 0.142     2.301
10 8 9 0.706 0.335     2.261
10 9 9 -0.128 0.559     1.746
10 10 9 -0.925 0.585     1.272
11 1 1 0.232 1.652     0.602
11 2 1 1.065 1.527     1.734
11 3 1 1.492 1.115     2.177
11 4 1 2.039 1.235     1.872
11 5 1 2.502 1.678     1.559
11 6 1 2.648 1.006     1.487
11 7 1 3.690 -0.145     1.258
11 8 1 4.206 0.391     1.081
11 9 1 4.034 0.298     1.067
11 10 1 3.502 0.115     1.236
11 1 2 0.440 1.563     0.762
11 2 2 1.242 1.444     1.715
11 3 2 1.888 1.194     2.102
11 4 2 2.049 1.032     2.144
11 5 2 2.107 1.011     2.023
11 6 2 2.320 0.990     2.228
11 7 2 3.706 0.360     1.498
11 8 2 4.633 0.423     1.170
11 9 2 3.898 1.464     1.375
11 10 2 3.289 1.371     1.440
11 1 3 0.893 1.397     0.709
11 2 3 1.794 1.209     1.935
11 3 3 2.268 1.157     1.859
11 4 3 2.190 0.782     2.345
11 5 3 2.107 0.772     2.598
11 6 3 2.127 1.501     2.415
11 7 3 3.112 1.131     2.053
11 8 3 4.617 0.855     1.353
11 9 3 3.695 2.157     1.739
11 10 3 2.331 2.334     1.874
11 1 4 1.091 1.459     0.785
11 2 4 1.778 1.121     1.632
11 3 4 2.185 1.235     2.087
11 4 4 2.055 1.048     2.567
11 5 4 2.331 1.016     2.507
11 6 4 2.237 1.704     2.384
11 7 4 2.758 2.141     2.369
11 8 4 4.539 1.641     1.551
11 9 4 3.372 2.324     2.173
11 10 4 1.357 2.793     2.365
11 1 5 1.320 1.350     0.793
11 2 5 1.554 1.225     2.406
11 3 5 1.784 1.610     2.501
11 4 5 1.810 1.563     2.585
11 5 5 2.195 1.069     2.777
11 6 5 2.539 1.803     2.389
11 7 5 2.877 2.756     2.213
11 8 5 4.242 2.313     1.848
11 9 5 3.122 2.350     2.236
11 10 5 0.893 3.006     2.534
11 1 6 1.133 1.147     1.017
11 2 6 1.315 1.386     2.713
11 3 6 1.242 2.131     2.797
11 4 6 1.179 1.829     3.300
11 5 6 2.117 1.423     3.033
11 6 6 2.773 2.334     2.469
11 7 6 2.987 2.808     2.479
11 8 6 3.789 3.178     2.080
11 9 6 2.752 2.652     2.663
11 10 6 0.711 3.225     2.615
11 1 7 1.263 1.136     1.487
11 2 7 1.273 1.647     2.695
11 3 7 0.638 2.485     2.889
11 4 7 0.742 2.355     3.200
11 5 7 2.216 2.391     2.775
11 6 7 2.544 2.600     2.743
11 7 7 2.924 2.813     2.924
11 8 7 3.388 3.433     2.191
11 9 7 1.825 3.022     3.147
11 10 7 0.581 3.444     2.620
11 1 8 1.466 0.964     1.507
11 2 8 1.299 1.641     2.564
11 3 8 0.679 2.761     2.820
11 4 8 1.028 2.917     2.951
11 5 8 1.966 2.605     2.693
11 6 8 2.081 2.329     3.231
11 7 8 2.742 2.871     3.046
11 8 8 2.825 3.235     2.822
11 9 8 1.346 3.490     3.094
11 10 8 0.336 3.688     2.496
11 1 9 1.159 0.720     0.346
11 2 9 1.403 1.240     1.335
11 3 9 1.216 2.313     1.608
11 4 9 1.310 2.277     1.835
11 5 9 1.862 1.626     1.771
11 6 9 2.206 2.105     2.019
11 7 9 2.716 2.876     1.983
11 8 9 2.185 3.501     1.937
11 9 9 0.622 3.886     1.558
11 10 9 -0.216 3.964     1.170
12 1 1 1.721 -0.630     0.566
12 2 1 2.169 -0.145     1.772
12 3 1 2.398 -0.057     2.128
12 4 1 2.820 0.126     1.789
12 5 1 3.127 1.287     1.514
12 6 1 3.309 0.834     1.413
12 7 1 4.221 -0.234     1.164
12 8 1 4.544 0.485     0.988
12 9 1 4.705 0.480     0.964
12 10 1 4.356 0.402     1.139
12 1 2 1.929 -0.463     0.712
12 2 2 2.336 0.027     1.622
12 3 2 2.835 0.048     2.009
12 4 2 3.106 -0.166     2.022
12 5 2 3.117 0.079     1.775
12 6 2 3.117 0.391     2.120
12 7 2 4.299 -0.124     1.356
12 8 2 4.804 0.287     1.050
12 9 2 4.179 1.605     1.255
12 10 2 3.862 1.725     1.325
12 1 3 2.424 -0.176     0.642
12 2 3 2.934 0.131     1.915
12 3 3 3.221 0.272     1.746
12 4 3 3.216 -0.182     2.213
12 5 3 3.174 -0.380     2.455
12 6 3 2.997 0.527     2.311
12 7 3 3.830 0.209     1.881
12 8 3 4.966 0.120     1.192
12 9 3 3.809 1.876     1.609
12 10 3 2.554 2.469     1.770
12 1 4 2.492 0.173     0.710
12 2 4 2.856 0.292     1.466
12 3 4 2.997 0.631     1.970
12 4 4 2.846 0.339     2.456
12 5 4 3.242 0.131     2.368
12 6 4 3.002 0.870     2.278
12 7 4 3.440 1.188     2.195
12 8 4 5.210 0.532     1.342
12 9 4 3.773 1.506     1.991
12 10 4 1.388 2.574     2.283
12 1 5 2.487 0.042     0.700
12 2 5 2.434 0.459     2.339
12 3 5 2.450 1.053     2.419
12 4 5 2.502 1.068     2.502
12 5 5 3.080 0.574     2.626
12 6 5 3.289 1.173     2.242
12 7 5 3.419 2.126     2.029
12 8 5 5.117 1.350     1.596
12 9 5 3.950 1.423     1.848
12 10 5 0.981 2.626     2.449
12 1 6 2.153 -0.374     0.902
12 2 6 2.174 0.292     2.680
12 3 6 1.908 1.303     2.765
12 4 6 1.981 1.219     3.233
12 5 6 3.044 0.740     2.853
12 6 6 3.570 1.454     2.268
12 7 6 3.606 2.141     2.240
12 8 6 4.700 2.480     1.785
12 9 6 3.763 1.954     2.402
12 10 6 0.757 2.912     2.505
12 1 7 2.039 -0.249     1.386
12 2 7 2.174 0.245     2.683
12 3 7 1.440 1.136     2.915
12 4 7 1.643 1.016     3.195
12 5 7 3.257 1.001     2.587
12 6 7 3.617 1.199     2.519
12 7 7 3.898 1.579     2.635
12 8 7 4.362 2.652     1.664
12 9 7 2.700 2.532     2.900
12 10 7 0.502 3.339     2.462
12 1 8 1.966 -0.478     1.410
12 2 8 2.013 -0.046     2.570
12 3 8 1.414 1.068     2.848
12 4 8 2.096 1.115     2.900
12 5 8 3.460 0.938     2.497
12 6 8 3.617 0.740     2.969
12 7 8 4.059 1.214     2.566
12 8 8 3.851 2.016     2.294
12 9 8 1.737 2.975     2.882
12 10 8 -0.138 3.787     2.298
12 1 9 1.539 -0.989     0.272
12 2 9 2.112 -0.843     1.340
12 3 9 1.898 0.417     1.634
12 4 9 2.539 0.594     1.791
12 5 9 3.622 0.162     1.640
12 6 9 3.835 0.725     1.848
12 7 9 4.080 1.287     1.621
12 8 9 3.096 2.058     1.668
12 9 9 0.591 3.292     1.422
12 10 9 -1.024 4.214     1.030
13 1 1 2.054 -1.613     0.549
13 2 1 1.908 -0.572     1.842
13 3 1 1.595 -0.358     2.185
13 4 1 2.189 -0.139     1.794
13 5 1 2.585 0.949     1.539
13 6 1 2.330 0.736     1.422
13 7 1 3.080 -0.452     1.166
13 8 1 3.403 0.189     0.991
13 9 1 3.496 0.106     0.964
13 10 1 3.470 -0.197     1.136
13 1 2 2.038 -1.405     0.690
13 2 2 1.866 -0.207     1.597
13 3 2 2.064 0.074     2.025
13 4 2 2.179 0.079     2.034
13 5 2 2.090 0.043     1.701
13 6 2 1.903 0.314     2.168
13 7 2 2.788 -0.384     1.366
13 8 2 3.299 -0.056     1.055
13 9 2 2.809 0.991     1.272
13 10 2 2.898 0.918     1.327
13 1 3 2.413 -1.129     0.617
13 2 3 2.429 -0.103     1.956
13 3 3 2.549 0.455     1.723
13 4 3 2.142 0.210     2.239
13 5 3 1.715 -0.171     2.518
13 6 3 1.502 0.600     2.391
13 7 3 1.908 0.027     1.939
13 8 3 2.856 -0.269     1.211
13 9 3 2.241 1.090     1.645
13 10 3 1.772 1.481     1.808
13 1 4 2.262 -0.671     0.693
13 2 4 2.231 -0.051     1.401
13 3 4 2.351 0.699     1.952
13 4 4 1.757 0.647     2.502
13 5 4 1.726 0.309     2.435
13 6 4 1.460 0.856     2.355
13 7 4 1.273 0.850     2.293
13 8 4 2.470 -0.165     1.382
13 9 4 1.897 0.553     2.060
13 10 4 0.887 1.439     2.361
13 1 5 2.075 -0.769     0.674
13 2 5 1.731 0.022     2.392
13 3 5 1.793 0.965     2.440
13 4 5 1.392 1.074     2.562
13 5 5 1.418 0.288     2.719
13 6 5 1.470 0.564     2.328
13 7 5 1.095 1.173     2.119
13 8 5 2.049 0.074     1.662
13 9 5 1.772 0.152     1.845
13 10 5 0.543 1.251     2.558
13 1 6 1.465 -0.936     0.861
13 2 6 1.523 -0.139     2.760
13 3 6 1.418 1.027     2.825
13 4 6 0.861 0.710     3.372
13 5 6 0.981 -0.264     2.999
13 6 6 1.205 0.137     2.403
13 7 6 0.929 0.434     2.392
13 8 6 1.627 0.428     1.874
13 9 6 1.684 0.147     2.497
13 10 6 0.507 1.147     2.627
13 1 7 1.252 -0.624     1.390
13 2 7 1.700 -0.228     2.748
13 3 7 1.075 0.501     3.039
13 4 7 0.273 -0.040     3.461
13 5 7 0.903 -0.394     2.737
13 6 7 0.897 -0.280     2.682
13 7 7 0.783 -0.467     2.799
13 8 7 1.361 0.178     1.715
13 9 7 1.090 0.277     3.047
13 10 7 0.418 1.194     2.587
13 1 8 1.272 -1.066     1.397
13 2 8 1.460 -0.796     2.641
13 3 8 0.549 0.033     3.064
13 4 8 0.127 0.059     3.169
13 5 8 0.804 -0.098     2.672
13 6 8 0.668 -0.566     3.138
13 7 8 0.736 -0.796     2.678
13 8 8 1.163 -0.342     2.359
13 9 8 0.705 0.517     3.057
13 10 8 0.033 1.283     2.418
13 1 9 1.007 -1.556     0.200
13 2 9 1.408 -1.535     1.334
13 3 9 0.700 -0.499     1.714
13 4 9 0.127 -0.056     1.940
13 5 9 0.325 -0.592     1.732
13 6 9 0.299 -0.874     1.923
13 7 9 0.746 -0.863     1.638
13 8 9 0.986 -0.217     1.711
13 9 9 0.210 0.767     1.501
13 10 9 -0.602 1.418     1.064
14 1 1 0.769 1.085     0.498
14 2 1 1.071 1.096     1.847
14 3 1 1.050 0.512     2.192
14 4 1 1.696 0.523     1.750
14 5 1 2.149 1.340     1.476
14 6 1 1.993 0.679     1.366
14 7 1 2.894 -0.738     1.067
14 8 1 3.243 -0.055     0.905
14 9 1 3.201 -0.154     0.879
14 10 1 3.092 -0.467     1.050
14 1 2 0.774 1.148     0.660
14 2 2 1.019 1.096     1.534
14 3 2 1.457 0.705     2.017
14 4 2 1.644 0.361     2.031
14 5 2 1.670 0.153     1.579
14 6 2 1.603 0.205     2.169
14 7 2 2.675 -0.587     1.298
14 8 2 3.311 -0.279     0.978
14 9 2 2.545 0.846     1.226
14 10 2 2.384 0.726     1.289
14 1 3 1.196 1.122     0.578
14 2 3 1.670 0.851     1.975
14 3 3 1.998 0.788     1.665
14 4 3 1.748 0.122     2.235
14 5 3 1.509 -0.295     2.528
14 6 3 1.337 0.465     2.424
14 7 3 1.847 -0.087     1.927
14 8 3 2.905 -0.352     1.146
14 9 3 1.941 1.049     1.633
14 10 3 1.082 1.346     1.813
14 1 4 1.139 1.236     0.650
14 2 4 1.623 0.762     1.304
14 3 4 1.983 0.934     1.891
14 4 4 1.566 0.465     2.502
14 5 4 1.702 0.132     2.428
14 6 4 1.405 0.788     2.366
14 7 4 1.290 0.892     2.310
14 8 4 2.556 0.049     1.341
14 9 4 1.556 0.674     2.081
14 10 4 0.035 1.377     2.401
14 1 5 1.149 0.950     0.624
14 2 5 1.337 0.861     2.378
14 3 5 1.566 1.325     2.388
14 4 5 1.358 1.153     2.542
14 5 5 1.566 0.361     2.718
14 6 5 1.524 0.773     2.325
14 7 5 1.129 1.471     2.116
14 8 5 2.181 0.517     1.640
14 9 5 1.451 0.403     1.810
14 10 5 -0.319 1.247     2.609
14 1 6 0.780 0.590     0.815
14 2 6 1.144 0.898     2.772
14 3 6 1.061 1.752     2.776
14 4 6 0.780 1.247     3.387
14 5 6 1.285 0.293     3.033
14 6 6 1.420 0.793     2.415
14 7 6 1.056 1.028     2.420
14 8 6 1.764 0.976     1.858
14 9 6 1.358 0.455     2.541
14 10 6 -0.293 1.226     2.673
14 1 7 0.754 0.648     1.367
14 2 7 1.009 1.038     2.768
14 3 7 0.410 1.741     3.014
14 4 7 0.118 1.070     3.529
14 5 7 1.165 0.606     2.779
14 6 7 1.123 0.585     2.733
14 7 7 1.030 0.330     2.877
14 8 7 1.488 0.731     1.657
14 9 7 0.649 0.580     3.158
14 10 7 -0.304 1.247     2.637
14 1 8 0.988 0.377     1.372
14 2 8 0.873 0.752     2.703
14 3 8 0.139 1.596     3.069
14 4 8 0.181 1.267     3.209
14 5 8 0.962 0.778     2.721
14 6 8 0.738 0.210     3.253
14 7 8 0.889 0.080     2.729
14 8 8 1.181 0.179     2.346
14 9 8 0.254 0.736     3.173
14 10 8 -0.569 1.299     2.449
14 1 9 0.754 0.080     0.180
14 2 9 0.993 0.137     1.412
14 3 9 0.483 0.950     1.779
14 4 9 0.264 0.767     2.036
14 5 9 0.597 -0.019     1.836
14 6 9 0.509 -0.097     2.054
14 7 9 0.743 0.012     1.708
14 8 9 0.696 0.247     1.792
14 9 9 -0.356 0.861     1.574
14 10 9 -1.095 1.330     1.083
15 1 1 0.810 0.821     0.452
15 2 1 1.024 0.571     1.884
15 3 1 0.899 0.186     2.215
15 4 1 1.675 0.379     1.706
15 5 1 2.201 1.175     1.420
15 6 1 1.967 0.686     1.315
15 7 1 3.039 -0.793     0.974
15 8 1 3.555 -0.059     0.800
15 9 1 3.748 -0.090     0.764
15 10 1 3.940 -0.434     0.927
15 1 2 0.894 1.045     0.613
15 2 2 1.034 0.800     1.471
15 3 2 1.368 0.530     2.003
15 4 2 1.628 0.321     2.009
15 5 2 1.737 0.071     1.420
15 6 2 1.576 0.186     2.164
15 7 2 2.789 -0.741     1.213
15 8 2 3.701 -0.398     0.866
15 9 2 3.102 0.858     1.134
15 10 2 3.118 0.754     1.194
15 1 3 1.388 1.087     0.518
15 2 3 1.784 0.707     1.974
15 3 3 1.972 0.691     1.607
15 4 3 1.685 0.134     2.225
15 5 3 1.534 -0.267     2.522
15 6 3 1.284 0.550     2.445
15 7 3 1.883 -0.174     1.900
15 8 3 3.331 -0.470     1.037
15 9 3 2.529 1.009     1.567
15 10 3 1.581 1.321     1.779
15 1 4 1.373 1.181     0.586
15 2 4 1.753 0.665     1.162
15 3 4 1.940 0.879     1.827
15 4 4 1.446 0.498     2.495
15 5 4 1.649 0.186     2.417
15 6 4 1.336 0.920     2.365
15 7 4 1.258 1.019     2.308
15 8 4 2.982 0.040     1.254
15 9 4 2.123 0.608     2.037
15 10 4 0.388 1.290     2.436
15 1 5 1.414 0.826     0.550
15 2 5 1.394 0.743     2.360
15 3 5 1.440 1.274     2.332
15 4 5 1.128 1.149     2.532
15 5 5 1.394 0.316     2.734
15 6 5 1.493 0.853     2.310
15 7 5 1.190 1.764     2.067
15 8 5 2.524 0.582     1.578
15 9 5 1.940 0.295     1.694
15 10 5 0.065 1.056     2.673
15 1 6 0.904 0.415     0.742
15 2 6 1.060 0.748     2.789
15 3 6 0.737 1.639     2.747
15 4 6 0.362 1.097     3.435
15 5 6 1.144 0.207     3.077
15 6 6 1.555 0.863     2.402
15 7 6 1.211 1.217     2.409
15 8 6 1.998 1.087     1.816
15 9 6 1.800 0.306     2.529
15 10 6 0.138 0.905     2.754
15 1 7 0.680 0.556     1.336
15 2 7 0.748 0.931     2.805
15 3 7 -0.080 1.629     2.994
15 4 7 -0.310 1.050     3.584
15 5 7 1.138 0.785     2.796
15 6 7 1.289 0.800     2.739
15 7 7 1.185 0.420     2.918
15 8 7 1.706 0.722     1.557
15 9 7 1.019 0.342     3.228
15 10 7 0.180 0.941     2.706
15 1 8 0.743 0.342     1.350
15 2 8 0.503 0.727     2.785
15 3 8 -0.289 1.649     3.046
15 4 8 -0.065 1.582     3.202
15 5 8 0.982 1.233     2.711
15 6 8 0.805 0.550     3.335
15 7 8 0.993 0.181     2.763
15 8 8 1.446 0.071     2.258
15 9 8 0.696 0.483     3.273
15 10 8 -0.065 1.040     2.512
15 1 9 0.383 0.118     0.159
15 2 9 0.633 0.181     1.495
15 3 9 0.237 1.066     1.830
15 4 9 0.071 1.118     2.087
15 5 9 0.472 0.368     1.938
15 6 9 0.461 0.201     2.166
15 7 9 0.868 0.134     1.743
15 8 9 1.045 0.222     1.796
15 9 9 0.144 0.670     1.647
15 10 9 -0.664 1.040     1.117
16 1 1 2.023 -1.451     0.432
16 2 1 2.007 -0.909     1.939
16 3 1 1.804 -0.644     2.241
16 4 1 2.492 -0.248     1.685
16 5 1 2.773 0.981     1.449
16 6 1 2.367 0.820     1.316
16 7 1 3.455 -0.654     0.967
16 8 1 3.893 0.226     0.803
16 9 1 4.075 0.169     0.760
16 10 1 4.169 -0.144     0.913
16 1 2 2.080 -1.144     0.587
16 2 2 1.950 -0.410     1.391
16 3 2 2.278 -0.144     1.996
16 4 2 2.611 -0.238     1.989
16 5 2 2.486 -0.295     1.230
16 6 2 2.002 0.189     2.210
16 7 2 3.210 -0.753     1.204
16 8 2 4.033 -0.321     0.852
16 9 2 3.278 1.158     1.130
16 10 2 3.273 1.091     1.193
16 1 3 2.554 -0.847     0.486
16 2 3 2.664 -0.180     2.000
16 3 3 2.783 0.314     1.573
16 4 3 2.539 -0.206     2.208
16 5 3 2.273 -0.722     2.515
16 6 3 1.768 0.382     2.519
16 7 3 2.273 -0.394     1.932
16 8 3 3.684 -0.691     1.026
16 9 3 2.596 1.137     1.595
16 10 3 1.596 1.710     1.829
16 1 4 2.533 -0.472     0.554
16 2 4 2.523 0.002     1.019
16 3 4 2.518 0.637     1.811
16 4 4 1.992 0.304     2.529
16 5 4 2.309 -0.160     2.433
16 6 4 1.835 0.700     2.431
16 7 4 1.591 0.778     2.395
16 8 4 3.356 -0.347     1.252
16 9 4 2.205 0.533     2.093
16 10 4 0.309 1.601     2.537
16 1 5 2.388 -0.758     0.500
16 2 5 1.940 0.117     2.389
16 3 5 1.809 1.018     2.370
16 4 5 1.528 0.955     2.603
16 5 5 2.033 0.044     2.781
16 6 5 2.039 0.585     2.352
16 7 5 1.460 1.585     2.119
16 8 5 2.908 0.236     1.593
16 9 5 2.174 0.085     1.649
16 10 5 -0.019 1.283     2.804
16 1 6 1.643 -1.034     0.647
16 2 6 1.502 -0.081     2.881
16 3 6 1.044 1.153     2.850
16 4 6 0.794 0.653     3.610
16 5 6 1.747 -0.279     3.133
16 6 6 2.023 0.387     2.460
16 7 6 1.440 0.929     2.506
16 8 6 2.304 0.742     1.864
16 9 6 2.075 0.064     2.589
16 10 6 0.101 1.059     2.924
16 1 7 1.174 -0.607     1.342
16 2 7 1.387 -0.102     2.924
16 3 7 0.450 0.695     3.188
16 4 7 0.231 0.111     3.873
16 5 7 1.747 -0.144     2.868
16 6 7 1.731 -0.003     2.822
16 7 7 1.460 -0.191     3.037
16 8 7 2.007 0.288     1.539
16 9 7 1.216 0.127     3.379
16 10 7 0.085 0.997     2.879
16 1 8 1.018 -0.977     1.353
16 2 8 1.080 -0.571     2.924
16 3 8 0.216 0.492     3.283
16 4 8 0.455 0.471     3.427
16 5 8 1.596 0.117     2.805
16 6 8 1.221 -0.357     3.471
16 7 8 1.325 -0.529     2.826
16 8 8 1.721 -0.436     2.191
16 9 8 0.731 0.210     3.493
16 10 8 -0.316 0.986     2.686
16 1 9 0.596 -1.409     0.095
16 2 9 1.153 -1.357     1.521
16 3 9 0.658 -0.107     1.947
16 4 9 0.507 0.221     2.222
16 5 9 1.039 -0.623     2.008
16 6 9 0.809 -0.592     2.266
16 7 9 1.127 -0.467     1.758
16 8 9 1.216 -0.253     1.789
16 9 9 0.002 0.356     1.788
16 10 9 -1.029 0.960     1.176
17 1 1 2.672 -2.162     0.412
17 2 1 2.693 -0.901     1.993
17 3 1 2.495 -0.594     2.249
17 4 1 3.000 -0.224     1.679
17 5 1 3.219 1.609     1.488
17 6 1 3.062 1.281     1.306
17 7 1 4.120 -0.297     0.957
17 8 1 4.547 0.594     0.818
17 9 1 4.635 0.635     0.777
17 10 1 4.318 0.526     0.952
17 1 2 2.781 -1.907     0.555
17 2 2 2.682 -0.511     1.222
17 3 2 2.963 -0.209     1.979
17 4 2 3.068 -0.282     1.977
17 5 2 2.818 0.015     1.021
17 6 2 2.609 0.474     2.224
17 7 2 3.974 -0.464     1.176
17 8 2 4.635 -0.047     0.861
17 9 2 3.849 1.578     1.142
17 10 2 3.750 1.760     1.201
17 1 3 3.401 -1.636     0.449
17 2 3 3.401 -0.313     2.027
17 3 3 3.385 0.239     1.548
17 4 3 2.969 -0.203     2.214
17 5 3 2.646 -0.604     2.531
17 6 3 2.344 0.547     2.582
17 7 3 2.989 -0.287     1.949
17 8 3 4.146 -0.745     1.047
17 9 3 2.927 1.380     1.650
17 10 3 1.927 2.245     1.875
17 1 4 3.411 -1.162     0.516
17 2 4 3.151 -0.130     0.814
17 3 4 2.969 0.656     1.811
17 4 4 2.385 0.375     2.563
17 5 4 2.672 -0.068     2.457
17 6 4 2.271 0.802     2.500
17 7 4 2.146 0.666     2.487
17 8 4 3.703 -0.688     1.280
17 9 4 2.224 0.422     2.209
17 10 4 0.177 1.859     2.671
17 1 5 3.167 -1.313     0.445
17 2 5 2.380 -0.052     2.416
17 3 5 2.167 1.047     2.418
17 4 5 1.953 1.088     2.676
17 5 5 2.437 0.083     2.835
17 6 5 2.375 0.604     2.424
17 7 5 1.833 1.437     2.217
17 8 5 3.130 -0.115     1.652
17 9 5 1.932 -0.209     1.694
17 10 5 -0.531 1.307     2.985
17 1 6 2.271 -1.469     0.507
17 2 6 1.875 -0.349     2.981
17 3 6 1.432 1.057     2.984
17 4 6 1.318 0.640     3.765
17 5 6 2.177 -0.521     3.188
17 6 6 2.276 0.187     2.546
17 7 6 1.526 0.771     2.654
17 8 6 2.203 0.500     1.983
17 9 6 1.573 -0.214     2.759
17 10 6 -0.604 1.021     3.145
17 1 7 1.693 -0.875     1.327
17 2 7 1.672 -0.391     3.062
17 3 7 0.750 0.401     3.445
17 4 7 0.635 -0.344     4.149
17 5 7 2.109 -0.813     2.930
17 6 7 1.859 -0.568     2.944
17 7 7 1.224 -0.573     3.233
17 8 7 1.437 0.036     1.651
17 9 7 0.453 -0.094     3.705
17 10 7 -0.688 0.953     3.101
17 1 8 1.359 -1.375     1.349
17 2 8 1.208 -0.959     3.078
17 3 8 0.302 0.094     3.623
17 4 8 0.672 -0.240     3.705
17 5 8 1.844 -0.740     2.913
17 6 8 1.193 -1.172     3.612
17 7 8 0.828 -1.209     2.943
17 8 8 0.854 -0.844     2.277
17 9 8 -0.214 0.031     3.861
17 10 8 -1.052 1.000     2.870
17 1 9 0.849 -2.047     0.013
17 2 9 1.297 -1.808     1.537
17 3 9 0.693 -0.417     2.082
17 4 9 0.599 -0.323     2.377
17 5 9 1.109 -1.375     2.053
17 6 9 0.542 -1.427     2.332
17 7 9 0.432 -1.250     1.788
17 8 9 0.323 -0.745     1.866
17 9 9 -0.787 0.245     1.911
17 10 9 -1.651 1.146     1.215
18 1 1 1.906 -0.675     0.363
18 2 1 2.121 0.339     2.016
18 3 1 2.094 0.638     2.238
18 4 1 2.663 0.964     1.616
18 5 1 3.260 2.492     1.393
18 6 1 3.330 1.964     1.178
18 7 1 4.163 0.492     0.878
18 8 1 4.614 1.145     0.732
18 9 1 4.962 1.061     0.677
18 10 1 5.010 0.811     0.835
18 1 2 1.885 -0.230     0.537
18 2 2 2.094 0.749     1.060
18 3 2 2.455 0.915     1.956
18 4 2 2.649 0.853     1.943
18 5 2 2.739 1.110     0.715
18 6 2 2.948 1.332     2.132
18 7 2 4.309 0.408     1.088
18 8 2 4.885 0.561     0.790
18 9 2 4.364 2.124     1.036
18 10 2 4.420 2.221     1.080
18 1 3 2.281 0.096     0.420
18 2 3 2.594 0.943     2.043
18 3 3 2.642 1.207     1.522
18 4 3 2.448 0.846     2.209
18 5 3 2.482 0.554     2.514
18 6 3 2.607 1.367     2.508
18 7 3 3.517 0.568     1.850
18 8 3 4.788 0.027     0.957
18 9 3 3.739 2.117     1.552
18 10 3 2.719 2.936     1.758
18 1 4 2.121 0.277     0.490
18 2 4 2.205 0.936     0.655
18 3 4 2.219 1.409     1.800
18 4 4 1.989 1.138     2.568
18 5 4 2.469 0.790     2.438
18 6 4 2.357 1.443     2.461
18 7 4 2.753 1.415     2.407
18 8 4 4.663 0.124     1.174
18 9 4 3.239 1.228     2.125
18 10 4 0.913 2.652     2.616
18 1 5 1.698 0.020     0.424
18 2 5 1.489 0.874     2.487
18 3 5 1.531 1.693     2.428
18 4 5 1.580 1.582     2.683
18 5 5 2.232 0.721     2.830
18 6 5 2.545 1.256     2.388
18 7 5 2.566 2.124     2.144
18 8 5 4.232 0.770     1.553
18 9 5 2.941 0.693     1.523
18 10 5 -0.066 2.186     3.001
18 1 6 1.017 -0.057     0.483
18 2 6 1.114 0.770     3.084
18 3 6 0.934 1.943     2.996
18 4 6 0.962 1.443     3.813
18 5 6 2.121 0.395     3.180
18 6 6 2.739 1.284     2.488
18 7 6 2.545 1.846     2.569
18 8 6 3.434 1.818     1.874
18 9 6 2.337 0.964     2.754
18 10 6 -0.525 1.999     3.173
18 1 7 0.753 0.367     1.345
18 2 7 0.962 0.978     3.175
18 3 7 0.253 1.818     3.486
18 4 7 0.364 1.165     4.281
18 5 7 2.198 0.596     2.932
18 6 7 2.371 0.909     2.914
18 7 7 2.295 1.047     3.196
18 8 7 2.698 1.756     1.441
18 9 7 0.927 1.332     3.792
18 10 7 -0.809 1.992     3.115
18 1 8 0.684 0.089     1.392
18 2 8 0.739 0.603     3.254
18 3 8 0.184 1.672     3.691
18 4 8 0.705 1.367     3.795
18 5 8 2.010 0.686     2.939
18 6 8 1.649 0.235     3.689
18 7 8 1.684 0.408     2.945
18 8 8 1.753 0.804     2.110
18 9 8 0.066 1.547     3.954
18 10 8 -1.115 2.138     2.866
18 1 9 0.239 -0.210     0.005
18 2 9 0.941 -0.085     1.667
18 3 9 0.906 0.874     2.171
18 4 9 1.093 0.631     2.468
18 5 9 1.621 -0.355     2.117
18 6 9 1.219 -0.286     2.448
18 7 9 1.212 0.013     1.837
18 8 9 0.809 0.547     1.907
18 9 9 -0.781 1.665     1.930
18 10 9 -1.636 2.353     1.198
19 1 1 0.253 1.321     0.306
19 2 1 0.810 2.050     1.988
19 3 1 1.440 1.909     2.177
19 4 1 2.346 1.904     1.502
19 5 1 3.008 2.342     1.287
19 6 1 3.336 1.607     1.029
19 7 1 4.143 0.383     0.754
19 8 1 4.414 0.936     0.594
19 9 1 4.534 0.941     0.539
19 10 1 4.414 0.795     0.700
19 1 2 0.477 1.128     0.577
19 2 2 1.206 1.790     0.919
19 3 2 1.987 1.706     1.958
19 4 2 2.388 1.503     1.924
19 5 2 2.581 1.503     0.424
19 6 2 3.029 1.472     2.042
19 7 2 4.404 0.665     1.018
19 8 2 4.836 0.842     0.717
19 9 2 4.180 2.170     0.952
19 10 2 4.024 2.243     0.999
19 1 3 1.039 0.956     0.454
19 2 3 1.971 1.373     2.104
19 3 3 2.550 1.446     1.509
19 4 3 2.565 0.977     2.182
19 5 3 2.596 0.904     2.473
19 6 3 2.826 1.654     2.406
19 7 3 3.945 0.982     1.729
19 8 3 5.086 0.592     0.855
19 9 3 3.883 2.472     1.444
19 10 3 2.669 3.149     1.638
19 1 4 1.201 0.863     0.521
19 2 4 2.107 1.123     0.510
19 3 4 2.643 1.326     1.760
19 4 4 2.612 0.915     2.514
19 5 4 2.940 0.842     2.370
19 6 4 2.831 1.618     2.370
19 7 4 3.471 1.748     2.251
19 8 4 5.294 0.696     1.044
19 9 4 3.753 1.909     1.999
19 10 4 1.284 3.201     2.506
19 1 5 1.362 0.659     0.442
19 2 5 1.951 1.123     2.502
19 3 5 2.419 1.514     2.378
19 4 5 2.607 1.258     2.622
19 5 5 3.112 0.758     2.722
19 6 5 3.185 1.550     2.278
19 7 5 3.289 2.451     2.004
19 8 5 4.987 1.337     1.406
19 9 5 3.701 1.561     1.253
19 10 5 0.544 3.029     2.902
19 1 6 1.461 0.540     0.446
19 2 6 2.039 1.055     3.066
19 3 6 2.050 1.712     2.944
19 4 6 2.206 1.175     3.743
19 5 6 3.201 0.644     3.023
19 6 6 3.513 1.639     2.340
19 7 6 3.289 2.305     2.392
19 8 6 4.274 2.337     1.713
19 9 6 3.284 1.748     2.631
19 10 6 0.201 2.920     3.090
19 1 7 1.784 0.805     1.301
19 2 7 2.211 1.139     3.125
19 3 7 1.513 1.576     3.469
19 4 7 1.716 0.936     4.270
19 5 7 3.336 0.769     2.782
19 6 7 3.362 1.149     2.777
19 7 7 3.216 1.441     3.046
19 8 7 3.570 2.295     1.114
19 9 7 1.982 2.071     3.691
19 10 7 -0.049 2.972     3.037
19 1 8 2.112 0.545     1.332
19 2 8 2.102 0.873     3.228
19 3 8 1.352 1.696     3.680
19 4 8 2.039 1.368     3.729
19 5 8 3.357 0.811     2.795
19 6 8 3.039 0.456     3.560
19 7 8 2.982 0.717     2.738
19 8 8 2.732 1.394     1.672
19 9 8 0.961 2.305     3.902
19 10 8 -0.523 3.227     2.761
19 1 9 1.836 -0.007     0.000
19 2 9 2.206 0.003     1.725
19 3 9 1.872 1.264     2.209
19 4 9 2.524 1.196     2.438
19 5 9 3.367 0.123     2.051
19 6 9 2.899 0.227     2.423
19 7 9 2.581 0.462     1.737
19 8 9 1.737 1.149     1.797
19 9 9 -0.081 2.472     1.926
19 10 9 -1.195 3.592     1.158
20 1 1 0.144 1.736     0.234
20 2 1 0.426 1.902     1.921
20 3 1 0.488 1.293     2.134
20 4 1 1.014 1.105     1.449
20 5 1 1.613 1.298     1.241
20 6 1 1.769 0.772     0.967
20 7 1 2.280 -0.280     0.691
20 8 1 2.301 0.230     0.543
20 9 1 2.233 0.142     0.485
20 10 1 2.316 -0.087     0.647
20 1 2 0.337 1.824     0.557
20 2 2 0.582 1.803     0.702
20 3 2 0.889 1.309     1.963
20 4 2 1.087 1.053     1.961
20 5 2 1.322 0.850     0.262
20 6 2 1.530 0.767     2.055
20 7 2 2.280 0.168     1.011
20 8 2 2.467 0.329     0.711
20 9 2 1.884 1.194     0.952
20 10 2 1.947 1.033     1.000
20 1 3 0.785 1.704     0.437
20 2 3 1.186 1.480     2.141
20 3 3 1.462 1.314     1.484
20 4 3 1.379 0.928     2.206
20 5 3 1.353 0.642     2.514
20 6 3 1.353 1.111     2.418
20 7 3 1.780 0.631     1.744
20 8 3 2.389 0.350     0.852
20 9 3 1.608 1.590     1.432
20 10 3 1.066 1.793     1.631
20 1 4 0.780 1.574     0.507
20 2 4 1.243 1.335     0.325
20 3 4 1.639 1.397     1.712
20 4 4 1.499 1.043     2.508
20 5 4 1.624 0.814     2.377
20 6 4 1.384 1.314     2.366
20 7 4 1.358 1.350     2.259
20 8 4 2.311 0.533     1.045
20 9 4 1.400 1.324     2.001
20 10 4 0.275 2.012     2.483
20 1 5 0.832 1.199     0.422
20 2 5 1.129 1.324     2.476
20 3 5 1.535 1.663     2.329
20 4 5 1.582 1.454     2.583
20 5 5 1.660 0.824     2.728
20 6 5 1.535 1.256     2.267
20 7 5 1.228 1.829     1.979
20 8 5 2.087 0.908     1.402
20 9 5 1.394 1.043     1.181
20 10 5 -0.090 1.970     2.871
20 1 6 0.717 0.887     0.387
20 2 6 1.197 1.256     3.054
20 3 6 1.306 1.928     2.882
20 4 6 1.155 1.345     3.730
20 5 6 1.493 0.564     3.048
20 6 6 1.514 1.220     2.333
20 7 6 1.129 1.522     2.388
20 8 6 1.712 1.496     1.696
20 9 6 1.280 1.085     2.645
20 10 6 -0.199 1.902     3.063
20 1 7 0.973 0.939     1.280
20 2 7 1.322 1.309     3.109
20 3 7 0.686 1.783     3.428
20 4 7 0.405 0.996     4.368
20 5 7 1.358 0.574     2.817
20 6 7 1.243 0.824     2.809
20 7 7 1.035 0.772     3.110
20 8 7 1.353 1.397     1.004
20 9 7 0.488 1.277     3.744
20 10 7 -0.335 1.928     3.011
20 1 8 1.368 0.585     1.324
20 2 8 1.285 0.881     3.244
20 3 8 0.363 1.684     3.662
20 4 8 0.353 1.262     3.779
20 5 8 1.223 0.741     2.830
20 6 8 0.936 0.283     3.659
20 7 8 0.874 0.335     2.797
20 8 8 0.921 0.861     1.545
20 9 8 -0.027 1.574     3.916
20 10 8 -0.642 2.074     2.709
20 1 9 1.197 0.064     0.007
20 2 9 1.462 0.059     1.755
20 3 9 0.858 1.121     2.242
20 4 9 0.582 1.053     2.492
20 5 9 0.915 0.158     2.132
20 6 9 0.707 -0.009     2.534
20 7 9 0.712 0.178     1.804
20 8 9 0.358 0.928     1.772
20 9 9 -0.699 1.850     1.880
20 10 9 -1.147 2.329     1.109
21 1 1 2.189 -0.371     0.167
21 2 1 1.980 0.535     1.936
21 3 1 1.730 0.504     2.131
21 4 1 2.387 0.827     1.379
21 5 1 2.611 2.296     1.197
21 6 1 2.361 1.759     0.890
21 7 1 3.220 0.342     0.639
21 8 1 3.611 0.764     0.503
21 9 1 3.491 0.603     0.460
21 10 1 2.991 0.514     0.642
21 1 2 2.105 -0.262     0.503
21 2 2 1.934 0.738     0.482
21 3 2 2.210 0.863     1.909
21 4 2 2.454 0.702     1.913
21 5 2 2.184 0.926    -0.020
21 6 2 2.001 1.316     2.035
21 7 2 3.178 0.770     0.960
21 8 2 3.892 0.827     0.656
21 9 2 3.340 1.837     0.895
21 10 2 3.038 1.796     0.957
21 1 3 2.402 -0.173     0.376
21 2 3 2.470 0.691     2.160
21 3 3 2.605 1.035     1.421
21 4 3 2.340 0.520     2.176
21 5 3 2.111 0.332     2.511
21 6 3 1.970 1.488     2.395
21 7 3 2.699 1.322     1.690
21 8 3 3.897 1.030     0.799
21 9 3 3.074 2.556     1.358
21 10 3 2.210 2.848     1.550
21 1 4 2.079 0.124     0.457
21 2 4 2.204 0.691     0.088
21 3 4 2.355 1.202     1.652
21 4 4 1.991 0.921     2.496
21 5 4 2.267 0.785     2.356
21 6 4 2.116 1.645     2.329
21 7 4 2.366 2.077     2.174
21 8 4 3.902 1.426     0.977
21 9 4 2.736 2.478     1.908
21 10 4 1.059 3.249     2.366
21 1 5 1.793 -0.027     0.362
21 2 5 1.626 0.785     2.483
21 3 5 1.767 1.535     2.300
21 4 5 1.663 1.619     2.565
21 5 5 2.178 1.066     2.699
21 6 5 2.454 1.697     2.208
21 7 5 2.439 2.629     1.885
21 8 5 3.668 1.947     1.322
21 9 5 2.522 2.264     0.983
21 10 5 0.309 3.322     2.731
21 1 6 1.454 -0.204     0.263
21 2 6 1.475 0.634     3.104
21 3 6 1.225 1.853     2.875
21 4 6 1.178 1.723     3.724
21 5 6 2.230 1.072     2.993
21 6 6 2.730 1.957     2.245
21 7 6 2.590 2.624     2.261
21 8 6 3.210 2.842     1.582
21 9 6 2.090 2.473     2.559
21 10 6 -0.207 3.410     2.892
21 1 7 1.392 0.119     1.225
21 2 7 1.637 0.665     3.145
21 3 7 0.819 1.733     3.443
21 4 7 0.887 1.447     4.382
21 5 7 2.637 1.296     2.724
21 6 7 2.746 1.874     2.684
21 7 7 2.506 2.327     2.959
21 8 7 2.595 3.134     0.722
21 9 7 0.881 2.915     3.604
21 10 7 -0.707 3.546     2.824
21 1 8 1.460 -0.689     1.272
21 2 8 1.543 -0.017     3.302
21 3 8 0.829 1.540     3.696
21 4 8 1.522 1.613     3.748
21 5 8 2.908 1.348     2.706
21 6 8 2.491 1.332     3.548
21 7 8 2.053 1.973     2.606
21 8 8 1.553 2.717     1.055
21 9 8 -0.139 3.342     3.710
21 10 8 -1.280 3.744     2.510
21 1 9 1.262 -1.704    -0.068
21 2 9 1.908 -1.199     1.744
21 3 9 1.553 0.587     2.278
21 4 9 1.986 1.077     2.464
21 5 9 2.793 0.566     2.063
21 6 9 2.178 0.962     2.505
21 7 9 1.371 1.639     1.721
21 8 9 0.267 2.520     1.454
21 9 9 -1.270 3.572     1.670
21 10 9 -1.962 4.056     0.960
22 1 1 0.929 1.705     0.090
22 2 1 1.257 2.179     1.856
22 3 1 1.122 1.449     2.069
22 4 1 1.637 1.434     1.286
22 5 1 2.372 2.496     1.105
22 6 1 2.356 1.741     0.785
22 7 1 2.893 0.309     0.569
22 8 1 3.169 0.772     0.435
22 9 1 3.315 0.554     0.385
22 10 1 3.184 0.252     0.571
22 1 2 0.986 1.840     0.479
22 2 2 1.221 2.028     0.175
22 3 2 1.356 1.512     1.908
22 4 2 1.304 1.434     1.937
22 5 2 1.596 1.642    -0.310
22 6 2 1.903 1.533     2.008
22 7 2 2.768 0.653     0.947
22 8 2 3.075 0.621     0.642
22 9 2 2.606 1.423     0.885
22 10 2 2.575 1.314     0.948
22 1 3 1.382 1.741     0.351
22 2 3 1.815 1.616     2.188
22 3 3 1.825 1.533     1.402
22 4 3 1.278 1.345     2.219
22 5 3 1.242 1.215     2.557
22 6 3 1.523 1.741     2.379
22 7 3 1.815 0.923     1.726
22 8 3 2.413 0.210     0.824
22 9 3 1.841 1.324     1.390
22 10 3 1.351 1.757     1.580
22 1 4 1.294 1.653     0.435
22 2 4 1.690 1.351    -0.145
22 3 4 1.872 1.590     1.630
22 4 4 1.294 1.470     2.516
22 5 4 1.320 1.314     2.400
22 6 4 1.169 1.699     2.339
22 7 4 0.867 1.278     2.257
22 8 4 1.877 -0.024     1.036
22 9 4 1.387 0.590     1.993
22 10 4 0.299 1.548     2.449
22 1 5 1.148 1.220     0.337
22 2 5 1.283 1.194     2.487
22 3 5 1.549 1.814     2.262
22 4 5 1.268 1.840     2.553
22 5 5 1.044 1.022     2.782
22 6 5 0.773 1.127     2.290
22 7 5 0.330 1.278     1.976
22 8 5 1.538 0.054     1.404
22 9 5 1.367 0.132     1.002
22 10 5 -0.102 1.283     2.839
22 1 6 0.736 0.767     0.202
22 2 6 1.070 1.090     3.153
22 3 6 1.132 2.054     2.852
22 4 6 0.585 1.564     3.764
22 5 6 0.408 0.304     3.187
22 6 6 0.325 0.585     2.396
22 7 6 0.106 0.554     2.431
22 8 6 1.190 0.606     1.685
22 9 6 1.268 0.252     2.675
22 10 6 -0.227 1.173     3.017
22 1 7 0.679 0.642     1.235
22 2 7 0.976 1.111     3.208
22 3 7 0.330 1.783     3.461
22 4 7 -0.493 0.929     4.512
22 5 7 0.059 0.137     2.955
22 6 7 0.007 0.111     2.917
22 7 7 0.111 -0.196     3.200
22 8 7 0.976 0.512     0.763
22 9 7 0.476 0.439     3.808
22 10 7 -0.404 1.158     2.940
22 1 8 0.736 0.064     1.309
22 2 8 0.632 0.538     3.452
22 3 8 -0.394 1.371     3.773
22 4 8 -0.873 0.960     3.853
22 5 8 -0.238 0.408     2.908
22 6 8 -0.336 -0.222     3.786
22 7 8 -0.008 -0.436     2.795
22 8 8 0.606 -0.009     1.101
22 9 8 -0.071 0.653     3.926
22 10 8 -0.743 1.225     2.609
22 1 9 0.341 -0.311    -0.048
22 2 9 0.601 -0.228     1.880
22 3 9 -0.149 0.725     2.426
22 4 9 -0.930 0.673     2.567
22 5 9 -0.790 -0.222     2.208
22 6 9 -0.717 -0.556     2.648
22 7 9 -0.212 -0.462     1.856
22 8 9 0.049 0.168     1.616
22 9 9 -0.701 0.908     1.766
22 10 9 -1.201 1.324     1.025
23 1 1 0.679 1.648     0.017
23 2 1 1.366 1.565     1.858
23 3 1 1.647 0.940     2.036
23 4 1 2.418 0.856     1.202
23 5 1 2.850 1.742     1.068
23 6 1 2.715 1.122     0.708
23 7 1 3.741 -0.362     0.492
23 8 1 4.345 0.335     0.346
23 9 1 4.679 0.361     0.299
23 10 1 4.705 0.210     0.477
23 1 2 1.033 1.445     0.441
23 2 2 1.580 1.377    -0.080
23 3 2 2.147 0.986     1.866
23 4 2 2.522 0.528     1.894
23 5 2 2.543 0.393    -0.664
23 6 2 2.429 0.533     1.988
23 7 2 3.783 -0.373     0.869
23 8 2 4.673 -0.118     0.557
23 9 2 4.054 1.294     0.811
23 10 2 3.892 1.502     0.874
23 1 3 1.835 1.278     0.298
23 2 3 2.522 1.106     2.205
23 3 3 2.762 0.997     1.329
23 4 3 2.590 0.283     2.179
23 5 3 2.548 -0.217     2.516
23 6 3 2.356 0.612     2.372
23 7 3 3.080 -0.050     1.672
23 8 3 4.444 -0.503     0.748
23 9 3 3.429 1.195     1.345
23 10 3 2.194 2.039     1.562
23 1 4 2.152 1.309     0.368
23 2 4 2.595 1.033    -0.496
23 3 4 2.715 1.174     1.551
23 4 4 2.371 0.658     2.486
23 5 4 2.741 0.242     2.344
23 6 4 2.449 0.908     2.328
23 7 4 2.491 1.007     2.232
23 8 4 4.189 -0.081     0.969
23 9 4 3.059 0.664     1.972
23 10 4 0.762 1.856     2.494
23 1 5 2.288 1.013     0.244
23 2 5 2.194 1.112     2.419
23 3 5 2.189 1.591     2.212
23 4 5 2.074 1.445     2.522
23 5 5 2.548 0.601     2.738
23 6 5 2.637 1.039     2.255
23 7 5 2.361 1.945     1.941
23 8 5 3.715 0.789     1.346
23 9 5 2.882 0.575     0.874
23 10 5 0.225 1.632     2.913
23 1 6 1.850 0.554     0.007
23 2 6 1.876 0.945     3.133
23 3 6 1.595 1.888     2.828
23 4 6 1.428 1.513     3.767
23 5 6 2.220 0.580     3.160
23 6 6 2.626 1.221     2.352
23 7 6 2.199 1.804     2.392
23 8 6 2.845 1.684     1.646
23 9 6 2.371 0.945     2.683
23 10 6 0.090 1.596     3.102
23 1 7 1.663 0.591     1.143
23 2 7 1.746 0.877     3.220
23 3 7 0.928 1.643     3.491
23 4 7 0.751 1.132     4.609
23 5 7 2.090 0.736     2.945
23 6 7 2.137 0.976     2.913
23 7 7 1.741 1.002     3.232
23 8 7 2.043 1.533     0.672
23 9 7 1.225 1.210     3.885
23 10 7 -0.035 1.716     3.018
23 1 8 1.611 0.268     1.256
23 2 8 1.486 0.445     3.520
23 3 8 0.663 1.372     3.858
23 4 8 0.913 1.122     3.949
23 5 8 1.908 0.669     2.935
23 6 8 1.366 0.372     3.890
23 7 8 1.053 0.445     2.882
23 8 8 1.257 0.752     0.988
23 9 8 0.455 1.283     4.044
23 10 8 -0.436 1.841     2.667
23 1 9 1.064 -0.149    -0.070
23 2 9 1.501 -0.305     1.954
23 3 9 1.106 0.606     2.530
23 4 9 1.158 0.549     2.681
23 5 9 1.517 -0.149     2.292
23 6 9 0.746 0.049     2.830
23 7 9 0.538 0.330     1.986
23 8 9 0.616 0.664     1.627
23 9 9 -0.275 1.304     1.849
23 10 9 -1.035 1.856     1.066
24 1 1 2.459 1.248    -0.082
24 2 1 2.595 1.581     1.818
24 3 1 2.595 1.232     1.953
24 4 1 3.178 1.409     1.099
24 5 1 3.694 2.248     1.020
24 6 1 3.777 1.566     0.597
24 7 1 4.579 0.305     0.404
24 8 1 4.850 0.878     0.259
24 9 1 4.871 0.795     0.218
24 10 1 4.475 0.592     0.426
24 1 2 2.428 1.347     0.374
24 2 2 2.564 1.675    -0.501
24 3 2 2.986 1.498     1.795
24 4 2 3.131 1.300     1.820
24 5 2 3.163 1.248    -1.128
24 6 2 3.449 1.284     1.892
24 7 2 4.803 0.592     0.779
24 8 2 5.314 0.769     0.472
24 9 2 4.673 1.972     0.725
24 10 2 4.444 1.946     0.803
24 1 3 2.730 1.399     0.228
24 2 3 3.111 1.628     2.208
24 3 3 3.236 1.612     1.274
24 4 3 2.986 1.118     2.133
24 5 3 2.975 0.889     2.455
24 6 3 3.152 1.566     2.280
24 7 3 4.303 1.086     1.554
24 8 3 5.626 0.764     0.635
24 9 3 4.496 2.451     1.257
24 10 3 3.298 2.899     1.484
24 1 4 2.501 1.441     0.302
24 2 4 2.746 1.524    -0.866
24 3 4 2.793 1.659     1.518
24 4 4 2.600 1.279     2.443
24 5 4 3.058 1.149     2.289
24 6 4 3.022 1.790     2.260
24 7 4 3.788 2.013     2.089
24 8 4 5.782 1.118     0.831
24 9 4 4.340 2.050     1.861
24 10 4 1.960 2.961     2.433
24 1 5 2.116 1.269     0.170
24 2 5 1.996 1.435     2.415
24 3 5 2.012 1.831     2.213
24 4 5 2.204 1.737     2.501
24 5 5 2.944 1.222     2.678
24 6 5 3.282 1.956     2.162
24 7 5 3.611 2.810     1.815
24 8 5 5.470 1.769     1.211
24 9 5 4.282 1.743     0.620
24 10 5 1.251 2.784     2.881
24 1 6 1.512 1.118    -0.184
24 2 6 1.522 1.388     3.170
24 3 6 1.324 2.112     2.841
24 4 6 1.626 1.836     3.752
24 5 6 3.006 1.347     3.041
24 6 6 3.579 2.269     2.228
24 7 6 3.569 2.857     2.229
24 8 6 4.824 2.915     1.497
24 9 6 3.850 2.008     2.564
24 10 6 0.762 2.743     3.088
24 1 7 1.298 1.321     1.079
24 2 7 1.319 1.602     3.261
24 3 7 0.762 2.206     3.492
24 4 7 1.308 1.946     4.551
24 5 7 3.178 1.758     2.814
24 6 7 3.345 2.024     2.785
24 7 7 3.449 2.326     3.054
24 8 7 4.053 3.144     0.353
24 9 7 2.433 2.524     3.760
24 10 7 0.282 2.956     3.004
24 1 8 1.314 1.227     1.194
24 2 8 1.204 1.566     3.557
24 3 8 0.814 2.378     3.830
24 4 8 1.710 2.222     3.869
24 5 8 2.991 1.633     2.856
24 6 8 2.824 1.237     3.800
24 7 8 3.090 1.649     2.637
24 8 8 2.986 2.336     0.407
24 9 8 1.178 2.972     3.936
24 10 8 -0.462 3.467     2.612
24 1 9 0.975 1.118    -0.114
24 2 9 1.371 1.180     2.040
24 3 9 1.402 1.956     2.551
24 4 9 1.949 1.680     2.691
24 5 9 2.579 0.644     2.315
24 6 9 2.491 0.717     2.847
24 7 9 2.595 1.008     1.862
24 8 9 1.798 1.753     1.271
24 9 9 -0.160 3.086     1.793
24 10 9 -1.452 3.972     1.012
25 1 1 0.985 1.180    -0.151
25 2 1 1.537 1.289     1.804
25 3 1 1.646 0.695     1.910
25 4 1 1.886 0.674     1.054
25 5 1 2.245 1.513     0.996
25 6 1 2.417 0.805     0.538
25 7 1 3.183 -0.383     0.348
25 8 1 3.511 0.211     0.193
25 9 1 3.709 0.268     0.146
25 10 1 3.860 0.180     0.350
25 1 2 1.172 1.221     0.326
25 2 2 1.610 1.190    -0.829
25 3 2 1.969 0.685     1.759
25 4 2 1.980 0.471     1.811
25 5 2 1.933 0.773    -1.464
25 6 2 2.136 0.706     1.872
25 7 2 3.219 -0.133     0.731
25 8 2 3.766 0.055     0.409
25 9 2 3.287 1.143     0.665
25 10 2 3.235 1.247     0.739
25 1 3 1.532 1.200     0.173
25 2 3 2.120 0.872     2.240
25 3 3 2.386 0.659     1.208
25 4 3 2.209 0.216     2.115
25 5 3 2.037 0.216     2.448
25 6 3 1.985 0.846     2.271
25 7 3 2.625 0.164     1.523
25 8 3 3.547 -0.232     0.585
25 9 3 2.766 1.211     1.217
25 10 3 1.912 1.763     1.459
25 1 4 1.480 1.190     0.249
25 2 4 2.006 0.758    -1.176
25 3 4 2.334 0.753     1.459
25 4 4 2.146 0.378     2.418
25 5 4 2.266 0.263     2.274
25 6 4 2.000 0.841     2.259
25 7 4 2.021 0.758     2.099
25 8 4 3.188 -0.180     0.801
25 9 4 2.349 0.659     1.859
25 10 4 0.740 1.659     2.474
25 1 5 1.454 1.029     0.095
25 2 5 1.724 0.867     2.373
25 3 5 2.016 1.122     2.174
25 4 5 2.000 0.898     2.486
25 5 5 2.151 0.315     2.673
25 6 5 2.042 0.753     2.167
25 7 5 1.678 1.263     1.829
25 8 5 2.735 0.195     1.196
25 9 5 2.214 0.279     0.525
25 10 5 0.271 1.362     2.958
25 1 6 1.240 0.794    -0.363
25 2 6 1.605 0.966     3.157
25 3 6 1.610 1.523     2.829
25 4 6 1.386 0.914     3.798
25 5 6 1.714 0.148     3.076
25 6 6 1.724 0.706     2.259
25 7 6 1.297 0.872     2.279
25 8 6 2.068 0.737     1.507
25 9 6 1.974 0.320     2.586
25 10 6 0.115 1.148     3.194
25 1 7 1.302 0.789     1.007
25 2 7 1.558 1.060     3.268
25 3 7 0.855 1.440     3.529
25 4 7 0.391 0.664     4.733
25 5 7 1.162 0.221     2.907
25 6 7 0.974 0.325     2.890
25 7 7 0.875 0.060     3.185
25 8 7 1.599 0.492     0.302
25 9 7 1.084 0.372     3.878
25 10 7 -0.046 1.055     3.126
25 1 8 1.417 0.503     1.146
25 2 8 1.297 0.742     3.597
25 3 8 0.386 1.414     3.888
25 4 8 0.099 0.987     4.002
25 5 8 0.579 0.388     2.999
25 6 8 0.151 -0.180     4.044
25 7 8 0.391 -0.362     2.768
25 8 8 1.073 -0.190     0.307
25 9 8 0.443 0.362     4.139
25 10 8 -0.442 1.044     2.722
25 1 9 0.943 0.102    -0.146
25 2 9 1.198 0.102     2.110
25 3 9 0.714 1.013     2.614
25 4 9 0.235 0.862     2.803
25 5 9 0.073 -0.221     2.493
25 6 9 -0.380 -0.482     3.000
25 7 9 0.073 -0.466     1.972
25 8 9 0.542 -0.175     1.280
25 9 9 -0.208 0.435     1.925
25 10 9 -1.031 0.997     1.069
26 1 1 2.467 -2.563    -0.139
26 2 1 2.415 -1.996     1.841
26 3 1 1.878 -1.126     1.982
26 4 1 2.248 -0.381     1.137
26 5 1 2.378 0.952     1.124
26 6 1 2.066 0.692     0.645
26 7 1 3.086 -0.537     0.432
26 8 1 3.368 0.301     0.277
26 9 1 3.253 0.437     0.239
26 10 1 2.998 0.431     0.458
26 1 2 2.670 -2.360     0.291
26 2 2 2.399 -1.392    -1.210
26 3 2 2.430 -0.563     1.801
26 4 2 2.503 -0.251     1.871
26 5 2 2.196 -0.183    -1.745
26 6 2 1.831 0.171     2.001
26 7 2 2.977 -0.490     0.797
26 8 2 3.612 -0.074     0.460
26 9 2 2.779 1.312     0.740
26 10 2 2.592 1.515     0.816
26 1 3 3.519 -2.115     0.133
26 2 3 3.373 -1.058     2.282
26 3 3 3.066 0.046     1.228
26 4 3 2.498 -0.043     2.181
26 5 3 2.112 -0.391     2.547
26 6 3 1.717 0.447     2.420
26 7 3 2.196 -0.110     1.633
26 8 3 3.331 -0.464     0.648
26 9 3 2.243 1.171     1.340
26 10 3 1.243 1.931     1.572
26 1 4 3.618 -1.636     0.206
26 2 4 3.263 -0.626    -1.600
26 3 4 2.805 0.567     1.491
26 4 4 2.024 0.650     2.513
26 5 4 2.159 0.306     2.379
26 6 4 1.737 0.900     2.383
26 7 4 1.451 0.864     2.253
26 8 4 2.956 -0.225     0.884
26 9 4 1.930 0.510     2.031
26 10 4 0.097 1.707     2.632
26 1 5 3.415 -1.615     0.030
26 2 5 2.513 -0.142     2.392
26 3 5 1.961 1.140     2.255
26 4 5 1.482 1.437     2.596
26 5 5 1.842 0.635     2.793
26 6 5 1.753 0.916     2.303
26 7 5 1.118 1.520     1.980
26 8 5 2.409 0.416     1.310
26 9 5 1.826 0.265     0.606
26 10 5 -0.362 1.426     3.143
26 1 6 2.441 -1.485    -0.657
26 2 6 1.847 -0.084     3.266
26 3 6 1.071 1.405     2.977
26 4 6 0.670 1.192     3.988
26 5 6 1.404 0.239     3.251
26 6 6 1.597 0.692     2.417
26 7 6 1.003 1.046     2.466
26 8 6 1.810 1.119     1.645
26 9 6 1.545 0.577     2.784
26 10 6 -0.507 1.385     3.374
26 1 7 1.878 -0.569     1.006
26 2 7 1.540 0.129     3.417
26 3 7 0.326 1.004     3.756
26 4 7 0.008 0.338     5.105
26 5 7 1.300 -0.016     3.103
26 6 7 1.253 0.181     3.098
26 7 7 0.961 0.187     3.427
26 8 7 1.373 0.937     0.387
26 9 7 0.467 0.895     4.150
26 10 7 -0.742 1.489     3.284
26 1 8 1.550 -0.777     1.172
26 2 8 1.092 -0.287     3.812
26 3 8 -0.080 0.671     4.181
26 4 8 0.071 0.301     4.359
26 5 8 1.144 -0.095     3.208
26 6 8 0.743 -0.350     4.328
26 7 8 0.696 -0.225     2.992
26 8 8 0.883 0.233     0.360
26 9 8 -0.205 1.093     4.384
26 10 8 -1.054 1.681     2.848
26 1 9 0.857 -1.522    -0.250
26 2 9 1.050 -1.313     2.112
26 3 9 0.149 -0.027     2.800
26 4 9 -0.070 0.036     3.007
26 5 9 0.508 -0.839     2.585
26 6 9 0.185 -0.694     3.130
26 7 9 0.269 -0.392     2.085
26 8 9 0.284 0.145     1.354
26 9 9 -0.789 1.202     1.944
26 10 9 -1.434 1.853     1.033
27 1 1 2.453 -2.105    -0.151
27 2 1 2.453 -1.610     1.877
27 3 1 2.011 -1.069     2.020
27 4 1 2.532 -0.636     1.178
27 5 1 2.797 0.864     1.211
27 6 1 2.438 0.718     0.718
27 7 1 3.506 -0.725     0.473
27 8 1 3.969 0.166     0.309
27 9 1 3.995 0.207     0.274
27 10 1 3.818 -0.079     0.513
27 1 2 2.631 -1.944     0.237
27 2 2 2.386 -1.126    -1.597
27 3 2 2.495 -0.584     1.820
27 4 2 2.761 -0.642     1.879
27 5 2 2.646 -0.626    -2.162
27 6 2 2.188 -0.064     2.083
27 7 2 3.370 -0.850     0.816
27 8 2 4.047 -0.355     0.469
27 9 2 3.052 1.072     0.794
27 10 2 2.834 1.051     0.884
27 1 3 3.381 -1.855     0.076
27 2 3 3.271 -0.881     2.331
27 3 3 3.006 -0.074     1.223
27 4 3 2.651 -0.444     2.211
27 5 3 2.495 -1.017     2.570
27 6 3 2.063 0.030     2.525
27 7 3 2.589 -0.590     1.695
27 8 3 3.630 -0.840     0.674
27 9 3 2.172 0.874     1.459
27 10 3 1.099 1.395     1.705
27 1 4 3.469 -1.569     0.138
27 2 4 3.073 -0.579    -2.014
27 3 4 2.662 0.410     1.527
27 4 4 2.078 0.259     2.592
27 5 4 2.495 -0.282     2.446
27 6 4 2.167 0.384     2.485
27 7 4 1.959 0.452     2.371
27 8 4 3.370 -0.610     0.932
27 9 4 1.787 0.171     2.193
27 10 4 -0.172 1.108     2.840
27 1 5 3.214 -1.605    -0.033
27 2 5 2.313 -0.183     2.437
27 3 5 1.927 0.900     2.341
27 4 5 1.698 0.994     2.712
27 5 5 2.297 0.119     2.874
27 6 5 2.370 0.463     2.381
27 7 5 1.797 1.275     2.086
27 8 5 2.948 0.009     1.385
27 9 5 1.823 -0.235     0.668
27 10 5 -0.458 0.843     3.375
27 1 6 2.266 -1.527    -0.977
27 2 6 1.787 -0.241     3.377
27 3 6 1.276 1.067     3.132
27 4 6 1.157 0.775     4.173
27 5 6 2.141 -0.064     3.327
27 6 6 2.360 0.442     2.506
27 7 6 1.662 0.890     2.600
27 8 6 2.256 0.660     1.766
27 9 6 1.719 -0.110     2.961
27 10 6 -0.317 0.791     3.619
27 1 7 1.787 -0.751     0.984
27 2 7 1.641 -0.110     3.558
27 3 7 0.709 0.733     3.988
27 4 7 0.693 0.280     5.395
27 5 7 2.183 0.041     3.180
27 6 7 2.026 0.145     3.218
27 7 7 1.511 -0.001     3.605
27 8 7 1.771 0.379     0.438
27 9 7 0.865 0.098     4.440
27 10 7 -0.281 0.884     3.525
27 1 8 1.563 -0.798     1.173
27 2 8 1.417 -0.381     3.963
27 3 8 0.558 0.702     4.440
27 4 8 0.995 0.640     4.570
27 5 8 2.115 0.244     3.292
27 6 8 1.490 -0.204     4.495
27 7 8 1.256 -0.324     3.127
27 8 8 1.391 -0.272     0.294
27 9 8 0.407 0.291     4.719
27 10 8 -0.531 1.015     3.057
27 1 9 1.000 -1.194    -0.346
27 2 9 1.568 -1.121     2.101
27 3 9 1.146 0.171     2.883
27 4 9 1.203 0.416     3.083
27 5 9 1.724 -0.360     2.606
27 6 9 1.146 -0.277     3.232
27 7 9 1.005 -0.272     2.135
27 8 9 0.875 -0.168     1.267
27 9 9 -0.182 0.436     2.090
27 10 9 -1.036 1.114     1.076
28 1 1 2.454 -1.993    -0.174
28 2 1 2.366 -0.988     1.939
28 3 1 1.954 -0.649     2.067
28 4 1 2.595 -0.347     1.195
28 5 1 2.845 1.424     1.270
28 6 1 2.486 1.283     0.735
28 7 1 3.569 -0.300     0.502
28 8 1 3.986 0.611     0.333
28 9 1 4.100 0.658     0.290
28 10 1 4.032 0.434     0.539
28 1 2 2.584 -1.805     0.180
28 2 2 2.262 -0.602    -1.958
28 3 2 2.433 -0.243     1.834
28 4 2 2.715 -0.331     1.887
28 5 2 2.491 -0.264    -2.559
28 6 2 2.027 0.351     2.184
28 7 2 3.340 -0.581     0.842
28 8 2 4.090 -0.154     0.464
28 9 2 3.230 1.460     0.820
28 10 2 3.157 1.554     0.907
28 1 3 3.131 -1.639     0.025
28 2 3 2.986 -0.456     2.413
28 3 3 2.876 0.257     1.223
28 4 3 2.506 -0.139     2.259
28 5 3 2.241 -0.743     2.640
28 6 3 1.777 0.382     2.653
28 7 3 2.355 -0.378     1.776
28 8 3 3.699 -0.805     0.677
28 9 3 2.459 1.122     1.544
28 10 3 1.298 1.893     1.787
28 1 4 3.079 -1.191     0.085
28 2 4 2.746 -0.222    -2.392
28 3 4 2.532 0.653     1.558
28 4 4 1.918 0.476     2.701
28 5 4 2.241 -0.034     2.538
28 6 4 1.824 0.742     2.610
28 7 4 1.590 0.736     2.515
28 8 4 3.418 -0.436     0.962
28 9 4 2.131 0.403     2.309
28 10 4 -0.082 1.637     2.986
28 1 5 2.762 -1.311    -0.082
28 2 5 1.975 -0.040     2.509
28 3 5 1.793 1.012     2.443
28 4 5 1.538 1.122     2.835
28 5 5 2.048 0.242     2.993
28 6 5 2.038 0.705     2.476
28 7 5 1.465 1.679     2.179
28 8 5 3.043 0.413     1.440
28 9 5 2.199 0.195     0.679
28 10 5 -0.462 1.460     3.540
28 1 6 1.939 -1.337    -1.269
28 2 6 1.548 -0.217     3.538
28 3 6 1.131 1.059     3.313
28 4 6 0.918 0.653     4.412
28 5 6 1.814 -0.206     3.450
28 6 6 2.131 0.507     2.604
28 7 6 1.569 1.205     2.708
28 8 6 2.459 1.226     1.843
28 9 6 2.053 0.481     3.081
28 10 6 -0.374 1.502     3.784
28 1 7 1.496 -0.592     0.990
28 2 7 1.460 -0.175     3.726
28 3 7 0.527 0.544     4.265
28 4 7 0.407 -0.102     5.759
28 5 7 1.996 -0.243     3.271
28 6 7 2.064 0.111     3.319
28 7 7 1.762 0.231     3.749
28 8 7 2.058 0.945     0.439
28 9 7 0.970 0.752     4.669
28 10 7 -0.421 1.611     3.673
28 1 8 1.194 -1.087     1.193
28 2 8 1.058 -0.691     4.154
28 3 8 0.204 0.424     4.775
28 4 8 0.689 0.346     4.855
28 5 8 2.111 0.111     3.362
28 6 8 1.850 -0.154     4.603
28 7 8 1.751 -0.107     3.187
28 8 8 1.652 0.174     0.164
28 9 8 0.236 0.893     5.003
28 10 8 -0.874 1.757     3.170
28 1 9 0.663 -1.956    -0.448
28 2 9 1.215 -1.654     2.090
28 3 9 0.725 -0.087     3.025
28 4 9 0.907 0.320     3.191
28 5 9 1.803 -0.467     2.619
28 6 9 1.600 -0.227     3.272
28 7 9 1.480 -0.034     2.127
28 8 9 0.996 0.278     1.134
28 9 9 -0.509 1.070     2.160
28 10 9 -1.546 1.893     1.055
29 1 1 4.258 -5.752    -0.129
29 2 1 3.331 -3.617     1.992
29 3 1 2.336 -1.768     2.222
29 4 1 2.888 -0.898     1.381
29 5 1 2.540 2.066     1.514
29 6 1 1.758 2.352     0.949
29 7 1 3.060 0.488     0.737
29 8 1 3.539 1.097     0.538
29 9 1 3.534 0.800     0.503
29 10 1 3.060 0.389     0.797
29 1 2 4.482 -5.617     0.144
29 2 2 3.201 -2.716    -2.521
29 3 2 2.883 -0.924     1.991
29 4 2 3.196 -0.387     2.056
29 5 2 2.487 0.154    -2.798
29 6 2 1.295 1.180     2.493
29 7 2 2.560 0.066     1.096
29 8 2 3.461 0.290     0.688
29 9 2 2.576 1.456     1.067
29 10 2 2.404 1.274     1.170
29 1 3 5.196 -5.262     0.025
29 2 3 3.977 -2.242     2.576
29 3 3 3.237 -0.091     1.400
29 4 3 2.633 0.300     2.488
29 5 3 2.013 -0.351     2.928
29 6 3 1.159 1.003     3.002
29 7 3 1.633 0.118     2.098
29 8 3 3.081 -0.445     0.922
29 9 3 1.977 1.066     1.864
29 10 3 1.039 1.628     2.104
29 1 4 4.836 -4.387     0.094
29 2 4 3.513 -1.825    -2.815
29 3 4 2.550 0.373     1.786
29 4 4 1.446 1.045     3.015
29 5 4 1.784 0.482     2.858
29 6 4 1.368 1.274     2.930
29 7 4 1.019 1.092     2.878
29 8 4 2.894 -0.434     1.218
29 9 4 1.878 0.222     2.659
29 10 4 0.019 1.420     3.351
29 1 5 3.967 -3.976    -0.036
29 2 5 2.373 -1.471     2.681
29 3 5 1.649 0.347     2.766
29 4 5 0.862 1.290     3.181
29 5 5 1.430 0.592     3.351
29 6 5 1.618 0.883     2.803
29 7 5 1.013 1.701     2.495
29 8 5 2.576 0.024     1.723
29 9 5 1.909 -0.179     0.916
29 10 5 -0.315 1.144     3.933
29 1 6 2.503 -3.481    -1.635
29 2 6 1.836 -1.986     3.705
29 3 6 1.321 -0.721     3.677
29 4 6 0.701 -0.236     4.901
29 5 6 1.295 -0.518     3.821
29 6 6 1.816 0.055     2.937
29 7 6 1.409 0.665     3.063
29 8 6 2.144 0.566     2.154
29 9 6 1.711 -0.007     3.447
29 10 6 -0.382 1.076     4.189
29 1 7 1.654 -2.486     1.058
29 2 7 1.831 -2.414     3.859
29 3 7 1.159 -2.148     4.463
29 4 7 0.737 -1.851     5.991
29 5 7 1.935 -1.158     3.527
29 6 7 2.159 -0.799     3.581
29 7 7 1.967 -0.648     4.038
29 8 7 1.987 0.284     0.656
29 9 7 0.763 0.211     5.161
29 10 7 -0.544 1.081     4.074
29 1 8 1.295 -2.908     1.267
29 2 8 1.508 -2.919     4.203
29 3 8 0.826 -2.002     5.013
29 4 8 1.196 -1.195     5.176
29 5 8 2.566 -0.830     3.567
29 6 8 2.435 -0.992     4.778
29 7 8 2.243 -0.820     3.321
29 8 8 1.810 -0.299     0.171
29 9 8 0.284 0.342     5.562
29 10 8 -0.841 0.972     3.558
29 1 9 0.967 -3.205    -0.609
29 2 9 1.800 -3.200     1.916
29 3 9 1.243 -1.617     3.010
29 4 9 1.524 -0.695     3.228
29 5 9 2.680 -1.127     2.522
29 6 9 2.503 -0.684     3.193
29 7 9 2.175 -0.367     1.992
29 8 9 1.342 0.055     0.876
29 9 9 -0.335 0.612     2.288
29 10 9 -1.388 0.889     1.096
30 1 1 5.392 -6.275    -0.129
30 2 1 4.330 -4.322     1.996
30 3 1 3.028 -2.207     2.352
30 4 1 3.705 -1.291     1.523
30 5 1 3.580 1.204     1.757
30 6 1 2.507 1.689     1.194
30 7 1 3.382 0.387     0.997
30 8 1 3.819 1.126     0.772
30 9 1 3.856 0.980     0.738
30 10 1 3.694 0.610     1.052
30 1 2 5.366 -5.989     0.093
30 2 2 4.147 -3.499    -3.295
30 3 2 3.548 -1.395     2.121
30 4 2 3.986 -0.634     2.186
30 5 2 3.632 -0.140    -3.248
30 6 2 2.330 0.725     2.785
30 7 2 2.929 -0.041     1.378
30 8 2 3.486 0.178     0.940
30 9 2 2.679 1.152     1.359
30 10 2 2.642 1.137     1.458
30 1 3 5.861 -5.462     0.009
30 2 3 4.892 -2.936     2.684
30 3 3 3.996 -0.702     1.539
30 4 3 3.465 -0.015     2.669
30 5 3 3.048 -0.374     3.156
30 6 3 2.173 0.590     3.318
30 7 3 2.069 -0.082     2.442
30 8 3 2.871 -0.785     1.215
30 9 3 1.913 0.381     2.246
30 10 3 1.226 1.126     2.499
30 1 4 5.262 -4.410     0.095
30 2 4 4.106 -2.176    -3.325
30 3 4 3.194 -0.223     1.989
30 4 4 2.314 0.517     3.309
30 5 4 2.569 0.194     3.144
30 6 4 1.986 0.772     3.279
30 7 4 1.278 0.595     3.309
30 8 4 2.502 -0.931     1.530
30 9 4 1.772 -0.494     3.066
30 10 4 0.304 0.741     3.861
30 1 5 4.267 -3.780     0.005
30 2 5 2.720 -1.468     2.860
30 3 5 2.054 -0.067     3.108
30 4 5 1.538 0.673     3.584
30 5 5 1.840 0.100     3.740
30 6 5 1.684 0.235     3.201
30 7 5 0.866 0.767     2.958
30 8 5 2.038 -0.718     2.084
30 9 5 1.752 -0.853     1.199
30 10 5 -0.035 0.423     4.514
30 1 6 2.757 -3.129    -1.963
30 2 6 1.986 -1.598     3.964
30 3 6 1.502 -0.530     4.094
30 4 6 0.996 -0.280     5.413
30 5 6 1.267 -0.744     4.248
30 6 6 1.423 -0.681     3.361
30 7 6 0.856 -0.535     3.551
30 8 6 1.543 -0.660     2.566
30 9 6 1.543 -0.926     3.857
30 10 6 -0.160 0.345     4.787
30 1 7 1.871 -2.129     1.160
30 2 7 1.840 -1.749     4.130
30 3 7 1.127 -1.270     4.853
30 4 7 0.653 -1.192     6.436
30 5 7 1.439 -1.015     3.916
30 6 7 1.496 -1.265     3.956
30 7 7 1.241 -1.697     4.387
30 8 7 1.580 -1.145     0.916
30 9 7 0.923 -1.009     5.627
30 10 7 -0.327 0.319     4.665
30 1 8 1.496 -2.577     1.362
30 2 8 1.548 -2.270     4.415
30 3 8 0.752 -1.093     5.468
30 4 8 0.871 -0.457     5.696
30 5 8 1.866 -0.468     3.937
30 6 8 1.606 -1.103     5.146
30 7 8 1.538 -1.436     3.575
30 8 8 1.741 -1.447     0.091
30 9 8 0.694 -0.884     6.071
30 10 8 -0.577 0.387     4.093
30 1 9 1.236 -2.983    -0.758
30 2 9 1.840 -2.780     1.837
30 3 9 1.106 -1.004     3.112
30 4 9 1.059 0.022     3.397
30 5 9 1.767 -0.494     2.604
30 6 9 1.418 -0.608     3.312
30 7 9 1.455 -0.712     1.996
30 8 9 1.522 -0.796     0.489
30 9 9 0.319 -0.353     2.501
30 10 9 -1.024 0.616     1.213
31 1 1 5.668 -4.841    -0.205
31 2 1 4.918 -3.341     1.977
31 3 1 4.293 -1.716     2.303
31 4 1 4.418 -0.341     1.538
31 5 1 4.043 3.534     1.776
31 6 1 4.043 2.909     1.165
31 7 1 4.793 1.159     1.037
31 8 1 5.043 0.534     0.827
31 9 1 4.418 -0.091     0.845
31 10 1 3.168 -0.841     1.251
31 1 2 5.668 -4.716    -0.010
31 2 2 4.793 -2.841    -4.104
31 3 2 4.793 -0.841     2.057
31 4 2 5.043 0.034     2.134
31 5 2 4.418 1.909    -4.026
31 6 2 4.043 2.659     2.694
31 7 2 4.543 1.784     1.389
31 8 2 4.543 1.409     1.002
31 9 2 3.543 1.034     1.497
31 10 2 2.418 0.034     1.712
31 1 3 6.043 -4.091    -0.075
31 2 3 5.418 -2.216     2.698
31 3 3 5.293 -0.091     1.477
31 4 3 5.293 0.784     2.569
31 5 3 4.668 1.159     3.086
31 6 3 4.043 2.159     3.248
31 7 3 4.043 2.034     2.426
31 8 3 3.293 1.659     1.360
31 9 3 1.793 1.534     2.508
31 10 3 1.043 0.159     2.905
31 1 4 5.668 -3.091     0.020
31 2 4 4.918 -1.216    -3.961
31 3 4 4.793 0.784     1.939
31 4 4 4.543 1.659     3.191
31 5 4 4.293 1.659     3.102
31 6 4 4.043 2.159     3.228
31 7 4 3.668 2.034     3.293
31 8 4 1.793 1.409     1.803
31 9 4 -0.207 1.034     3.493
31 10 4 -0.082 -0.091     4.442
31 1 5 5.043 -2.341    -0.070
31 2 5 4.043 -0.091     2.857
31 3 5 3.918 1.784     3.073
31 4 5 3.918 2.534     3.480
31 5 5 3.918 2.284     3.669
31 6 5 3.793 2.409     3.165
31 7 5 3.043 2.159     3.032
31 8 5 0.418 1.159     2.471
31 9 5 -1.332 0.409     1.474
31 10 5 -0.457 -0.341     5.043
31 1 6 3.918 -1.591    -2.388
31 2 6 3.418 0.534     4.015
31 3 6 3.418 2.534     4.033
31 4 6 3.418 3.284     5.143
31 5 6 3.418 2.784     4.131
31 6 6 3.168 2.909     3.352
31 7 6 1.668 2.534     3.695
31 8 6 -0.832 1.159     2.936
31 9 6 -1.707 0.159     4.209
31 10 6 -0.582 -0.341     5.305
31 1 7 3.418 -0.841     1.110
31 2 7 3.543 0.409     4.176
31 3 7 3.418 2.409     4.730
31 4 7 3.168 3.409     6.035
31 5 7 2.918 3.159     3.853
31 6 7 2.168 3.284     3.973
31 7 7 -0.082 2.909     4.549
31 8 7 -2.082 1.534     1.010
31 9 7 -1.832 0.534     5.935
31 10 7 -0.582 0.034     5.199
31 1 8 3.043 -1.341     1.343
31 2 8 3.543 -0.716     4.420
31 3 8 3.543 1.034     5.392
31 4 8 3.293 2.284     5.530
31 5 8 2.793 2.659     3.951
31 6 8 1.293 3.284     5.164
31 7 8 -1.207 3.159     3.521
31 8 8 -2.707 2.284    -0.420
31 9 8 -1.832 1.159     6.302
31 10 8 -0.707 0.659     4.547
31 1 9 2.543 -2.341    -0.914
31 2 9 3.293 -1.966     1.751
31 3 9 3.543 -0.716     2.941
31 4 9 3.793 0.409     3.195
31 5 9 3.293 1.784     2.490
31 6 9 1.168 3.034     3.229
31 7 9 -1.832 3.409     1.672
31 8 9 -3.082 2.659    -0.736
31 9 9 -1.957 1.659     2.444
31 10 9 -0.707 0.909     1.352
