0 1 1 2.060 -3.139     0.987
0 2 1 1.831 -1.478     1.168
0 3 1 1.409 -1.207     1.181
0 4 1 2.274 -0.858     1.154
0 5 1 2.399 1.491     1.146
0 6 1 1.737 1.460     1.161
0 7 1 3.221 -0.681     1.122
0 8 1 3.680 0.460     1.102
0 9 1 3.550 0.538     1.098
0 10 1 3.331 0.225     1.124
0 1 2 2.393 -2.884     0.989
0 2 2 1.820 -0.832     1.202
0 3 2 2.102 -0.421     1.162
0 4 2 2.492 -0.603     1.159
0 5 2 2.091 -0.540     1.170
0 6 2 1.237 0.283     1.221
0 7 2 2.768 -1.072     1.133
0 8 2 3.716 -0.504     1.109
0 9 2 2.451 1.413     1.150
0 10 2 2.263 1.501     1.160
0 1 3 3.253 -2.504     0.971
0 2 3 2.664 -0.441     1.160
0 3 3 2.607 0.480     1.136
0 4 3 2.164 -0.191     1.182
0 5 3 1.675 -1.160     1.177
0 6 3 0.904 0.257     1.236
0 7 3 1.451 -0.868     1.194
0 8 3 3.175 -1.301     1.131
0 9 3 1.779 0.954     1.200
0 10 3 0.487 1.866     1.195
0 1 4 3.258 -1.775     0.991
0 2 4 2.503 -0.181     1.167
0 3 4 2.102 0.960     1.160
0 4 4 1.143 0.585     1.219
0 5 4 1.690 -0.368     1.196
0 6 4 1.138 0.538     1.229
0 7 4 0.565 0.538     1.254
0 8 4 2.909 -0.868     1.147
0 9 4 1.742 0.111     1.208
0 10 4 -0.565 1.548     1.215
0 1 5 2.867 -2.077     0.988
0 2 5 1.633 -0.197     1.204
0 3 5 1.138 1.210     1.207
0 4 5 0.414 1.199     1.224
0 5 5 1.373 -0.165     1.229
0 6 5 1.675 0.277     1.207
0 7 5 0.815 1.590     1.204
0 8 5 2.669 0.152     1.164
0 9 5 1.956 -0.092     1.204
0 10 5 -0.669 1.293     1.221
0 1 6 1.680 -2.337     0.999
0 2 6 1.279 -0.796     1.216
0 3 6 0.763 0.741     1.247
0 4 6 0.143 0.454     1.272
0 5 6 1.300 -0.624     1.223
0 6 6 2.060 -0.025     1.191
0 7 6 1.419 0.856     1.210
0 8 6 2.274 0.981     1.167
0 9 6 1.883 0.314     1.201
0 10 6 -0.404 1.355     1.223
0 1 7 0.951 -1.493     1.085
0 2 7 1.409 -1.129     1.203
0 3 7 0.628 -0.395     1.262
0 4 7 0.346 -0.431     1.264
0 5 7 2.044 -0.306     1.196
0 6 7 2.279 -0.176     1.183
0 7 7 1.925 -0.212     1.198
0 8 7 2.123 0.663     1.190
0 9 7 0.930 0.605     1.237
0 10 7 -0.404 1.480     1.216
0 1 8 0.753 -1.770     1.088
0 2 8 1.091 -1.618     1.197
0 3 8 0.393 -0.566     1.261
0 4 8 0.904 0.168     1.242
0 5 8 2.477 0.189     1.161
0 6 8 2.190 -0.212     1.193
0 7 8 2.034 -0.249     1.192
0 8 8 1.919 0.064     1.194
0 9 8 0.346 0.704     1.252
0 10 8 -0.831 1.428     1.210
0 1 9 0.492 -2.103     0.921
0 2 9 1.279 -2.066     1.017
0 3 9 0.805 -0.671     1.086
0 4 9 1.039 0.132     1.087
0 5 9 2.227 -0.520     1.027
0 6 9 2.143 -0.238     1.040
0 7 9 2.018 0.048     1.041
0 8 9 1.404 0.335     1.068
0 9 9 -0.430 0.939     1.087
0 10 9 -1.492 1.355     1.038
1 1 1 2.593 -3.652     0.965
1 2 1 2.390 -2.293     1.318
1 3 1 2.088 -1.668     1.355
1 4 1 2.780 -1.116     1.289
1 5 1 2.994 1.061     1.308
1 6 1 2.583 0.957     1.318
1 7 1 4.010 -0.928     1.218
1 8 1 4.577 0.218     1.189
1 9 1 4.572 0.285     1.183
1 10 1 4.452 0.051     1.216
1 1 2 2.744 -3.220     0.979
1 2 2 2.385 -1.574     1.399
1 3 2 2.655 -0.959     1.321
1 4 2 2.916 -0.975     1.304
1 5 2 2.640 -0.772     1.365
1 6 2 2.067 0.030     1.443
1 7 2 3.713 -1.053     1.252
1 8 2 4.812 -0.558     1.177
1 9 2 3.791 1.301     1.265
1 10 2 3.692 1.499     1.282
1 1 3 3.421 -2.741     0.958
1 2 3 3.145 -1.090     1.302
1 3 3 3.093 -0.194     1.283
1 4 3 2.676 -0.652     1.346
1 5 3 2.322 -1.267     1.367
1 6 3 1.770 0.202     1.476
1 7 3 2.609 -0.579     1.378
1 8 3 4.515 -1.022     1.221
1 9 3 3.280 1.212     1.346
1 10 3 2.030 2.155     1.368
1 1 4 3.395 -2.105     0.992
1 2 4 2.916 -0.756     1.363
1 3 4 2.619 0.301     1.322
1 4 4 1.885 0.103     1.440
1 5 4 2.317 -0.480     1.398
1 6 4 1.926 0.546     1.455
1 7 4 1.885 0.765     1.473
1 8 4 4.270 -0.392     1.257
1 9 4 3.077 0.619     1.369
1 10 4 0.749 1.968     1.442
1 1 5 3.119 -2.137     0.990
1 2 5 2.135 -0.485     1.394
1 3 5 1.734 0.738     1.431
1 4 5 1.317 0.791     1.472
1 5 5 2.088 -0.220     1.453
1 6 5 2.390 0.504     1.408
1 7 5 1.978 1.811     1.394
1 8 5 3.874 0.645     1.294
1 9 5 3.041 0.541     1.363
1 10 5 0.312 1.780     1.465
1 1 6 2.129 -2.053     1.046
1 2 6 1.640 -0.569     1.452
1 3 6 0.963 0.791     1.513
1 4 6 0.723 0.389     1.583
1 5 6 2.056 -0.381     1.442
1 6 6 2.718 0.608     1.384
1 7 6 2.312 1.509     1.404
1 8 6 3.317 1.692     1.309
1 9 6 2.770 1.046     1.375
1 10 6 0.327 1.916     1.461
1 1 7 1.530 -1.084     1.175
1 2 7 1.478 -0.449     1.444
1 3 7 0.442 0.405     1.578
1 4 7 0.473 0.072     1.582
1 5 7 2.416 0.150     1.408
1 6 7 2.598 0.551     1.379
1 7 7 2.447 0.775     1.402
1 8 7 2.952 1.702     1.343
1 9 7 1.739 1.546     1.441
1 10 7 0.291 2.160     1.438
1 1 8 1.254 -1.110     1.197
1 2 8 1.228 -0.678     1.465
1 3 8 0.437 0.488     1.581
1 4 8 1.056 0.728     1.520
1 5 8 2.499 0.541     1.362
1 6 8 2.135 0.223     1.423
1 7 8 2.244 0.530     1.405
1 8 8 2.473 1.009     1.385
1 9 8 1.103 1.718     1.472
1 10 8 -0.037 2.311     1.420
1 1 9 0.806 -1.413     0.868
1 2 9 1.447 -1.256     1.083
1 3 9 1.109 0.082     1.194
1 4 9 1.369 0.416     1.182
1 5 9 2.181 -0.303     1.084
1 6 9 1.916 -0.017     1.104
1 7 9 2.072 0.447     1.093
1 8 9 1.911 0.926     1.108
1 9 9 0.390 1.780     1.157
1 10 9 -0.615 2.358     1.082
2 1 1 1.818 -1.299     0.939
2 2 1 2.021 -0.169     1.410
2 3 1 1.974 0.029     1.444
2 4 1 2.599 0.284     1.318
2 5 1 3.161 1.695     1.300
2 6 1 3.068 1.284     1.302
2 7 1 4.047 -0.305     1.170
2 8 1 4.489 0.607     1.122
2 9 1 4.552 0.612     1.112
2 10 1 4.292 0.497     1.173
2 1 2 1.958 -1.070     0.953
2 2 2 2.062 0.096     1.508
2 3 2 2.453 0.300     1.361
2 4 2 2.594 0.164     1.336
2 5 2 2.594 0.352     1.432
2 6 2 2.562 0.779     1.461
2 7 2 4.015 -0.169     1.194
2 8 2 4.760 0.195     1.096
2 9 2 4.005 1.872     1.195
2 10 2 3.812 1.940     1.217
2 1 3 2.646 -0.898     0.907
2 2 3 2.880 0.216     1.338
2 3 3 2.958 0.596     1.293
2 4 3 2.625 0.128     1.393
2 5 3 2.463 -0.154     1.422
2 6 3 2.271 1.039     1.517
2 7 3 3.114 0.268     1.376
2 8 3 4.536 -0.128     1.167
2 9 3 3.323 2.112     1.311
2 10 3 2.167 2.800     1.350
2 1 4 2.870 -0.596     0.931
2 2 4 2.818 0.331     1.412
2 3 4 2.703 0.977     1.331
2 4 4 2.271 0.648     1.488
2 5 4 2.677 0.326     1.437
2 6 4 2.318 1.300     1.494
2 7 4 2.443 1.367     1.500
2 8 4 4.281 0.175     1.215
2 9 4 2.682 1.492     1.393
2 10 4 0.484 2.789     1.479
2 1 5 2.880 -0.685     0.918
2 2 5 2.271 0.518     1.441
2 3 5 2.052 1.497     1.458
2 4 5 1.948 1.435     1.512
2 5 5 2.552 0.508     1.496
2 6 5 2.583 1.227     1.441
2 7 5 2.292 2.185     1.405
2 8 5 3.786 0.831     1.269
2 9 5 2.354 1.003     1.431
2 10 5 -0.344 2.529     1.516
2 1 6 2.281 -0.763     1.011
2 2 6 1.880 0.529     1.530
2 3 6 1.370 1.951     1.563
2 4 6 1.338 1.430     1.665
2 5 6 2.401 0.258     1.499
2 6 6 2.620 1.133     1.411
2 7 6 2.125 1.784     1.441
2 8 6 2.901 1.680     1.324
2 9 6 1.859 1.143     1.462
2 10 6 -0.584 2.414     1.512
2 1 7 1.896 -0.133     1.125
2 2 7 1.698 0.747     1.538
2 3 7 0.635 1.872     1.664
2 4 7 0.693 1.081     1.709
2 5 7 2.338 0.425     1.478
2 6 7 2.187 0.721     1.460
2 7 7 1.792 0.820     1.505
2 8 7 2.026 1.534     1.415
2 9 7 0.604 1.445     1.565
2 10 7 -0.698 2.451     1.494
2 1 8 1.672 -0.195     1.183
2 2 8 1.396 0.508     1.581
2 3 8 0.443 1.820     1.681
2 4 8 0.932 1.409     1.627
2 5 8 2.125 0.638     1.448
2 6 8 1.495 0.195     1.561
2 7 8 1.281 0.294     1.556
2 8 8 1.265 0.794     1.517
2 9 8 -0.084 1.721     1.585
2 10 8 -0.927 2.581     1.461
2 1 9 1.062 -0.586     0.820
2 2 9 1.500 -0.232     1.165
2 3 9 1.073 1.190     1.261
2 4 9 1.250 1.096     1.246
2 5 9 1.703 0.003     1.156
2 6 9 1.057 -0.039     1.203
2 7 9 0.864 0.227     1.212
2 8 9 0.531 0.888     1.212
2 9 9 -0.766 2.044     1.197
2 10 9 -1.417 2.836     1.068
3 1 1 0.538 1.919     0.861
3 2 1 1.267 2.033     1.369
3 3 1 1.413 1.174     1.415
3 4 1 1.809 1.007     1.274
3 5 1 2.543 1.768     1.222
3 6 1 2.752 0.945     1.209
3 7 1 3.418 -0.337     1.075
3 8 1 3.721 0.382     1.011
3 9 1 3.851 0.361     0.989
3 10 1 3.960 0.064     1.049
3 1 2 0.793 2.023     0.923
3 2 2 1.424 1.898     1.522
3 3 2 1.804 1.158     1.379
3 4 2 1.731 0.804     1.378
3 5 2 1.908 0.939     1.475
3 6 2 2.273 0.851     1.460
3 7 2 3.424 -0.019     1.153
3 8 2 3.918 0.236     1.043
3 9 2 3.434 1.466     1.142
3 10 2 3.601 1.346     1.151
3 1 3 1.429 1.955     0.869
3 2 3 2.174 1.533     1.359
3 3 3 2.345 1.049     1.287
3 4 3 1.939 0.497     1.434
3 5 3 1.804 0.367     1.471
3 6 3 1.882 1.137     1.532
3 7 3 2.627 0.403     1.369
3 8 3 3.642 0.096     1.118
3 9 3 2.835 1.830     1.269
3 10 3 2.267 2.143     1.313
3 1 4 1.694 1.851     0.886
3 2 4 2.168 1.215     1.430
3 3 4 2.345 1.044     1.323
3 4 4 1.971 0.596     1.519
3 5 4 2.080 0.387     1.470
3 6 4 1.903 1.158     1.514
3 7 4 2.085 1.205     1.502
3 8 4 3.398 0.335     1.168
3 9 4 2.252 1.429     1.392
3 10 4 0.809 2.174     1.493
3 1 5 1.872 1.382     0.873
3 2 5 1.898 1.038     1.439
3 3 5 1.971 1.346     1.460
3 4 5 1.856 1.117     1.535
3 5 5 2.028 0.346     1.532
3 6 5 2.148 0.976     1.456
3 7 5 2.028 1.778     1.403
3 8 5 3.049 0.856     1.228
3 9 5 1.934 1.101     1.463
3 10 5 0.049 2.018     1.540
3 1 6 1.575 0.773     1.002
3 2 6 1.700 0.992     1.550
3 3 6 1.549 1.861     1.552
3 4 6 1.361 1.221     1.703
3 5 6 1.882 0.205     1.543
3 6 6 2.189 1.054     1.438
3 7 6 1.971 1.564     1.457
3 8 6 2.471 1.731     1.295
3 9 6 1.523 1.283     1.504
3 10 6 -0.290 2.012     1.538
3 1 7 1.575 0.632     1.094
3 2 7 1.543 1.184     1.572
3 3 7 0.736 1.945     1.680
3 4 7 0.569 1.096     1.791
3 5 7 1.856 0.533     1.527
3 6 7 1.872 0.898     1.513
3 7 7 1.762 1.049     1.557
3 8 7 1.929 1.799     1.422
3 9 7 0.455 1.606     1.619
3 10 7 -0.530 2.158     1.509
3 1 8 1.726 0.502     1.155
3 2 8 1.288 1.075     1.634
3 3 8 0.330 2.028     1.695
3 4 8 0.585 1.497     1.694
3 5 8 1.663 0.893     1.501
3 6 8 1.361 0.580     1.654
3 7 8 1.283 0.804     1.627
3 8 8 1.163 1.257     1.586
3 9 8 -0.217 1.955     1.611
3 10 8 -0.873 2.377     1.448
3 1 9 1.257 0.242     0.831
3 2 9 1.278 0.544     1.241
3 3 9 0.799 1.669     1.311
3 4 9 0.898 1.434     1.324
3 5 9 1.366 0.377     1.256
3 6 9 0.965 0.403     1.321
3 7 9 0.726 0.669     1.333
3 8 9 0.200 1.304     1.325
3 9 9 -0.977 2.257     1.226
3 10 9 -1.384 2.700     1.057
4 1 1 0.772 -0.360     0.854
4 2 1 1.506 -0.397     1.398
4 3 1 1.282 -0.433     1.464
4 4 1 1.657 -0.245     1.293
4 5 1 2.371 0.551     1.203
4 6 1 2.371 0.260     1.170
4 7 1 2.871 -0.787     1.026
4 8 1 3.131 0.036     0.962
4 9 1 3.444 0.015     0.921
4 10 1 3.730 -0.287     0.955
4 1 2 1.277 -0.381     0.893
4 2 2 1.673 -0.308     1.528
4 3 2 1.860 -0.324     1.386
4 4 2 1.954 -0.334     1.378
4 5 2 2.199 -0.219     1.456
4 6 2 2.157 0.067     1.439
4 7 2 2.668 -0.714     1.113
4 8 2 2.834 -0.376     0.994
4 9 2 2.365 0.562     1.119
4 10 2 2.595 0.411     1.110
4 1 3 2.183 -0.386     0.802
4 2 3 2.569 -0.318     1.333
4 3 3 2.563 -0.022     1.250
4 4 3 2.277 -0.313     1.407
4 5 3 2.157 -0.574     1.446
4 6 3 1.918 0.213     1.512
4 7 3 1.761 -0.537     1.358
4 8 3 1.928 -0.964     1.096
4 9 3 1.303 0.114     1.320
4 10 3 1.152 0.322     1.364
4 1 4 2.470 -0.188     0.806
4 2 4 2.558 -0.068     1.371
4 3 4 2.537 0.426     1.282
4 4 4 2.058 0.182     1.493
4 5 4 2.225 -0.178     1.446
4 6 4 1.829 0.348     1.507
4 7 4 1.032 0.098     1.543
4 8 4 1.287 -0.980     1.177
4 9 4 0.751 -0.631     1.462
4 10 4 0.313 -0.329     1.604
4 1 5 2.475 -0.324     0.785
4 2 5 2.089 0.301     1.420
4 3 5 2.006 1.015     1.427
4 4 5 1.699 0.932     1.524
4 5 5 1.855 0.057     1.521
4 6 5 1.641 0.249     1.446
4 7 5 0.678 0.619     1.459
4 8 5 0.886 -0.485     1.277
4 9 5 0.673 -0.891     1.522
4 10 5 0.152 -0.777     1.608
4 1 6 1.761 -0.495     0.937
4 2 6 1.694 0.390     1.552
4 3 6 1.449 1.494     1.533
4 4 6 1.022 1.057     1.717
4 5 6 1.199 -0.058     1.560
4 6 6 1.126 0.239     1.468
4 7 6 0.292 0.390     1.530
4 8 6 0.454 0.244     1.361
4 9 6 0.699 -0.610     1.563
4 10 6 0.308 -0.699     1.599
4 1 7 1.428 -0.068     1.057
4 2 7 1.579 0.624     1.578
4 3 7 0.782 1.489     1.680
4 4 7 0.157 0.843     1.848
4 5 7 0.824 0.218     1.585
4 6 7 0.589 0.213     1.580
4 7 7 0.084 0.046     1.686
4 8 7 0.319 0.322     1.518
4 9 7 0.360 -0.287     1.722
4 10 7 0.501 -0.459     1.594
4 1 8 1.376 -0.011     1.111
4 2 8 1.334 0.562     1.649
4 3 8 0.371 1.458     1.716
4 4 8 0.032 1.156     1.734
4 5 8 0.527 0.713     1.561
4 6 8 0.121 0.249     1.767
4 7 8 0.011 0.176     1.775
4 8 8 0.350 0.114     1.721
4 9 8 0.329 -0.048     1.744
4 10 8 0.438 -0.433     1.549
4 1 9 0.907 -0.214     0.804
4 2 9 1.194 0.093     1.274
4 3 9 0.688 1.140     1.342
4 4 9 0.287 1.187     1.356
4 5 9 0.272 0.494     1.312
4 6 9 -0.124 0.421     1.418
4 7 9 -0.067 0.421     1.434
4 8 9 0.110 0.411     1.442
4 9 9 -0.004 0.103     1.349
4 10 9 -0.004 -0.579     1.152
5 1 1 1.993 -3.188     0.857
5 2 1 1.675 -1.891     1.511
5 3 1 1.139 -0.985     1.626
5 4 1 1.982 -0.599     1.410
5 5 1 2.399 0.583     1.337
5 6 1 1.696 0.641     1.333
5 7 1 1.915 -0.521     1.183
5 8 1 1.883 -0.177     1.131
5 9 1 1.566 -0.656     1.104
5 10 1 1.347 -1.349     1.126
5 1 2 2.123 -2.625     0.908
5 2 2 1.592 -1.115     1.661
5 3 2 1.670 -0.380     1.539
5 4 2 2.263 -0.396     1.491
5 5 2 2.258 -0.656     1.554
5 6 2 1.399 -0.151     1.634
5 7 2 1.441 -0.682     1.293
5 8 2 1.498 -0.672     1.182
5 9 2 0.753 -0.641     1.335
5 10 2 0.654 -1.245     1.303
5 1 3 2.639 -2.021     0.830
5 2 3 2.248 -0.724     1.495
5 3 3 2.154 0.109     1.378
5 4 3 1.982 -0.162     1.555
5 5 3 1.732 -0.906     1.593
5 6 3 1.154 -0.261     1.731
5 7 3 0.711 -0.750     1.578
5 8 3 0.836 -1.302     1.277
5 9 3 0.217 -1.125     1.536
5 10 3 -0.023 -1.453     1.548
5 1 4 2.388 -1.552     0.853
5 2 4 1.967 -0.563     1.489
5 3 4 1.810 0.364     1.448
5 4 4 1.139 0.255     1.701
5 5 4 1.467 -0.307     1.630
5 6 4 1.206 -0.063     1.725
5 7 4 0.170 -0.318     1.818
5 8 4 0.472 -1.479     1.358
5 9 4 0.107 -1.589     1.662
5 10 4 -0.309 -1.620     1.770
5 1 5 1.951 -1.917     0.825
5 2 5 1.305 -0.526     1.609
5 3 5 1.206 0.463     1.633
5 4 5 0.586 0.588     1.761
5 5 5 0.967 -0.151     1.745
5 6 5 1.060 -0.307     1.673
5 7 5 -0.101 -0.115     1.749
5 8 5 0.217 -1.250     1.484
5 9 5 0.326 -1.667     1.705
5 10 5 -0.164 -1.568     1.782
5 1 6 1.055 -1.927     0.957
5 2 6 1.149 -0.714     1.754
5 3 6 0.982 0.234     1.770
5 4 6 0.269 0.057     2.016
5 5 6 0.493 -0.662     1.788
5 6 6 0.675 -0.610     1.709
5 7 6 -0.190 -0.667     1.778
5 8 6 0.071 -0.761     1.604
5 9 6 0.545 -1.406     1.746
5 10 6 0.159 -1.276     1.799
5 1 7 0.717 -1.083     1.173
5 2 7 1.326 -0.677     1.774
5 3 7 0.790 -0.302     1.916
5 4 7 0.014 -0.646     2.109
5 5 7 0.560 -0.771     1.827
5 6 7 0.467 -0.771     1.814
5 7 7 -0.018 -1.073     1.912
5 8 7 0.243 -0.708     1.756
5 9 7 0.378 -1.083     1.932
5 10 7 0.461 -0.953     1.823
5 1 8 0.743 -1.250     1.219
5 2 8 1.118 -1.047     1.823
5 3 8 0.456 -0.469     1.979
5 4 8 0.149 -0.307     2.021
5 5 8 0.727 -0.292     1.802
5 6 8 0.347 -0.594     2.020
5 7 8 0.165 -0.781     2.026
5 8 8 0.508 -0.776     1.955
5 9 8 0.513 -0.714     1.992
5 10 8 0.581 -0.755     1.785
5 1 9 0.550 -1.703     0.748
5 2 9 1.139 -1.656     1.278
5 3 9 0.670 -0.662     1.413
5 4 9 0.399 -0.115     1.476
5 5 9 0.638 -0.448     1.401
5 6 9 0.222 -0.344     1.534
5 7 9 0.243 -0.287     1.560
5 8 9 0.566 -0.302     1.537
5 9 9 0.404 -0.359     1.461
5 10 9 0.378 -0.745     1.238
6 1 1 2.913 -5.361     0.857
6 2 1 2.230 -2.408     1.669
6 3 1 1.548 -0.741     1.870
6 4 1 2.053 -0.017     1.639
6 5 1 2.298 2.207     1.522
6 6 1 2.012 1.780     1.501
6 7 1 3.163 -0.054     1.360
6 8 1 3.835 0.477     1.291
6 9 1 4.095 0.373     1.246
6 10 1 4.178 0.082     1.267
6 1 2 3.100 -5.069     0.903
6 2 2 2.116 -1.814     1.814
6 3 2 2.007 -0.236     1.761
6 4 2 2.100 0.175     1.734
6 5 2 1.767 0.675     1.787
6 6 2 1.475 1.061     1.891
6 7 2 2.897 -0.075     1.487
6 8 2 3.913 0.035     1.321
6 9 2 3.408 1.274     1.477
6 10 2 3.533 1.306     1.440
6 1 3 3.673 -4.507     0.850
6 2 3 2.658 -1.387     1.707
6 3 3 2.262 0.389     1.583
6 4 3 1.803 0.446     1.813
6 5 3 1.434 0.019     1.891
6 6 3 1.257 1.029     2.003
6 7 3 1.996 0.066     1.820
6 8 3 3.298 -0.564     1.447
6 9 3 2.533 1.149     1.750
6 10 3 1.855 1.816     1.773
6 1 4 3.553 -3.543     0.903
6 2 4 2.277 -1.017     1.660
6 3 4 1.767 0.785     1.697
6 4 4 1.106 0.972     1.988
6 5 4 1.428 0.457     1.913
6 6 4 1.376 1.097     1.999
6 7 4 1.355 0.743     2.103
6 8 4 2.803 -0.668     1.558
6 9 4 1.809 0.285     1.936
6 10 4 0.345 1.493     2.068
6 1 5 3.090 -3.335     0.878
6 2 5 1.371 -0.757     1.874
6 3 5 0.954 1.076     1.923
6 4 5 0.730 1.467     2.035
6 5 5 1.272 0.488     2.050
6 6 5 1.569 0.743     1.953
6 7 5 1.204 1.259     2.025
6 8 5 2.277 -0.335     1.730
6 9 5 1.512 -0.325     1.997
6 10 5 -0.301 0.993     2.121
6 1 6 1.913 -3.148     1.000
6 2 6 0.882 -1.017     2.058
6 3 6 0.574 0.878     2.108
6 4 6 0.449 0.795     2.364
6 5 6 1.090 -0.262     2.117
6 6 6 1.465 0.253     2.003
6 7 6 1.022 0.613     2.099
6 8 6 1.527 0.196     1.901
6 9 6 1.215 -0.366     2.066
6 10 6 -0.348 0.681     2.161
6 1 7 1.220 -2.606     1.291
6 2 7 0.944 -1.502     2.053
6 3 7 0.402 -0.231     2.302
6 4 7 0.225 -0.497     2.487
6 5 7 1.236 -0.710     2.129
6 6 7 1.194 -0.319     2.124
6 7 7 0.788 -0.377     2.259
6 8 7 0.991 0.003     2.093
6 9 7 0.444 -0.205     2.325
6 10 7 -0.296 0.608     2.198
6 1 8 0.887 -3.491     1.289
6 2 8 0.949 -2.731     1.989
6 3 8 0.283 -1.184     2.301
6 4 8 0.480 -0.747     2.374
6 5 8 1.392 -0.616     2.085
6 6 8 0.861 -0.611     2.343
6 7 8 0.423 -0.611     2.387
6 8 8 0.595 -0.465     2.321
6 9 8 0.137 -0.038     2.425
6 10 8 -0.389 0.550     2.159
6 1 9 0.647 -4.049     0.593
6 2 9 1.512 -3.679     1.169
6 3 9 0.986 -1.950     1.407
6 4 9 0.850 -0.991     1.533
6 5 9 1.288 -1.111     1.423
6 6 9 0.543 -0.663     1.619
6 7 9 0.178 -0.413     1.674
6 8 9 0.251 -0.226     1.665
6 9 9 -0.280 0.186     1.589
6 10 9 -0.780 0.483     1.320
7 1 1 3.999 -6.054     0.910
7 2 1 3.061 -3.168     1.796
7 3 1 2.061 -1.038     2.241
7 4 1 2.337 -0.007     2.073
7 5 1 2.301 2.644     1.747
7 6 1 1.941 2.061     1.899
7 7 1 3.061 0.217     1.715
7 8 1 3.577 0.806     1.574
7 9 1 3.634 0.623     1.558
7 10 1 3.405 0.358     1.569
7 1 2 4.160 -5.845     0.945
7 2 2 2.869 -2.418     2.345
7 3 2 2.441 -0.449     2.143
7 4 2 2.254 0.285     2.091
7 5 2 1.582 1.092     2.535
7 6 2 1.306 1.399     2.229
7 7 2 2.858 0.264     1.819
7 8 2 3.738 0.337     1.606
7 9 2 3.098 1.686     1.742
7 10 2 3.066 1.702     1.713
7 1 3 4.733 -5.382     0.910
7 2 3 3.363 -1.949     1.826
7 3 3 2.540 0.217     1.972
7 4 3 1.634 0.660     2.173
7 5 3 1.072 0.524     2.295
7 6 3 1.035 1.478     2.346
7 7 3 1.915 0.514     2.185
7 8 3 3.254 -0.199     1.734
7 9 3 2.259 1.754     1.969
7 10 3 1.494 2.384     2.017
7 1 4 4.405 -4.481     0.989
7 2 4 2.770 -1.559     2.274
7 3 4 1.790 0.618     2.110
7 4 4 0.733 1.181     2.388
7 5 4 1.025 0.900     2.303
7 6 4 1.181 1.493     2.281
7 7 4 1.280 1.202     2.434
7 8 4 2.796 -0.210     1.869
7 9 4 1.494 0.941     2.235
7 10 4 -0.184 2.196     2.315
7 1 5 3.650 -4.173     1.043
7 2 5 1.624 -1.314     2.263
7 3 5 0.822 0.774     2.358
7 4 5 0.212 1.384     2.415
7 5 5 0.816 0.566     2.435
7 6 5 1.509 0.983     2.277
7 7 5 1.264 1.623     2.307
7 8 5 2.342 0.222     2.039
7 9 5 1.186 0.358     2.482
7 10 5 -0.928 1.785     2.409
7 1 6 2.186 -3.720     1.298
7 2 6 1.030 -1.590     2.391
7 3 6 0.467 0.321     2.530
7 4 6 0.025 0.285     2.812
7 5 6 0.900 -0.429     2.552
7 6 6 1.681 0.441     2.330
7 7 6 1.254 0.962     2.441
7 8 6 1.723 0.983     2.239
7 9 6 0.941 0.519     2.455
7 10 6 -1.069 1.676     2.463
7 1 7 1.405 -2.798     1.504
7 2 7 1.119 -1.882     2.333
7 3 7 0.332 -0.783     2.704
7 4 7 0.103 -1.002     2.902
7 5 7 1.546 -0.804     2.468
7 6 7 1.613 -0.236     2.446
7 7 7 1.176 -0.106     2.595
7 8 7 1.285 0.790     2.565
7 9 7 -0.012 0.853     2.740
7 10 7 -1.105 1.738     2.497
7 1 8 0.921 -3.554     1.433
7 2 8 0.921 -2.866     2.200
7 3 8 0.129 -1.356     2.612
7 4 8 0.504 -0.793     2.754
7 5 8 1.827 -0.663     2.399
7 6 8 1.327 -0.778     2.683
7 7 8 1.035 -0.632     2.874
7 8 8 0.853 -0.012     2.848
7 9 8 -0.600 1.160     2.794
7 10 8 -1.387 1.915     2.432
7 1 9 0.556 -4.038     0.530
7 2 9 1.348 -3.637     1.116
7 3 9 0.785 -1.778     1.451
7 4 9 0.775 -0.804     1.601
7 5 9 1.525 -1.231     1.480
7 6 9 0.978 -0.970     1.666
7 7 9 0.671 -0.705     1.872
7 8 9 0.207 0.071     1.924
7 9 9 -1.241 1.441     1.763
7 10 9 -1.835 2.139     1.440
8 1 1 5.094 -6.925     0.877
8 2 1 4.037 -4.206     1.830
8 3 1 2.875 -1.774     2.430
8 4 1 3.058 -0.430     2.297
8 5 1 2.761 2.955     1.945
8 6 1 2.276 2.799     2.096
8 7 1 3.480 0.961     1.936
8 8 1 4.063 1.455     1.747
8 9 1 4.068 1.185     1.746
8 10 1 3.532 0.856     1.822
8 1 2 5.344 -6.800     0.896
8 2 2 3.985 -3.435     2.317
8 3 2 3.381 -1.060     2.318
8 4 2 3.115 0.018     2.309
8 5 2 2.136 1.283     2.814
8 6 2 1.427 2.002     2.502
8 7 2 2.995 0.919     2.057
8 8 2 4.125 0.882     1.790
8 9 2 3.594 2.190     1.908
8 10 2 3.391 2.143     1.909
8 1 3 6.063 -6.394     0.867
8 2 3 4.745 -2.930     1.876
8 3 3 3.625 -0.284     2.156
8 4 3 2.443 0.674     2.446
8 5 3 1.500 0.685     2.667
8 6 3 0.990 2.023     2.645
8 7 3 1.917 1.185     2.478
8 8 3 3.667 0.424     1.946
8 9 3 2.922 2.393     2.158
8 10 3 2.084 3.034     2.207
8 1 4 5.667 -5.404     0.963
8 2 4 3.969 -2.243     2.323
8 3 4 2.610 0.351     2.372
8 4 4 1.245 1.461     2.728
8 5 4 1.302 1.252     2.660
8 6 4 1.120 2.049     2.581
8 7 4 1.224 1.935     2.726
8 8 4 3.172 0.533     2.119
8 9 4 2.136 1.752     2.514
8 10 4 0.438 3.060     2.532
8 1 5 4.724 -4.826     1.043
8 2 5 2.474 -1.628     2.483
8 3 5 1.334 0.627     2.748
8 4 5 0.459 1.768     2.774
8 5 5 0.829 1.117     2.845
8 6 5 1.349 1.455     2.619
8 7 5 1.188 2.242     2.591
8 8 5 2.526 0.872     2.328
8 9 5 1.480 1.086     2.844
8 10 5 -0.578 2.659     2.665
8 1 6 2.980 -3.993     1.331
8 2 6 1.594 -1.743     2.683
8 3 6 0.698 0.101     3.024
8 4 6 0.037 0.497     3.338
8 5 6 0.568 -0.065     3.060
8 6 6 1.302 0.752     2.735
8 7 6 1.167 1.356     2.811
8 8 6 1.714 1.289     2.582
8 9 6 0.881 0.997     2.893
8 10 6 -0.979 2.367     2.738
8 1 7 1.933 -2.696     1.628
8 2 7 1.401 -1.779     2.647
8 3 7 0.370 -0.831     3.181
8 4 7 -0.161 -0.951     3.374
8 5 7 0.922 -0.706     2.911
8 6 7 1.120 -0.019     2.900
8 7 7 0.980 0.185     3.063
8 8 7 1.042 1.002     2.974
8 9 7 -0.187 1.143     3.188
8 10 7 -1.140 2.195     2.781
8 1 8 1.396 -3.060     1.574
8 2 8 1.167 -2.289     2.489
8 3 8 0.063 -0.883     3.096
8 4 8 0.016 -0.477     3.282
8 5 8 1.016 -0.467     2.856
8 6 8 0.745 -0.550     3.162
8 7 8 0.610 -0.368     3.377
8 8 8 0.480 0.304     3.377
8 9 8 -0.703 1.336     3.193
8 10 8 -1.416 2.159     2.704
8 1 9 0.969 -3.466     0.429
8 2 9 1.526 -2.899     1.116
8 3 9 0.594 -0.925     1.564
8 4 9 0.026 -0.050     1.794
8 5 9 0.417 -0.883     1.608
8 6 9 0.141 -0.888     1.805
8 7 9 0.131 -0.534     2.044
8 8 9 -0.125 0.372     2.113
8 9 9 -1.234 1.580     1.796
8 10 9 -1.859 2.372     1.416
9 1 1 1.757 -0.396     0.831
9 2 1 1.997 0.276     1.837
9 3 1 1.898 0.656     2.395
9 4 1 2.221 1.057     2.221
9 5 1 2.747 2.479     1.786
9 6 1 3.017 1.932     1.907
9 7 1 3.835 0.557     1.758
9 8 1 4.080 1.104     1.556
9 9 1 4.142 0.927     1.554
9 10 1 3.866 0.635     1.648
9 1 2 1.773 0.088     0.882
9 2 2 2.023 0.749     2.309
9 3 2 2.184 0.989     2.274
9 4 2 2.007 1.124     2.267
9 5 2 2.054 1.505     2.718
9 6 2 2.523 1.650     2.365
9 7 2 3.840 0.765     1.879
9 8 2 4.205 0.864     1.618
9 9 2 3.611 2.093     1.730
9 10 2 3.622 1.994     1.734
9 1 3 2.335 0.328     0.829
9 2 3 2.658 0.890     1.835
9 3 3 2.408 1.328     2.090
9 4 3 1.736 1.354     2.423
9 5 3 1.674 1.281     2.646
9 6 3 2.012 1.947     2.536
9 7 3 2.887 1.161     2.342
9 8 3 3.851 0.635     1.794
9 9 3 2.918 2.395     1.992
9 10 3 2.231 2.812     2.047
9 1 4 2.283 0.593     0.919
9 2 4 2.283 0.984     2.269
9 3 4 1.945 1.718     2.303
9 4 4 1.293 1.895     2.687
9 5 4 1.502 1.661     2.622
9 6 4 1.627 2.098     2.493
9 7 4 2.054 1.937     2.610
9 8 4 3.382 0.723     1.987
9 9 4 2.168 1.692     2.418
9 10 4 0.642 2.661     2.449
9 1 5 1.892 0.421     1.010
9 2 5 1.434 1.046     2.511
9 3 5 1.174 2.166     2.671
9 4 5 0.903 2.427     2.688
9 5 5 1.137 1.541     2.846
9 6 5 1.564 1.906     2.556
9 7 5 1.653 2.359     2.484
9 8 5 2.762 1.015     2.233
9 9 5 1.741 0.999     2.806
9 10 5 -0.191 2.218     2.643
9 1 6 0.991 0.432     1.361
9 2 6 0.809 1.161     2.740
9 3 6 0.523 2.552     2.914
9 4 6 0.236 2.265     3.255
9 5 6 0.918 1.114     3.118
9 6 6 1.455 1.786     2.695
9 7 6 1.377 1.916     2.750
9 8 6 2.085 1.677     2.496
9 9 6 1.346 0.994     2.920
9 10 6 -0.555 1.953     2.738
9 1 7 0.543 0.911     1.636
9 2 7 0.476 1.624     2.688
9 3 7 -0.170 2.604     3.053
9 4 7 -0.425 1.958     3.343
9 5 7 0.825 1.275     2.964
9 6 7 0.976 1.406     2.925
9 7 7 1.043 1.150     3.107
9 8 7 1.517 1.494     2.915
9 9 7 0.278 1.182     3.294
9 10 7 -0.795 1.895     2.774
9 1 8 0.267 0.828     1.593
9 2 8 0.043 1.479     2.558
9 3 8 -0.519 2.411     3.002
9 4 8 -0.493 2.052     3.233
9 5 8 0.356 1.437     2.915
9 6 8 0.221 0.770     3.319
9 7 8 0.533 0.588     3.529
9 8 8 0.856 0.708     3.472
9 9 8 -0.332 1.421     3.262
9 10 8 -1.118 2.020     2.672
9 1 9 -0.441 0.770     0.426
9 2 9 -0.154 1.005     1.222
9 3 9 -0.358 1.682     1.609
9 4 9 -0.805 1.421     1.840
9 5 9 -0.555 0.395     1.746
9 6 9 -0.436 0.088     1.964
9 7 9 0.002 0.078     2.247
9 8 9 0.054 0.541     2.271
9 9 9 -1.024 1.583     1.817
9 10 9 -1.566 2.249     1.408
10 1 1 -0.133 2.007     0.758
10 2 1 0.643 1.897     1.778
10 3 1 0.638 1.012     2.378
10 4 1 1.211 0.866     2.192
10 5 1 1.945 1.231     1.703
10 6 1 2.013 0.361     1.837
10 7 1 3.148 -1.097     1.586
10 8 1 3.669 -0.280     1.377
10 9 1 3.679 -0.222     1.375
10 10 1 3.732 -0.452     1.454
10 1 2 0.070 1.923     0.860
10 2 2 0.706 1.585     2.289
10 3 2 0.992 0.965     2.305
10 4 2 1.023 0.715     2.316
10 5 2 1.331 0.538     2.712
10 6 2 1.565 0.184     2.379
10 7 2 2.893 -0.837     1.770
10 8 2 3.794 -0.577     1.460
10 9 2 3.101 0.746     1.620
10 10 2 2.935 0.804     1.635
10 1 3 0.591 1.762     0.812
10 2 3 1.341 1.101     1.861
10 3 3 1.534 0.835     2.094
10 4 3 1.174 0.335     2.473
10 5 3 1.185 0.121     2.700
10 6 3 1.278 0.673     2.560
10 7 3 1.877 -0.233     2.318
10 8 3 3.226 -0.702     1.662
10 9 3 2.502 0.825     1.911
10 10 3 1.497 1.408     2.013
10 1 4 0.643 1.741     0.898
10 2 4 1.263 0.877     2.271
10 3 4 1.591 0.851     2.293
10 4 4 1.211 0.496     2.718
10 5 4 1.461 0.283     2.639
10 6 4 1.320 0.908     2.498
10 7 4 1.185 0.851     2.624
10 8 4 2.685 -0.248     1.895
10 9 4 2.049 0.408     2.375
10 10 4 0.372 1.330     2.474
10 1 5 0.706 1.319     0.997
10 2 5 0.966 0.897     2.558
10 3 5 1.258 1.200     2.659
10 4 5 1.060 0.939     2.706
10 5 5 1.252 0.153     2.884
10 6 5 1.435 0.726     2.565
10 7 5 1.023 1.423     2.476
10 8 5 2.200 0.298     2.188
10 9 5 1.872 0.168     2.737
10 10 5 -0.008 1.085     2.707
10 1 6 0.273 0.892     1.371
10 2 6 0.659 0.970     2.795
10 3 6 0.601 1.621     2.889
10 4 6 0.169 0.871     3.352
10 5 6 0.815 -0.009     3.225
10 6 6 1.237 0.741     2.718
10 7 6 0.935 0.918     2.787
10 8 6 1.721 0.830     2.471
10 9 6 1.612 0.231     2.919
10 10 6 -0.050 0.892     2.828
10 1 7 0.185 0.840     1.664
10 2 7 0.273 1.252     2.737
10 3 7 -0.404 1.809     3.006
10 4 7 -0.810 1.121     3.357
10 5 7 0.549 0.840     3.040
10 6 7 0.706 0.809     3.000
10 7 7 0.721 0.309     3.223
10 8 7 1.419 0.611     2.895
10 9 7 0.763 0.267     3.410
10 10 7 -0.138 0.767     2.879
10 1 8 0.133 0.559     1.643
10 2 8 -0.159 1.090     2.618
10 3 8 -0.836 1.991     2.919
10 4 8 -0.888 1.965     3.133
10 5 8 0.008 1.548     2.917
10 6 8 -0.086 0.601     3.468
10 7 8 0.336 0.215     3.705
10 8 8 1.091 0.116     3.520
10 9 8 0.429 0.345     3.415
10 10 8 -0.383 0.679     2.777
10 1 9 -0.477 0.559     0.440
10 2 9 -0.216 0.825     1.311
10 3 9 -0.373 1.559     1.634
10 4 9 -0.888 1.616     1.843
10 5 9 -0.800 0.658     1.826
10 6 9 -0.675 0.106     2.080
10 7 9 0.133 0.142     2.421
10 8 9 0.706 0.335     2.374
10 9 9 -0.128 0.559     1.931
10 10 9 -0.925 0.585     1.476
11 1 1 0.232 1.652     0.700
11 2 1 1.065 1.527     1.775
11 3 1 1.492 1.115     2.348
11 4 1 2.039 1.235     2.104
11 5 1 2.502 1.678     1.609
11 6 1 2.648 1.006     1.719
11 7 1 3.690 -0.145     1.424
11 8 1 4.206 0.391     1.212
11 9 1 4.034 0.298     1.222
11 10 1 3.502 0.115     1.348
11 1 2 0.440 1.563     0.856
11 2 2 1.242 1.444     2.285
11 3 2 1.888 1.194     2.282
11 4 2 2.049 1.032     2.270
11 5 2 2.107 1.011     2.622
11 6 2 2.320 0.990     2.303
11 7 2 3.706 0.360     1.638
11 8 2 4.633 0.423     1.310
11 9 2 3.898 1.464     1.482
11 10 2 3.289 1.371     1.549
11 1 3 0.893 1.397     0.808
11 2 3 1.794 1.209     1.878
11 3 3 2.268 1.157     2.055
11 4 3 2.190 0.782     2.417
11 5 3 2.107 0.772     2.656
11 6 3 2.127 1.501     2.469
11 7 3 3.112 1.131     2.163
11 8 3 4.617 0.855     1.465
11 9 3 3.695 2.157     1.734
11 10 3 2.331 2.334     1.914
11 1 4 1.091 1.459     0.883
11 2 4 1.778 1.121     2.236
11 3 4 2.185 1.235     2.236
11 4 4 2.055 1.048     2.646
11 5 4 2.331 1.016     2.561
11 6 4 2.237 1.704     2.391
11 7 4 2.758 2.141     2.415
11 8 4 4.539 1.641     1.646
11 9 4 3.372 2.324     2.150
11 10 4 1.357 2.793     2.348
11 1 5 1.320 1.350     0.972
11 2 5 1.554 1.225     2.558
11 3 5 1.784 1.610     2.583
11 4 5 1.810 1.563     2.636
11 5 5 2.195 1.069     2.793
11 6 5 2.539 1.803     2.417
11 7 5 2.877 2.756     2.231
11 8 5 4.242 2.313     1.903
11 9 5 3.122 2.350     2.381
11 10 5 0.893 3.006     2.556
11 1 6 1.133 1.147     1.358
11 2 6 1.315 1.386     2.767
11 3 6 1.242 2.131     2.796
11 4 6 1.179 1.829     3.271
11 5 6 2.117 1.423     3.093
11 6 6 2.773 2.334     2.482
11 7 6 2.987 2.808     2.499
11 8 6 3.789 3.178     2.135
11 9 6 2.752 2.652     2.665
11 10 6 0.711 3.225     2.646
11 1 7 1.263 1.136     1.608
11 2 7 1.273 1.647     2.702
11 3 7 0.638 2.485     2.887
11 4 7 0.742 2.355     3.234
11 5 7 2.216 2.391     2.815
11 6 7 2.544 2.600     2.745
11 7 7 2.924 2.813     2.878
11 8 7 3.388 3.433     2.365
11 9 7 1.825 3.022     3.147
11 10 7 0.581 3.444     2.667
11 1 8 1.466 0.964     1.575
11 2 8 1.299 1.641     2.592
11 3 8 0.679 2.761     2.776
11 4 8 1.028 2.917     2.931
11 5 8 1.966 2.605     2.719
11 6 8 2.081 2.329     3.243
11 7 8 2.742 2.871     3.199
11 8 8 2.825 3.235     2.967
11 9 8 1.346 3.490     3.114
11 10 8 0.336 3.688     2.551
11 1 9 1.159 0.720     0.433
11 2 9 1.403 1.240     1.364
11 3 9 1.216 2.313     1.627
11 4 9 1.310 2.277     1.814
11 5 9 1.862 1.626     1.810
11 6 9 2.206 2.105     1.998
11 7 9 2.716 2.876     2.109
11 8 9 2.185 3.501     2.056
11 9 9 0.622 3.886     1.753
11 10 9 -0.216 3.964     1.384
12 1 1 1.721 -0.630     0.669
12 2 1 2.169 -0.145     1.815
12 3 1 2.398 -0.057     2.307
12 4 1 2.820 0.126     2.033
12 5 1 3.127 1.287     1.567
12 6 1 3.309 0.834     1.657
12 7 1 4.221 -0.234     1.339
12 8 1 4.544 0.485     1.126
12 9 1 4.705 0.480     1.127
12 10 1 4.356 0.402     1.257
12 1 2 1.929 -0.463     0.811
12 2 2 2.336 0.027     2.221
12 3 2 2.835 0.048     2.198
12 4 2 3.106 -0.166     2.154
12 5 2 3.117 0.079     2.404
12 6 2 3.117 0.391     2.199
12 7 2 4.299 -0.124     1.503
12 8 2 4.804 0.287     1.198
12 9 2 4.179 1.605     1.367
12 10 2 3.862 1.725     1.439
12 1 3 2.424 -0.176     0.747
12 2 3 2.934 0.131     1.856
12 3 3 3.221 0.272     1.952
12 4 3 3.216 -0.182     2.289
12 5 3 3.174 -0.380     2.515
12 6 3 2.997 0.527     2.368
12 7 3 3.830 0.209     1.996
12 8 3 4.966 0.120     1.310
12 9 3 3.809 1.876     1.604
12 10 3 2.554 2.469     1.812
12 1 4 2.492 0.173     0.813
12 2 4 2.856 0.292     2.101
12 3 4 2.997 0.631     2.127
12 4 4 2.846 0.339     2.539
12 5 4 3.242 0.131     2.425
12 6 4 3.002 0.870     2.286
12 7 4 3.440 1.188     2.244
12 8 4 5.210 0.532     1.441
12 9 4 3.773 1.506     1.967
12 10 4 1.388 2.574     2.266
12 1 5 2.487 0.042     0.888
12 2 5 2.434 0.459     2.498
12 3 5 2.450 1.053     2.506
12 4 5 2.502 1.068     2.555
12 5 5 3.080 0.574     2.642
12 6 5 3.289 1.173     2.271
12 7 5 3.419 2.126     2.048
12 8 5 5.117 1.350     1.654
12 9 5 3.950 1.423     2.000
12 10 5 0.981 2.626     2.472
12 1 6 2.153 -0.374     1.260
12 2 6 2.174 0.292     2.737
12 3 6 1.908 1.303     2.765
12 4 6 1.981 1.219     3.203
12 5 6 3.044 0.740     2.915
12 6 6 3.570 1.454     2.282
12 7 6 3.606 2.141     2.262
12 8 6 4.700 2.480     1.842
12 9 6 3.763 1.954     2.404
12 10 6 0.757 2.912     2.538
12 1 7 2.039 -0.249     1.513
12 2 7 2.174 0.245     2.690
12 3 7 1.440 1.136     2.912
12 4 7 1.643 1.016     3.229
12 5 7 3.257 1.001     2.629
12 6 7 3.617 1.199     2.521
12 7 7 3.898 1.579     2.587
12 8 7 4.362 2.652     1.847
12 9 7 2.700 2.532     2.900
12 10 7 0.502 3.339     2.511
12 1 8 1.966 -0.478     1.482
12 2 8 2.013 -0.046     2.599
12 3 8 1.414 1.068     2.802
12 4 8 2.096 1.115     2.880
12 5 8 3.460 0.938     2.525
12 6 8 3.617 0.740     2.982
12 7 8 4.059 1.214     2.728
12 8 8 3.851 2.016     2.447
12 9 8 1.737 2.975     2.903
12 10 8 -0.138 3.787     2.356
12 1 9 1.539 -0.989     0.363
12 2 9 2.112 -0.843     1.371
12 3 9 1.898 0.417     1.654
12 4 9 2.539 0.594     1.770
12 5 9 3.622 0.162     1.681
12 6 9 3.835 0.725     1.827
12 7 9 4.080 1.287     1.754
12 8 9 3.096 2.058     1.793
12 9 9 0.591 3.292     1.627
12 10 9 -1.024 4.214     1.255
13 1 1 2.054 -1.613     0.657
13 2 1 1.908 -0.572     1.887
13 3 1 1.595 -0.358     2.373
13 4 1 2.189 -0.139     2.049
13 5 1 2.585 0.949     1.595
13 6 1 2.330 0.736     1.678
13 7 1 3.080 -0.452     1.350
13 8 1 3.403 0.189     1.136
13 9 1 3.496 0.106     1.136
13 10 1 3.470 -0.197     1.260
13 1 2 2.038 -1.405     0.794
13 2 2 1.866 -0.207     2.225
13 3 2 2.064 0.074     2.223
13 4 2 2.179 0.079     2.173
13 5 2 2.090 0.043     2.360
13 6 2 1.903 0.314     2.252
13 7 2 2.788 -0.384     1.520
13 8 2 3.299 -0.056     1.209
13 9 2 2.809 0.991     1.390
13 10 2 2.898 0.918     1.447
13 1 3 2.413 -1.129     0.727
13 2 3 2.429 -0.103     1.894
13 3 3 2.549 0.455     1.939
13 4 3 2.142 0.210     2.319
13 5 3 1.715 -0.171     2.581
13 6 3 1.502 0.600     2.450
13 7 3 1.908 0.027     2.061
13 8 3 2.856 -0.269     1.336
13 9 3 2.241 1.090     1.640
13 10 3 1.772 1.481     1.852
13 1 4 2.262 -0.671     0.802
13 2 4 2.231 -0.051     2.067
13 3 4 2.351 0.699     2.117
13 4 4 1.757 0.647     2.588
13 5 4 1.726 0.309     2.494
13 6 4 1.460 0.856     2.363
13 7 4 1.273 0.850     2.344
13 8 4 2.470 -0.165     1.486
13 9 4 1.897 0.553     2.034
13 10 4 0.887 1.439     2.343
13 1 5 2.075 -0.769     0.871
13 2 5 1.731 0.022     2.559
13 3 5 1.793 0.965     2.531
13 4 5 1.392 1.074     2.617
13 5 5 1.418 0.288     2.736
13 6 5 1.470 0.564     2.358
13 7 5 1.095 1.173     2.139
13 8 5 2.049 0.074     1.724
13 9 5 1.772 0.152     2.005
13 10 5 0.543 1.251     2.582
13 1 6 1.465 -0.936     1.237
13 2 6 1.523 -0.139     2.818
13 3 6 1.418 1.027     2.823
13 4 6 0.861 0.710     3.340
13 5 6 0.981 -0.264     3.064
13 6 6 1.205 0.137     2.417
13 7 6 0.929 0.434     2.414
13 8 6 1.627 0.428     1.934
13 9 6 1.684 0.147     2.499
13 10 6 0.507 1.147     2.662
13 1 7 1.252 -0.624     1.523
13 2 7 1.700 -0.228     2.755
13 3 7 1.075 0.501     3.036
13 4 7 0.273 -0.040     3.496
13 5 7 0.903 -0.394     2.781
13 6 7 0.897 -0.280     2.684
13 7 7 0.783 -0.467     2.749
13 8 7 1.361 0.178     1.907
13 9 7 1.090 0.277     3.046
13 10 7 0.418 1.194     2.638
13 1 8 1.272 -1.066     1.472
13 2 8 1.460 -0.796     2.672
13 3 8 0.549 0.033     3.016
13 4 8 0.127 0.059     3.147
13 5 8 0.804 -0.098     2.700
13 6 8 0.668 -0.566     3.151
13 7 8 0.736 -0.796     2.846
13 8 8 1.163 -0.342     2.519
13 9 8 0.705 0.517     3.078
13 10 8 0.033 1.283     2.478
13 1 9 1.007 -1.556     0.297
13 2 9 1.408 -1.535     1.367
13 3 9 0.700 -0.499     1.734
13 4 9 0.127 -0.056     1.918
13 5 9 0.325 -0.592     1.775
13 6 9 0.299 -0.874     1.900
13 7 9 0.746 -0.863     1.777
13 8 9 0.986 -0.217     1.842
13 9 9 0.210 0.767     1.715
13 10 9 -0.602 1.418     1.300
14 1 1 0.769 1.085     0.699
14 2 1 1.071 1.096     1.830
14 3 1 1.050 0.512     2.349
14 4 1 1.696 0.523     2.007
14 5 1 2.149 1.340     1.477
14 6 1 1.993 0.679     1.647
14 7 1 2.894 -0.738     1.267
14 8 1 3.243 -0.055     1.115
14 9 1 3.201 -0.154     1.107
14 10 1 3.092 -0.467     1.182
14 1 2 0.774 1.148     0.847
14 2 2 1.019 1.096     3.100
14 3 2 1.457 0.705     2.187
14 4 2 1.644 0.361     2.170
14 5 2 1.670 0.153     3.301
14 6 2 1.603 0.205     2.206
14 7 2 2.675 -0.587     1.476
14 8 2 3.311 -0.279     1.179
14 9 2 2.545 0.846     1.349
14 10 2 2.384 0.726     1.412
14 1 3 1.196 1.122     0.777
14 2 3 1.670 0.851     1.808
14 3 3 1.998 0.788     1.877
14 4 3 1.748 0.122     2.248
14 5 3 1.509 -0.295     2.468
14 6 3 1.337 0.465     2.374
14 7 3 1.847 -0.087     2.007
14 8 3 2.905 -0.352     1.302
14 9 3 1.941 1.049     1.564
14 10 3 1.082 1.346     1.803
14 1 4 1.139 1.236     0.839
14 2 4 1.623 0.762     2.940
14 3 4 1.983 0.934     2.038
14 4 4 1.566 0.465     2.480
14 5 4 1.702 0.132     2.357
14 6 4 1.405 0.788     2.277
14 7 4 1.290 0.892     2.253
14 8 4 2.556 0.049     1.436
14 9 4 1.556 0.674     1.958
14 10 4 0.035 1.377     2.263
14 1 5 1.149 0.950     0.938
14 2 5 1.337 0.861     2.457
14 3 5 1.566 1.325     2.376
14 4 5 1.358 1.153     2.461
14 5 5 1.566 0.361     2.598
14 6 5 1.524 0.773     2.236
14 7 5 1.129 1.471     2.025
14 8 5 2.181 0.517     1.617
14 9 5 1.451 0.403     2.911
14 10 5 -0.319 1.247     2.479
14 1 6 0.780 0.590     1.659
14 2 6 1.144 0.898     2.728
14 3 6 1.061 1.752     2.602
14 4 6 0.780 1.247     3.132
14 5 6 1.285 0.293     2.916
14 6 6 1.420 0.793     2.281
14 7 6 1.056 1.028     2.275
14 8 6 1.764 0.976     1.783
14 9 6 1.358 0.455     2.345
14 10 6 -0.293 1.226     2.521
14 1 7 0.754 0.648     1.549
14 2 7 1.009 1.038     2.608
14 3 7 0.410 1.741     2.822
14 4 7 0.118 1.070     3.314
14 5 7 1.165 0.606     2.661
14 6 7 1.123 0.585     2.539
14 7 7 1.030 0.330     2.604
14 8 7 1.488 0.731     2.813
14 9 7 0.649 0.580     2.850
14 10 7 -0.304 1.247     2.494
14 1 8 0.988 0.377     1.499
14 2 8 0.873 0.752     2.608
14 3 8 0.139 1.596     2.828
14 4 8 0.181 1.267     2.977
14 5 8 0.962 0.778     2.569
14 6 8 0.738 0.210     3.001
14 7 8 0.889 0.080     3.344
14 8 8 1.181 0.179     3.736
14 9 8 0.254 0.736     2.905
14 10 8 -0.569 1.299     2.333
14 1 9 0.754 0.080     0.488
14 2 9 0.993 0.137     1.495
14 3 9 0.483 0.950     1.798
14 4 9 0.264 0.767     1.985
14 5 9 0.597 -0.019     1.847
14 6 9 0.509 -0.097     1.951
14 7 9 0.743 0.012     2.656
14 8 9 0.696 0.247     2.806
14 9 9 -0.356 0.861     1.964
14 10 9 -1.095 1.330     1.348
15 1 1 0.810 0.821     0.664
15 2 1 1.024 0.571     1.866
15 3 1 0.899 0.186     2.380
15 4 1 1.675 0.379     1.975
15 5 1 2.201 1.175     1.422
15 6 1 1.967 0.686     1.610
15 7 1 3.039 -0.793     1.185
15 8 1 3.555 -0.059     1.021
15 9 1 3.748 -0.090     1.004
15 10 1 3.940 -0.434     1.065
15 1 2 0.894 1.045     0.810
15 2 2 1.034 0.800     3.113
15 3 2 1.368 0.530     2.182
15 4 2 1.628 0.321     2.155
15 5 2 1.737 0.071     3.224
15 6 2 1.576 0.186     2.203
15 7 2 2.789 -0.741     1.400
15 8 2 3.701 -0.398     1.077
15 9 2 3.102 0.858     1.264
15 10 2 3.118 0.754     1.324
15 1 3 1.388 1.087     0.726
15 2 3 1.784 0.707     1.799
15 3 3 1.972 0.691     1.830
15 4 3 1.685 0.134     2.239
15 5 3 1.534 -0.267     2.459
15 6 3 1.284 0.550     2.392
15 7 3 1.883 -0.174     1.984
15 8 3 3.331 -0.470     1.201
15 9 3 2.529 1.009     1.495
15 10 3 1.581 1.321     1.768
15 1 4 1.373 1.181     0.784
15 2 4 1.753 0.665     2.877
15 3 4 1.940 0.879     1.982
15 4 4 1.446 0.498     2.472
15 5 4 1.649 0.186     2.343
15 6 4 1.336 0.920     2.271
15 7 4 1.258 1.019     2.249
15 8 4 2.982 0.040     1.353
15 9 4 2.123 0.608     1.908
15 10 4 0.388 1.290     2.292
15 1 5 1.414 0.826     0.880
15 2 5 1.394 0.743     2.443
15 3 5 1.440 1.274     2.320
15 4 5 1.128 1.149     2.448
15 5 5 1.394 0.316     2.607
15 6 5 1.493 0.853     2.217
15 7 5 1.190 1.764     1.972
15 8 5 2.524 0.582     1.554
15 9 5 1.940 0.295     2.848
15 10 5 0.065 1.056     2.536
15 1 6 0.904 0.415     1.628
15 2 6 1.060 0.748     2.743
15 3 6 0.737 1.639     2.564
15 4 6 0.362 1.097     3.166
15 5 6 1.144 0.207     2.954
15 6 6 1.555 0.863     2.260
15 7 6 1.211 1.217     2.256
15 8 6 1.998 1.087     1.737
15 9 6 1.800 0.306     2.323
15 10 6 0.138 0.905     2.593
15 1 7 0.680 0.556     1.527
15 2 7 0.748 0.931     2.637
15 3 7 -0.080 1.629     2.793
15 4 7 -0.310 1.050     3.358
15 5 7 1.138 0.785     2.671
15 6 7 1.289 0.800     2.535
15 7 7 1.185 0.420     2.631
15 8 7 1.706 0.722     2.768
15 9 7 1.019 0.342     2.905
15 10 7 0.180 0.941     2.555
15 1 8 0.743 0.342     1.484
15 2 8 0.503 0.727     2.686
15 3 8 -0.289 1.649     2.793
15 4 8 -0.065 1.582     2.959
15 5 8 0.982 1.233     2.551
15 6 8 0.805 0.550     3.070
15 7 8 0.993 0.181     3.408
15 8 8 1.446 0.071     3.714
15 9 8 0.696 0.483     2.991
15 10 8 -0.065 1.040     2.391
15 1 9 0.383 0.118     0.482
15 2 9 0.633 0.181     1.582
15 3 9 0.237 1.066     1.849
15 4 9 0.071 1.118     2.033
15 5 9 0.472 0.368     1.949
15 6 9 0.461 0.201     2.058
15 7 9 0.868 0.134     2.737
15 8 9 1.045 0.222     2.859
15 9 9 0.144 0.670     2.056
15 10 9 -0.664 1.040     1.394
16 1 1 2.023 -1.451     0.654
16 2 1 2.007 -0.909     1.920
16 3 1 1.804 -0.644     2.414
16 4 1 2.492 -0.248     1.968
16 5 1 2.773 0.981     1.451
16 6 1 2.367 0.820     1.625
16 7 1 3.455 -0.654     1.188
16 8 1 3.893 0.226     1.035
16 9 1 4.075 0.169     1.011
16 10 1 4.169 -0.144     1.058
16 1 2 2.080 -1.144     0.794
16 2 2 1.950 -0.410     3.112
16 3 2 2.278 -0.144     2.184
16 4 2 2.611 -0.238     2.141
16 5 2 2.486 -0.295     3.123
16 6 2 2.002 0.189     2.251
16 7 2 3.210 -0.753     1.400
16 8 2 4.033 -0.321     1.073
16 9 2 3.278 1.158     1.266
16 10 2 3.273 1.091     1.329
16 1 3 2.554 -0.847     0.705
16 2 3 2.664 -0.180     1.817
16 3 3 2.783 0.314     1.806
16 4 3 2.539 -0.206     2.223
16 5 3 2.273 -0.722     2.449
16 6 3 1.768 0.382     2.463
16 7 3 2.273 -0.394     2.020
16 8 3 3.684 -0.691     1.198
16 9 3 2.596 1.137     1.520
16 10 3 1.596 1.710     1.818
16 1 4 2.533 -0.472     0.762
16 2 4 2.523 0.002     2.817
16 3 4 2.518 0.637     1.973
16 4 4 1.992 0.304     2.504
16 5 4 2.309 -0.160     2.355
16 6 4 1.835 0.700     2.332
16 7 4 1.591 0.778     2.333
16 8 4 3.356 -0.347     1.356
16 9 4 2.205 0.533     1.958
16 10 4 0.309 1.601     2.385
16 1 5 2.388 -0.758     0.846
16 2 5 1.940 0.117     2.476
16 3 5 1.809 1.018     2.357
16 4 5 1.528 0.955     2.514
16 5 5 2.033 0.044     2.648
16 6 5 2.039 0.585     2.254
16 7 5 1.460 1.585     2.019
16 8 5 2.908 0.236     1.569
16 9 5 2.174 0.085     2.859
16 10 5 -0.019 1.283     2.660
16 1 6 1.643 -1.034     1.576
16 2 6 1.502 -0.081     2.832
16 3 6 1.044 1.153     2.658
16 4 6 0.794 0.653     3.328
16 5 6 1.747 -0.279     3.003
16 6 6 2.023 0.387     2.311
16 7 6 1.440 0.929     2.346
16 8 6 2.304 0.742     1.781
16 9 6 2.075 0.064     2.373
16 10 6 0.101 1.059     2.755
16 1 7 1.174 -0.607     1.542
16 2 7 1.387 -0.102     2.748
16 3 7 0.450 0.695     2.976
16 4 7 0.231 0.111     3.634
16 5 7 1.747 -0.144     2.737
16 6 7 1.731 -0.003     2.608
16 7 7 1.460 -0.191     2.736
16 8 7 2.007 0.288     2.809
16 9 7 1.216 0.127     3.039
16 10 7 0.085 0.997     2.721
16 1 8 1.018 -0.977     1.493
16 2 8 1.080 -0.571     2.820
16 3 8 0.216 0.492     3.017
16 4 8 0.455 0.471     3.171
16 5 8 1.596 0.117     2.636
16 6 8 1.221 -0.357     3.192
16 7 8 1.325 -0.529     3.501
16 8 8 1.721 -0.436     3.718
16 9 8 0.731 0.210     3.197
16 10 8 -0.316 0.986     2.558
16 1 9 0.596 -1.409     0.435
16 2 9 1.153 -1.357     1.612
16 3 9 0.658 -0.107     1.967
16 4 9 0.507 0.221     2.166
16 5 9 1.039 -0.623     2.020
16 6 9 0.809 -0.592     2.152
16 7 9 1.127 -0.467     2.799
16 8 9 1.216 -0.253     2.903
16 9 9 0.002 0.356     2.216
16 10 9 -1.029 0.960     1.467
17 1 1 2.672 -2.162     0.646
17 2 1 2.693 -0.901     1.973
17 3 1 2.495 -0.594     2.431
17 4 1 3.000 -0.224     1.977
17 5 1 3.219 1.609     1.491
17 6 1 3.062 1.281     1.631
17 7 1 4.120 -0.297     1.189
17 8 1 4.547 0.594     1.062
17 9 1 4.635 0.635     1.041
17 10 1 4.318 0.526     1.105
17 1 2 2.781 -1.907     0.772
17 2 2 2.682 -0.511     3.026
17 3 2 2.963 -0.209     2.176
17 4 2 3.068 -0.282     2.137
17 5 2 2.818 0.015     3.005
17 6 2 2.609 0.474     2.267
17 7 2 3.974 -0.464     1.382
17 8 2 4.635 -0.047     1.094
17 9 2 3.849 1.578     1.285
17 10 2 3.750 1.760     1.343
17 1 3 3.401 -1.636     0.679
17 2 3 3.401 -0.313     1.835
17 3 3 3.385 0.239     1.793
17 4 3 2.969 -0.203     2.230
17 5 3 2.646 -0.604     2.461
17 6 3 2.344 0.547     2.523
17 7 3 2.989 -0.287     2.041
17 8 3 4.146 -0.745     1.228
17 9 3 2.927 1.380     1.572
17 10 3 1.927 2.245     1.863
17 1 4 3.411 -1.162     0.735
17 2 4 3.151 -0.130     2.699
17 3 4 2.969 0.656     1.982
17 4 4 2.385 0.375     2.537
17 5 4 2.672 -0.068     2.376
17 6 4 2.271 0.802     2.397
17 7 4 2.146 0.666     2.422
17 8 4 3.703 -0.688     1.390
17 9 4 2.224 0.422     2.067
17 10 4 0.177 1.859     2.511
17 1 5 3.167 -1.313     0.807
17 2 5 2.380 -0.052     2.507
17 3 5 2.167 1.047     2.404
17 4 5 1.953 1.088     2.583
17 5 5 2.437 0.083     2.695
17 6 5 2.375 0.604     2.321
17 7 5 1.833 1.437     2.112
17 8 5 3.130 -0.115     1.627
17 9 5 1.932 -0.209     2.962
17 10 5 -0.531 1.307     2.834
17 1 6 2.271 -1.469     1.482
17 2 6 1.875 -0.349     2.929
17 3 6 1.432 1.057     2.782
17 4 6 1.318 0.640     3.469
17 5 6 2.177 -0.521     3.052
17 6 6 2.276 0.187     2.391
17 7 6 1.526 0.771     2.486
17 8 6 2.203 0.500     1.896
17 9 6 1.573 -0.214     2.532
17 10 6 -0.604 1.021     2.967
17 1 7 1.693 -0.875     1.536
17 2 7 1.672 -0.391     2.876
17 3 7 0.750 0.401     3.222
17 4 7 0.635 -0.344     3.898
17 5 7 2.109 -0.813     2.793
17 6 7 1.859 -0.568     2.718
17 7 7 1.224 -0.573     2.917
17 8 7 1.437 0.036     2.982
17 9 7 0.453 -0.094     3.348
17 10 7 -0.688 0.953     2.935
17 1 8 1.359 -1.375     1.497
17 2 8 1.208 -0.959     2.968
17 3 8 0.302 0.094     3.343
17 4 8 0.672 -0.240     3.436
17 5 8 1.844 -0.740     2.737
17 6 8 1.193 -1.172     3.319
17 7 8 0.828 -1.209     3.650
17 8 8 0.854 -0.844     3.876
17 9 8 -0.214 0.031     3.549
17 10 8 -1.052 1.000     2.735
17 1 9 0.849 -2.047     0.369
17 2 9 1.297 -1.808     1.632
17 3 9 0.693 -0.417     2.103
17 4 9 0.599 -0.323     2.317
17 5 9 1.109 -1.375     2.065
17 6 9 0.542 -1.427     2.212
17 7 9 0.432 -1.250     2.879
17 8 9 0.323 -0.745     3.033
17 9 9 -0.787 0.245     2.360
17 10 9 -1.651 1.146     1.520
18 1 1 1.906 -0.675     0.608
18 2 1 2.121 0.339     1.995
18 3 1 2.094 0.638     2.429
18 4 1 2.663 0.964     1.928
18 5 1 3.260 2.492     1.396
18 6 1 3.330 1.964     1.520
18 7 1 4.163 0.492     1.122
18 8 1 4.614 1.145     0.988
18 9 1 4.962 1.061     0.954
18 10 1 5.010 0.811     0.996
18 1 2 1.885 -0.230     0.765
18 2 2 2.094 0.749     2.952
18 3 2 2.455 0.915     2.163
18 4 2 2.649 0.853     2.111
18 5 2 2.739 1.110     2.796
18 6 2 2.948 1.332     2.177
18 7 2 4.309 0.408     1.305
18 8 2 4.885 0.561     1.034
18 9 2 4.364 2.124     1.187
18 10 2 4.420 2.221     1.231
18 1 3 2.281 0.096     0.663
18 2 3 2.594 0.943     1.842
18 3 3 2.642 1.207     1.779
18 4 3 2.448 0.846     2.225
18 5 3 2.482 0.554     2.441
18 6 3 2.607 1.367     2.447
18 7 3 3.517 0.568     1.947
18 8 3 4.788 0.027     1.148
18 9 3 3.739 2.117     1.471
18 10 3 2.719 2.936     1.747
18 1 4 2.121 0.277     0.720
18 2 4 2.205 0.936     2.632
18 3 4 2.219 1.409     1.979
18 4 4 1.989 1.138     2.541
18 5 4 2.469 0.790     2.352
18 6 4 2.357 1.443     2.353
18 7 4 2.753 1.415     2.339
18 8 4 4.663 0.124     1.290
18 9 4 3.239 1.228     1.976
18 10 4 0.913 2.652     2.449
18 1 5 1.698 0.020     0.804
18 2 5 1.489 0.874     2.583
18 3 5 1.531 1.693     2.414
18 4 5 1.580 1.582     2.585
18 5 5 2.232 0.721     2.683
18 6 5 2.545 1.256     2.280
18 7 5 2.566 2.124     2.035
18 8 5 4.232 0.770     1.527
18 9 5 2.941 0.693     2.852
18 10 5 -0.066 2.186     2.842
18 1 6 1.017 -0.057     1.505
18 2 6 1.114 0.770     3.030
18 3 6 0.934 1.943     2.784
18 4 6 0.962 1.443     3.502
18 5 6 2.121 0.395     3.037
18 6 6 2.739 1.284     2.325
18 7 6 2.545 1.846     2.393
18 8 6 3.434 1.818     1.784
18 9 6 2.337 0.964     2.516
18 10 6 -0.525 1.999     2.986
18 1 7 0.753 0.367     1.565
18 2 7 0.962 0.978     2.980
18 3 7 0.253 1.818     3.252
18 4 7 0.364 1.165     4.017
18 5 7 2.198 0.596     2.788
18 6 7 2.371 0.909     2.678
18 7 7 2.295 1.047     2.864
18 8 7 2.698 1.756     2.836
18 9 7 0.927 1.332     3.417
18 10 7 -0.809 1.992     2.941
18 1 8 0.684 0.089     1.547
18 2 8 0.739 0.603     3.138
18 3 8 0.184 1.672     3.398
18 4 8 0.705 1.367     3.512
18 5 8 2.010 0.686     2.753
18 6 8 1.649 0.235     3.381
18 7 8 1.684 0.408     3.685
18 8 8 1.753 0.804     3.787
18 9 8 0.066 1.547     3.627
18 10 8 -1.115 2.138     2.725
18 1 9 0.239 -0.210     0.379
18 2 9 0.941 -0.085     1.767
18 3 9 0.906 0.874     2.193
18 4 9 1.093 0.631     2.406
18 5 9 1.621 -0.355     2.129
18 6 9 1.219 -0.286     2.323
18 7 9 1.212 0.013     2.980
18 8 9 0.809 0.547     3.130
18 9 9 -0.781 1.665     2.400
18 10 9 -1.636 2.353     1.519
19 1 1 0.253 1.321     0.564
19 2 1 0.810 2.050     1.966
19 3 1 1.440 1.909     2.377
19 4 1 2.346 1.904     1.829
19 5 1 3.008 2.342     1.291
19 6 1 3.336 1.607     1.387
19 7 1 4.143 0.383     1.011
19 8 1 4.414 0.936     0.863
19 9 1 4.534 0.941     0.830
19 10 1 4.414 0.795     0.869
19 1 2 0.477 1.128     0.817
19 2 2 1.206 1.790     2.902
19 3 2 1.987 1.706     2.175
19 4 2 2.388 1.503     2.100
19 5 2 2.581 1.503     2.606
19 6 2 3.029 1.472     2.090
19 7 2 4.404 0.665     1.246
19 8 2 4.836 0.842     0.974
19 9 2 4.180 2.170     1.111
19 10 2 4.024 2.243     1.157
19 1 3 1.039 0.956     0.709
19 2 3 1.971 1.373     1.894
19 3 3 2.550 1.446     1.779
19 4 3 2.565 0.977     2.200
19 5 3 2.596 0.904     2.396
19 6 3 2.826 1.654     2.342
19 7 3 3.945 0.982     1.832
19 8 3 5.086 0.592     1.056
19 9 3 3.883 2.472     1.358
19 10 3 2.669 3.149     1.627
19 1 4 1.201 0.863     0.763
19 2 4 2.107 1.123     2.583
19 3 4 2.643 1.326     1.948
19 4 4 2.612 0.915     2.486
19 5 4 2.940 0.842     2.280
19 6 4 2.831 1.618     2.257
19 7 4 3.471 1.748     2.180
19 8 4 5.294 0.696     1.167
19 9 4 3.753 1.909     1.844
19 10 4 1.284 3.201     2.331
19 1 5 1.362 0.659     0.841
19 2 5 1.951 1.123     2.602
19 3 5 2.419 1.514     2.363
19 4 5 2.607 1.258     2.519
19 5 5 3.112 0.758     2.568
19 6 5 3.185 1.550     2.165
19 7 5 3.289 2.451     1.890
19 8 5 4.987 1.337     1.379
19 9 5 3.701 1.561     2.647
19 10 5 0.544 3.029     2.735
19 1 6 1.461 0.540     1.518
19 2 6 2.039 1.055     3.009
19 3 6 2.050 1.712     2.723
19 4 6 2.206 1.175     3.417
19 5 6 3.201 0.644     2.873
19 6 6 3.513 1.639     2.169
19 7 6 3.289 2.305     2.208
19 8 6 4.274 2.337     1.618
19 9 6 3.284 1.748     2.382
19 10 6 0.201 2.920     2.895
19 1 7 1.784 0.805     1.532
19 2 7 2.211 1.139     2.921
19 3 7 1.513 1.576     3.224
19 4 7 1.716 0.936     3.992
19 5 7 3.336 0.769     2.630
19 6 7 3.362 1.149     2.530
19 7 7 3.216 1.441     2.698
19 8 7 3.570 2.295     2.577
19 9 7 1.982 2.071     3.298
19 10 7 -0.049 2.972     2.854
19 1 8 2.112 0.545     1.494
19 2 8 2.102 0.873     3.107
19 3 8 1.352 1.696     3.372
19 4 8 2.039 1.368     3.432
19 5 8 3.357 0.811     2.601
19 6 8 3.039 0.456     3.237
19 7 8 2.982 0.717     3.514
19 8 8 2.732 1.394     3.430
19 9 8 0.961 2.305     3.558
19 10 8 -0.523 3.227     2.613
19 1 9 1.836 -0.007     0.393
19 2 9 2.206 0.003     1.830
19 3 9 1.872 1.264     2.232
19 4 9 2.524 1.196     2.372
19 5 9 3.367 0.123     2.064
19 6 9 2.899 0.227     2.292
19 7 9 2.581 0.462     2.936
19 8 9 1.737 1.149     3.080
19 9 9 -0.081 2.472     2.419
19 10 9 -1.195 3.592     1.494
20 1 1 0.144 1.736     0.505
20 2 1 0.426 1.902     1.898
20 3 1 0.488 1.293     2.344
20 4 1 1.014 1.105     1.793
20 5 1 1.613 1.298     1.245
20 6 1 1.769 0.772     1.342
20 7 1 2.280 -0.280     0.961
20 8 1 2.301 0.230     0.826
20 9 1 2.233 0.142     0.791
20 10 1 2.316 -0.087     0.825
20 1 2 0.337 1.824     0.808
20 2 2 0.582 1.803     2.782
20 3 2 0.889 1.309     2.191
20 4 2 1.087 1.053     2.146
20 5 2 1.322 0.850     2.550
20 6 2 1.530 0.767     2.105
20 7 2 2.280 0.168     1.250
20 8 2 2.467 0.329     0.981
20 9 2 1.884 1.194     1.119
20 10 2 1.947 1.033     1.166
20 1 3 0.785 1.704     0.704
20 2 3 1.186 1.480     1.920
20 3 3 1.462 1.314     1.767
20 4 3 1.379 0.928     2.224
20 5 3 1.353 0.642     2.434
20 6 3 1.353 1.111     2.351
20 7 3 1.780 0.631     1.851
20 8 3 2.389 0.350     1.062
20 9 3 1.608 1.590     1.343
20 10 3 1.066 1.793     1.619
20 1 4 0.780 1.574     0.761
20 2 4 1.243 1.335     2.498
20 3 4 1.639 1.397     1.909
20 4 4 1.499 1.043     2.478
20 5 4 1.624 0.814     2.283
20 6 4 1.384 1.314     2.248
20 7 4 1.358 1.350     2.185
20 8 4 2.311 0.533     1.173
20 9 4 1.400 1.324     1.838
20 10 4 0.275 2.012     2.299
20 1 5 0.832 1.199     0.841
20 2 5 1.129 1.324     2.581
20 3 5 1.535 1.663     2.314
20 4 5 1.582 1.454     2.475
20 5 5 1.660 0.824     2.566
20 6 5 1.535 1.256     2.148
20 7 5 1.228 1.829     1.859
20 8 5 2.087 0.908     1.374
20 9 5 1.394 1.043     2.642
20 10 5 -0.090 1.970     2.696
20 1 6 0.717 0.887     1.511
20 2 6 1.197 1.256     2.993
20 3 6 1.306 1.928     2.649
20 4 6 1.155 1.345     3.387
20 5 6 1.493 0.564     2.891
20 6 6 1.514 1.220     2.154
20 7 6 1.129 1.522     2.195
20 8 6 1.712 1.496     1.597
20 9 6 1.280 1.085     2.383
20 10 6 -0.199 1.902     2.857
20 1 7 0.973 0.939     1.522
20 2 7 1.322 1.309     2.895
20 3 7 0.686 1.783     3.171
20 4 7 0.405 0.996     4.076
20 5 7 1.358 0.574     2.659
20 6 7 1.243 0.824     2.550
20 7 7 1.035 0.772     2.744
20 8 7 1.353 1.397     2.538
20 9 7 0.488 1.277     3.331
20 10 7 -0.335 1.928     2.818
20 1 8 1.368 0.585     1.494
20 2 8 1.285 0.881     3.116
20 3 8 0.363 1.684     3.339
20 4 8 0.353 1.262     3.468
20 5 8 1.223 0.741     2.626
20 6 8 0.936 0.283     3.320
20 7 8 0.874 0.335     3.611
20 8 8 0.921 0.861     3.388
20 9 8 -0.027 1.574     3.556
20 10 8 -0.642 2.074     2.554
20 1 9 1.197 0.064     0.420
20 2 9 1.462 0.059     1.864
20 3 9 0.858 1.121     2.266
20 4 9 0.582 1.053     2.423
20 5 9 0.915 0.158     2.146
20 6 9 0.707 -0.009     2.395
20 7 9 0.712 0.178     3.060
20 8 9 0.358 0.928     3.117
20 9 9 -0.699 1.850     2.397
20 10 9 -1.147 2.329     1.461
21 1 1 2.189 -0.371     0.570
21 2 1 1.980 0.535     1.829
21 3 1 1.730 0.504     2.255
21 4 1 2.387 0.827     1.715
21 5 1 2.611 2.296     1.184
21 6 1 2.361 1.759     1.328
21 7 1 3.220 0.342     1.016
21 8 1 3.611 0.764     0.893
21 9 1 3.491 0.603     0.881
21 10 1 2.991 0.514     0.924
21 1 2 2.105 -0.262     0.866
21 2 2 1.934 0.738     3.845
21 3 2 2.210 0.863     2.099
21 4 2 2.454 0.702     2.011
21 5 2 2.184 0.926     3.617
21 6 2 2.001 1.316     2.025
21 7 2 3.178 0.770     1.265
21 8 2 3.892 0.827     1.033
21 9 2 3.340 1.837     1.152
21 10 2 3.038 1.796     1.191
21 1 3 2.402 -0.173     0.765
21 2 3 2.470 0.691     1.821
21 3 3 2.605 1.035     1.742
21 4 3 2.340 0.520     2.084
21 5 3 2.111 0.332     2.300
21 6 3 1.970 1.488     2.180
21 7 3 2.699 1.322     1.717
21 8 3 3.897 1.030     1.100
21 9 3 3.074 2.556     1.305
21 10 3 2.210 2.848     1.534
21 1 4 2.079 0.124     0.825
21 2 4 2.204 0.691     3.405
21 3 4 2.355 1.202     1.851
21 4 4 1.991 0.921     2.343
21 5 4 2.267 0.785     2.147
21 6 4 2.116 1.645     2.085
21 7 4 2.366 2.077     1.955
21 8 4 3.902 1.426     1.155
21 9 4 2.736 2.478     1.664
21 10 4 1.059 3.249     2.046
21 1 5 1.793 -0.027     0.930
21 2 5 1.626 0.785     2.502
21 3 5 1.767 1.535     2.174
21 4 5 1.663 1.619     2.303
21 5 5 2.178 1.066     2.333
21 6 5 2.454 1.697     1.979
21 7 5 2.439 2.629     1.701
21 8 5 3.668 1.947     1.289
21 9 5 2.522 2.264     2.236
21 10 5 0.309 3.322     2.355
21 1 6 1.454 -0.204     2.210
21 2 6 1.475 0.634     2.861
21 3 6 1.225 1.853     2.446
21 4 6 1.178 1.723     3.099
21 5 6 2.230 1.072     2.609
21 6 6 2.730 1.957     1.933
21 7 6 2.590 2.624     1.944
21 8 6 3.210 2.842     1.444
21 9 6 2.090 2.473     2.103
21 10 6 -0.207 3.410     2.451
21 1 7 1.392 0.119     1.540
21 2 7 1.637 0.665     2.756
21 3 7 0.819 1.733     2.962
21 4 7 0.887 1.447     3.774
21 5 7 2.637 1.296     2.377
21 6 7 2.746 1.874     2.243
21 7 7 2.506 2.327     2.383
21 8 7 2.595 3.134     2.150
21 9 7 0.881 2.915     2.892
21 10 7 -0.707 3.546     2.395
21 1 8 1.460 -0.689     1.480
21 2 8 1.543 -0.017     2.967
21 3 8 0.829 1.540     3.124
21 4 8 1.522 1.613     3.170
21 5 8 2.908 1.348     2.335
21 6 8 2.491 1.332     2.918
21 7 8 2.053 1.973     3.141
21 8 8 1.553 2.717     4.276
21 9 8 -0.139 3.342     3.019
21 10 8 -1.280 3.744     2.152
21 1 9 1.262 -1.704     0.561
21 2 9 1.908 -1.199     1.846
21 3 9 1.553 0.587     2.252
21 4 9 1.986 1.077     2.310
21 5 9 2.793 0.566     2.005
21 6 9 2.178 0.962     2.255
21 7 9 1.371 1.639     2.806
21 8 9 0.267 2.520     4.075
21 9 9 -1.270 3.572     2.058
21 10 9 -1.962 4.056     1.297
22 1 1 0.929 1.705     0.513
22 2 1 1.257 2.179     1.743
22 3 1 1.122 1.449     2.200
22 4 1 1.637 1.434     1.640
22 5 1 2.372 2.496     1.092
22 6 1 2.356 1.741     1.245
22 7 1 2.893 0.309     0.964
22 8 1 3.169 0.772     0.844
22 9 1 3.315 0.554     0.827
22 10 1 3.184 0.252     0.867
22 1 2 0.986 1.840     0.860
22 2 2 1.221 2.028     3.701
22 3 2 1.356 1.512     2.107
22 4 2 1.304 1.434     2.040
22 5 2 1.596 1.642     3.503
22 6 2 1.903 1.533     1.998
22 7 2 2.768 0.653     1.267
22 8 2 3.075 0.621     1.039
22 9 2 2.606 1.423     1.154
22 10 2 2.575 1.314     1.193
22 1 3 1.382 1.741     0.760
22 2 3 1.815 1.616     1.833
22 3 3 1.825 1.533     1.739
22 4 3 1.278 1.345     2.122
22 5 3 1.242 1.215     2.335
22 6 3 1.523 1.741     2.154
22 7 3 1.815 0.923     1.754
22 8 3 2.413 0.210     1.141
22 9 3 1.841 1.324     1.336
22 10 3 1.351 1.757     1.564
22 1 4 1.294 1.653     0.821
22 2 4 1.690 1.351     3.332
22 3 4 1.872 1.590     1.839
22 4 4 1.294 1.470     2.355
22 5 4 1.320 1.314     2.181
22 6 4 1.169 1.699     2.083
22 7 4 0.867 1.278     2.027
22 8 4 1.877 -0.024     1.223
22 9 4 1.387 0.590     1.736
22 10 4 0.299 1.548     2.113
22 1 5 1.148 1.220     0.932
22 2 5 1.283 1.194     2.506
22 3 5 1.549 1.814     2.129
22 4 5 1.268 1.840     2.278
22 5 5 1.044 1.022     2.397
22 6 5 0.773 1.127     2.051
22 7 5 0.330 1.278     1.783
22 8 5 1.538 0.054     1.369
22 9 5 1.367 0.132     2.315
22 10 5 -0.102 1.283     2.446
22 1 6 0.736 0.767     2.244
22 2 6 1.070 1.090     2.897
22 3 6 1.132 2.054     2.402
22 4 6 0.585 1.564     3.109
22 5 6 0.408 0.304     2.783
22 6 6 0.325 0.585     2.070
22 7 6 0.106 0.554     2.099
22 8 6 1.190 0.606     1.540
22 9 6 1.268 0.252     2.196
22 10 6 -0.227 1.173     2.554
22 1 7 0.679 0.642     1.565
22 2 7 0.976 1.111     2.799
22 3 7 0.330 1.783     2.956
22 4 7 -0.493 0.929     3.874
22 5 7 0.059 0.137     2.591
22 6 7 0.007 0.111     2.454
22 7 7 0.111 -0.196     2.595
22 8 7 0.976 0.512     2.260
22 9 7 0.476 0.439     3.060
22 10 7 -0.404 1.158     2.489
22 1 8 0.736 0.064     1.527
22 2 8 0.632 0.538     3.100
22 3 8 -0.394 1.371     3.172
22 4 8 -0.873 0.960     3.245
22 5 8 -0.238 0.408     2.518
22 6 8 -0.336 -0.222     3.125
22 7 8 -0.008 -0.436     3.355
22 8 8 0.606 -0.009     4.476
22 9 8 -0.071 0.653     3.202
22 10 8 -0.743 1.225     2.234
22 1 9 0.341 -0.311     0.612
22 2 9 0.601 -0.228     1.987
22 3 9 -0.149 0.725     2.399
22 4 9 -0.930 0.673     2.406
22 5 9 -0.790 -0.222     2.146
22 6 9 -0.717 -0.556     2.385
22 7 9 -0.212 -0.462     2.994
22 8 9 0.049 0.168     4.363
22 9 9 -0.701 0.908     2.173
22 10 9 -1.201 1.324     1.379
23 1 1 0.679 1.648     0.460
23 2 1 1.366 1.565     1.740
23 3 1 1.647 0.940     2.174
23 4 1 2.418 0.856     1.573
23 5 1 2.850 1.742     1.055
23 6 1 2.715 1.122     1.190
23 7 1 3.741 -0.362     0.907
23 8 1 4.345 0.335     0.776
23 9 1 4.679 0.361     0.763
23 10 1 4.705 0.210     0.788
23 1 2 1.033 1.445     0.841
23 2 2 1.580 1.377     3.616
23 3 2 2.147 0.986     2.075
23 4 2 2.522 0.528     2.002
23 5 2 2.543 0.393     3.334
23 6 2 2.429 0.533     1.977
23 7 2 3.783 -0.373     1.205
23 8 2 4.673 -0.118     0.974
23 9 2 4.054 1.294     1.094
23 10 2 3.892 1.502     1.132
23 1 3 1.835 1.278     0.727
23 2 3 2.522 1.106     1.833
23 3 3 2.762 0.997     1.682
23 4 3 2.590 0.283     2.078
23 5 3 2.548 -0.217     2.283
23 6 3 2.356 0.612     2.136
23 7 3 3.080 -0.050     1.702
23 8 3 4.444 -0.503     1.079
23 9 3 3.429 1.195     1.288
23 10 3 2.194 2.039     1.545
23 1 4 2.152 1.309     0.773
23 2 4 2.595 1.033     3.150
23 3 4 2.715 1.174     1.771
23 4 4 2.371 0.658     2.317
23 5 4 2.741 0.242     2.114
23 6 4 2.449 0.908     2.060
23 7 4 2.491 1.007     1.991
23 8 4 4.189 -0.081     1.165
23 9 4 3.059 0.664     1.702
23 10 4 0.762 1.856     2.141
23 1 5 2.288 1.013     0.869
23 2 5 2.194 1.112     2.440
23 3 5 2.189 1.591     2.073
23 4 5 2.074 1.445     2.233
23 5 5 2.548 0.601     2.335
23 6 5 2.637 1.039     2.004
23 7 5 2.361 1.945     1.738
23 8 5 3.715 0.789     1.309
23 9 5 2.882 0.575     2.251
23 10 5 0.225 1.632     2.500
23 1 6 1.850 0.554     2.148
23 2 6 1.876 0.945     2.865
23 3 6 1.595 1.888     2.356
23 4 6 1.428 1.513     3.080
23 5 6 2.220 0.580     2.736
23 6 6 2.626 1.221     2.010
23 7 6 2.199 1.804     2.044
23 8 6 2.845 1.684     1.495
23 9 6 2.371 0.945     2.181
23 10 6 0.090 1.596     2.616
23 1 7 1.663 0.591     1.490
23 2 7 1.746 0.877     2.792
23 3 7 0.928 1.643     2.961
23 4 7 0.751 1.132     3.938
23 5 7 2.090 0.736     2.563
23 6 7 2.137 0.976     2.428
23 7 7 1.741 1.002     2.598
23 8 7 2.043 1.533     2.241
23 9 7 1.225 1.210     3.100
23 10 7 -0.035 1.716     2.546
23 1 8 1.611 0.268     1.485
23 2 8 1.486 0.445     3.151
23 3 8 0.663 1.372     3.228
23 4 8 0.913 1.122     3.311
23 5 8 1.908 0.669     2.526
23 6 8 1.366 0.372     3.197
23 7 8 1.053 0.445     3.469
23 8 8 1.257 0.752     4.526
23 9 8 0.455 1.283     3.284
23 10 8 -0.436 1.841     2.273
23 1 9 1.064 -0.149     0.622
23 2 9 1.501 -0.305     2.066
23 3 9 1.106 0.606     2.501
23 4 9 1.158 0.549     2.512
23 5 9 1.517 -0.149     2.227
23 6 9 0.746 0.049     2.554
23 7 9 0.538 0.330     3.179
23 8 9 0.616 0.664     4.506
23 9 9 -0.275 1.304     2.275
23 10 9 -1.035 1.856     1.437
24 1 1 2.459 1.248     0.382
24 2 1 2.595 1.581     1.693
24 3 1 2.595 1.232     2.097
24 4 1 3.178 1.409     1.489
24 5 1 3.694 2.248     1.006
24 6 1 3.777 1.566     1.103
24 7 1 4.579 0.305     0.841
24 8 1 4.850 0.878     0.710
24 9 1 4.871 0.795     0.705
24 10 1 4.475 0.592     0.753
24 1 2 2.428 1.347     0.793
24 2 2 2.564 1.675     3.375
24 3 2 2.986 1.498     2.014
24 4 2 3.131 1.300     1.934
24 5 2 3.163 1.248     3.064
24 6 2 3.449 1.284     1.881
24 7 2 4.803 0.592     1.132
24 8 2 5.314 0.769     0.909
24 9 2 4.673 1.972     1.022
24 10 2 4.444 1.946     1.075
24 1 3 2.730 1.399     0.678
24 2 3 3.111 1.628     1.818
24 3 3 3.236 1.612     1.645
24 4 3 2.986 1.118     2.027
24 5 3 2.975 0.889     2.211
24 6 3 3.152 1.566     2.033
24 7 3 4.303 1.086     1.586
24 8 3 5.626 0.764     0.984
24 9 3 4.496 2.451     1.198
24 10 3 3.298 2.899     1.466
24 1 4 2.501 1.441     0.727
24 2 4 2.746 1.524     2.957
24 3 4 2.793 1.659     1.749
24 4 4 2.600 1.279     2.267
24 5 4 3.058 1.149     2.048
24 6 4 3.022 1.790     1.980
24 7 4 3.788 2.013     1.837
24 8 4 5.782 1.118     1.038
24 9 4 4.340 2.050     1.579
24 10 4 1.960 2.961     2.063
24 1 5 2.116 1.269     0.825
24 2 5 1.996 1.435     2.437
24 3 5 2.012 1.831     2.067
24 4 5 2.204 1.737     2.199
24 5 5 2.944 1.222     2.256
24 6 5 3.282 1.956     1.899
24 7 5 3.611 2.810     1.603
24 8 5 5.470 1.769     1.173
24 9 5 4.282 1.743     2.064
24 10 5 1.251 2.784     2.448
24 1 6 1.512 1.118     2.061
24 2 6 1.522 1.388     2.889
24 3 6 1.324 2.112     2.347
24 4 6 1.626 1.836     3.032
24 5 6 3.006 1.347     2.598
24 6 6 3.579 2.269     1.869
24 7 6 3.569 2.857     1.864
24 8 6 4.824 2.915     1.338
24 9 6 3.850 2.008     2.038
24 10 6 0.762 2.743     2.579
24 1 7 1.298 1.321     1.443
24 2 7 1.319 1.602     2.811
24 3 7 0.762 2.206     2.937
24 4 7 1.308 1.946     3.848
24 5 7 3.178 1.758     2.413
24 6 7 3.345 2.024     2.276
24 7 7 3.449 2.326     2.390
24 8 7 4.053 3.144     1.999
24 9 7 2.433 2.524     2.937
24 10 7 0.282 2.956     2.509
24 1 8 1.314 1.227     1.434
24 2 8 1.204 1.566     3.170
24 3 8 0.814 2.378     3.169
24 4 8 1.710 2.222     3.201
24 5 8 2.991 1.633     2.428
24 6 8 2.824 1.237     3.072
24 7 8 3.090 1.649     3.251
24 8 8 2.986 2.336     4.117
24 9 8 1.178 2.972     3.138
24 10 8 -0.462 3.467     2.199
24 1 9 0.975 1.118     0.612
24 2 9 1.371 1.180     2.158
24 3 9 1.402 1.956     2.521
24 4 9 1.949 1.680     2.513
24 5 9 2.579 0.644     2.247
24 6 9 2.491 0.717     2.557
24 7 9 2.595 1.008     3.112
24 8 9 1.798 1.753     4.289
24 9 9 -0.160 3.086     2.239
24 10 9 -1.452 3.972     1.401
25 1 1 0.985 1.180     0.336
25 2 1 1.537 1.289     1.674
25 3 1 1.646 0.695     2.061
25 4 1 1.886 0.674     1.463
25 5 1 2.245 1.513     0.983
25 6 1 2.417 0.805     1.070
25 7 1 3.183 -0.383     0.806
25 8 1 3.511 0.211     0.667
25 9 1 3.709 0.268     0.657
25 10 1 3.860 0.180     0.692
25 1 2 1.172 1.221     0.765
25 2 2 1.610 1.190     3.235
25 3 2 1.969 0.685     1.989
25 4 2 1.980 0.471     1.931
25 5 2 1.933 0.773     2.932
25 6 2 2.136 0.706     1.861
25 7 2 3.219 -0.133     1.101
25 8 2 3.766 0.055     0.868
25 9 2 3.287 1.143     0.977
25 10 2 3.235 1.247     1.024
25 1 3 1.532 1.200     0.645
25 2 3 2.120 0.872     1.831
25 3 3 2.386 0.659     1.598
25 4 3 2.209 0.216     2.004
25 5 3 2.037 0.216     2.193
25 6 3 1.985 0.846     2.012
25 7 3 2.625 0.164     1.556
25 8 3 3.547 -0.232     0.951
25 9 3 2.766 1.211     1.155
25 10 3 1.912 1.763     1.441
25 1 4 1.480 1.190     0.694
25 2 4 2.006 0.758     2.832
25 3 4 2.334 0.753     1.701
25 4 4 2.146 0.378     2.233
25 5 4 2.266 0.263     2.021
25 6 4 2.000 0.841     1.965
25 7 4 2.021 0.758     1.834
25 8 4 3.188 -0.180     1.018
25 9 4 2.349 0.659     1.564
25 10 4 0.740 1.659     2.086
25 1 5 1.454 1.029     0.783
25 2 5 1.724 0.867     2.396
25 3 5 2.016 1.122     2.021
25 4 5 2.000 0.898     2.169
25 5 5 2.151 0.315     2.230
25 6 5 2.042 0.753     1.891
25 7 5 1.678 1.263     1.608
25 8 5 2.735 0.195     1.157
25 9 5 2.214 0.279     2.039
25 10 5 0.271 1.362     2.503
25 1 6 1.240 0.794     1.991
25 2 6 1.605 0.966     2.861
25 3 6 1.610 1.523     2.310
25 4 6 1.386 0.914     3.041
25 5 6 1.714 0.148     2.610
25 6 6 1.724 0.706     1.883
25 7 6 1.297 0.872     1.897
25 8 6 2.068 0.737     1.341
25 9 6 1.974 0.320     2.034
25 10 6 0.115 1.148     2.660
25 1 7 1.302 0.789     1.388
25 2 7 1.558 1.060     2.797
25 3 7 0.855 1.440     2.947
25 4 7 0.391 0.664     3.995
25 5 7 1.162 0.221     2.487
25 6 7 0.974 0.325     2.356
25 7 7 0.875 0.060     2.487
25 8 7 1.599 0.492     2.028
25 9 7 1.084 0.372     3.014
25 10 7 -0.046 1.055     2.606
25 1 8 1.417 0.503     1.398
25 2 8 1.297 0.742     3.190
25 3 8 0.386 1.414     3.195
25 4 8 0.099 0.987     3.300
25 5 8 0.579 0.388     2.549
25 6 8 0.151 -0.180     3.281
25 7 8 0.391 -0.362     3.412
25 8 8 1.073 -0.190     4.196
25 9 8 0.443 0.362     3.302
25 10 8 -0.442 1.044     2.289
25 1 9 0.943 0.102     0.615
25 2 9 1.198 0.102     2.233
25 3 9 0.714 1.013     2.582
25 4 9 0.235 0.862     2.617
25 5 9 0.073 -0.221     2.422
25 6 9 -0.380 -0.482     2.696
25 7 9 0.073 -0.466     3.282
25 8 9 0.542 -0.175     4.443
25 9 9 -0.208 0.435     2.393
25 10 9 -1.031 0.997     1.477
26 1 1 2.467 -2.563     0.373
26 2 1 2.415 -1.996     1.703
26 3 1 1.878 -1.126     2.141
26 4 1 2.248 -0.381     1.566
26 5 1 2.378 0.952     1.110
26 6 1 2.066 0.692     1.203
26 7 1 3.086 -0.537     0.912
26 8 1 3.368 0.301     0.774
26 9 1 3.253 0.437     0.776
26 10 1 2.998 0.431     0.817
26 1 2 2.670 -2.360     0.752
26 2 2 2.399 -1.392     3.051
26 3 2 2.430 -0.563     2.043
26 4 2 2.503 -0.251     1.997
26 5 2 2.196 -0.183     2.864
26 6 2 1.831 0.171     1.989
26 7 2 2.977 -0.490     1.186
26 8 2 3.612 -0.074     0.941
26 9 2 2.779 1.312     1.068
26 10 2 2.592 1.515     1.115
26 1 3 3.519 -2.115     0.628
26 2 3 3.373 -1.058     1.853
26 3 3 3.066 0.046     1.636
26 4 3 2.498 -0.043     2.065
26 5 3 2.112 -0.391     2.279
26 6 3 1.717 0.447     2.148
26 7 3 2.196 -0.110     1.668
26 8 3 3.331 -0.464     1.032
26 9 3 2.243 1.171     1.275
26 10 3 1.243 1.931     1.553
26 1 4 3.618 -1.636     0.673
26 2 4 3.263 -0.626     2.603
26 3 4 2.805 0.567     1.745
26 4 4 2.024 0.650     2.319
26 5 4 2.159 0.306     2.114
26 6 4 1.737 0.900     2.075
26 7 4 1.451 0.864     1.976
26 8 4 2.956 -0.225     1.112
26 9 4 1.930 0.510     1.721
26 10 4 0.097 1.707     2.225
26 1 5 3.415 -1.615     0.751
26 2 5 2.513 -0.142     2.416
26 3 5 1.961 1.140     2.095
26 4 5 1.482 1.437     2.264
26 5 5 1.842 0.635     2.328
26 6 5 1.753 0.916     2.013
26 7 5 1.118 1.520     1.747
26 8 5 2.409 0.416     1.268
26 9 5 1.826 0.265     2.194
26 10 5 -0.362 1.426     2.666
26 1 6 2.441 -1.485     1.812
26 2 6 1.847 -0.084     2.956
26 3 6 1.071 1.405     2.433
26 4 6 0.670 1.192     3.195
26 5 6 1.404 0.239     2.763
26 6 6 1.597 0.692     2.022
26 7 6 1.003 1.046     2.065
26 8 6 1.810 1.119     1.471
26 9 6 1.545 0.577     2.205
26 10 6 -0.507 1.385     2.813
26 1 7 1.878 -0.569     1.407
26 2 7 1.540 0.129     2.922
26 3 7 0.326 1.004     3.144
26 4 7 0.008 0.338     4.330
26 5 7 1.300 -0.016     2.661
26 6 7 1.253 0.181     2.538
26 7 7 0.961 0.187     2.695
26 8 7 1.373 0.937     2.196
26 9 7 0.467 0.895     3.244
26 10 7 -0.742 1.489     2.738
26 1 8 1.550 -0.777     1.436
26 2 8 1.092 -0.287     3.385
26 3 8 -0.080 0.671     3.453
26 4 8 0.071 0.301     3.622
26 5 8 1.144 -0.095     2.736
26 6 8 0.743 -0.350     3.526
26 7 8 0.696 -0.225     3.666
26 8 8 0.883 0.233     4.436
26 9 8 -0.205 1.093     3.506
26 10 8 -1.054 1.681     2.394
26 1 9 0.857 -1.522     0.549
26 2 9 1.050 -1.313     2.241
26 3 9 0.149 -0.027     2.766
26 4 9 -0.070 0.036     2.811
26 5 9 0.508 -0.839     2.509
26 6 9 0.185 -0.694     2.811
26 7 9 0.269 -0.392     3.457
26 8 9 0.284 0.145     4.670
26 9 9 -0.789 1.202     2.434
26 10 9 -1.434 1.853     1.460
27 1 1 2.453 -2.105     0.385
27 2 1 2.453 -1.610     1.732
27 3 1 2.011 -1.069     2.187
27 4 1 2.532 -0.636     1.628
27 5 1 2.797 0.864     1.196
27 6 1 2.438 0.718     1.303
27 7 1 3.506 -0.725     0.978
27 8 1 3.969 0.166     0.831
27 9 1 3.995 0.207     0.837
27 10 1 3.818 -0.079     0.891
27 1 2 2.631 -1.944     0.720
27 2 2 2.386 -1.126     2.870
27 3 2 2.495 -0.584     2.074
27 4 2 2.761 -0.642     2.010
27 5 2 2.646 -0.626     2.671
27 6 2 2.188 -0.064     2.071
27 7 2 3.370 -0.850     1.224
27 8 2 4.047 -0.355     0.974
27 9 2 3.052 1.072     1.138
27 10 2 2.834 1.051     1.197
27 1 3 3.381 -1.855     0.595
27 2 3 3.271 -0.881     1.881
27 3 3 3.006 -0.074     1.652
27 4 3 2.651 -0.444     2.089
27 5 3 2.495 -1.017     2.289
27 6 3 2.063 0.030     2.240
27 7 3 2.589 -0.590     1.732
27 8 3 3.630 -0.840     1.077
27 9 3 2.172 0.874     1.392
27 10 3 1.099 1.395     1.685
27 1 4 3.469 -1.569     0.628
27 2 4 3.073 -0.579     2.393
27 3 4 2.662 0.410     1.794
27 4 4 2.078 0.259     2.389
27 5 4 2.495 -0.282     2.168
27 6 4 2.167 0.384     2.162
27 7 4 1.959 0.452     2.080
27 8 4 3.370 -0.610     1.171
27 9 4 1.787 0.171     1.868
27 10 4 -0.172 1.108     2.413
27 1 5 3.214 -1.605     0.724
27 2 5 2.313 -0.183     2.462
27 3 5 1.927 0.900     2.174
27 4 5 1.698 0.994     2.363
27 5 5 2.297 0.119     2.386
27 6 5 2.370 0.463     2.078
27 7 5 1.797 1.275     1.842
27 8 5 2.948 0.009     1.342
27 9 5 1.823 -0.235     2.332
27 10 5 -0.458 0.843     2.874
27 1 6 2.266 -1.527     1.612
27 2 6 1.787 -0.241     3.052
27 3 6 1.276 1.067     2.561
27 4 6 1.157 0.775     3.341
27 5 6 2.141 -0.064     2.814
27 6 6 2.360 0.442     2.092
27 7 6 1.662 0.890     2.179
27 8 6 2.256 0.660     1.584
27 9 6 1.719 -0.110     2.353
27 10 6 -0.317 0.791     3.030
27 1 7 1.787 -0.751     1.404
27 2 7 1.641 -0.110     3.038
27 3 7 0.709 0.733     3.346
27 4 7 0.693 0.280     4.581
27 5 7 2.183 0.041     2.717
27 6 7 2.026 0.145     2.631
27 7 7 1.511 -0.001     2.837
27 8 7 1.771 0.379     2.334
27 9 7 0.865 0.098     3.490
27 10 7 -0.281 0.884     2.952
27 1 8 1.563 -0.798     1.450
27 2 8 1.417 -0.381     3.514
27 3 8 0.558 0.702     3.675
27 4 8 0.995 0.640     3.798
27 5 8 2.115 0.244     2.797
27 6 8 1.490 -0.204     3.654
27 7 8 1.256 -0.324     3.833
27 8 8 1.391 -0.272     4.567
27 9 8 0.407 0.291     3.797
27 10 8 -0.531 1.015     2.580
27 1 9 1.000 -1.194     0.493
27 2 9 1.568 -1.121     2.236
27 3 9 1.146 0.171     2.846
27 4 9 1.203 0.416     2.876
27 5 9 1.724 -0.360     2.526
27 6 9 1.146 -0.277     2.896
27 7 9 1.005 -0.272     3.573
27 8 9 0.875 -0.168     4.742
27 9 9 -0.182 0.436     2.604
27 10 9 -1.036 1.114     1.524
28 1 1 2.454 -1.993     0.544
28 2 1 2.366 -0.988     1.749
28 3 1 1.954 -0.649     2.212
28 4 1 2.595 -0.347     1.742
28 5 1 2.845 1.424     1.301
28 6 1 2.486 1.283     1.457
28 7 1 3.569 -0.300     1.160
28 8 1 3.986 0.611     1.040
28 9 1 4.100 0.658     1.017
28 10 1 4.032 0.434     1.057
28 1 2 2.584 -1.805     0.793
28 2 2 2.262 -0.602     4.082
28 3 2 2.433 -0.243     2.088
28 4 2 2.715 -0.331     1.986
28 5 2 2.491 -0.264     3.833
28 6 2 2.027 0.351     2.132
28 7 2 3.340 -0.581     1.365
28 8 2 4.090 -0.154     1.126
28 9 2 3.230 1.460     1.292
28 10 2 3.157 1.554     1.331
28 1 3 3.131 -1.639     0.681
28 2 3 2.986 -0.456     1.724
28 3 3 2.876 0.257     1.717
28 4 3 2.506 -0.139     2.071
28 5 3 2.241 -0.743     2.261
28 6 3 1.777 0.382     2.275
28 7 3 2.355 -0.378     1.797
28 8 3 3.699 -0.805     1.190
28 9 3 2.459 1.122     1.525
28 10 3 1.298 1.893     1.773
28 1 4 3.079 -1.191     0.715
28 2 4 2.746 -0.222     3.406
28 3 4 2.532 0.653     1.856
28 4 4 1.918 0.476     2.391
28 5 4 2.241 -0.034     2.159
28 6 4 1.824 0.742     2.190
28 7 4 1.590 0.736     2.151
28 8 4 3.418 -0.436     1.288
28 9 4 2.131 0.403     1.876
28 10 4 -0.082 1.637     2.417
28 1 5 2.762 -1.311     0.827
28 2 5 1.975 -0.040     2.478
28 3 5 1.793 1.012     2.238
28 4 5 1.538 1.122     2.377
28 5 5 2.048 0.242     2.372
28 6 5 2.038 0.705     2.081
28 7 5 1.465 1.679     1.905
28 8 5 3.043 0.413     1.452
28 9 5 2.199 0.195     2.208
28 10 5 -0.462 1.460     2.819
28 1 6 1.939 -1.337     2.402
28 2 6 1.548 -0.217     3.002
28 3 6 1.131 1.059     2.591
28 4 6 0.918 0.653     3.293
28 5 6 1.814 -0.206     2.751
28 6 6 2.131 0.507     2.099
28 7 6 1.569 1.205     2.197
28 8 6 2.459 1.226     1.650
28 9 6 2.053 0.481     2.243
28 10 6 -0.374 1.502     2.964
28 1 7 1.496 -0.592     1.527
28 2 7 1.460 -0.175     3.012
28 3 7 0.527 0.544     3.372
28 4 7 0.407 -0.102     4.553
28 5 7 1.996 -0.243     2.632
28 6 7 2.064 0.111     2.546
28 7 7 1.762 0.231     2.781
28 8 7 2.058 0.945     2.226
28 9 7 0.970 0.752     3.331
28 10 7 -0.421 1.611     2.852
28 1 8 1.194 -1.087     1.533
28 2 8 1.058 -0.691     3.448
28 3 8 0.204 0.424     3.711
28 4 8 0.689 0.346     3.741
28 5 8 2.111 0.111     2.671
28 6 8 1.850 -0.154     3.414
28 7 8 1.751 -0.107     3.586
28 8 8 1.652 0.174     4.401
28 9 8 0.236 0.893     3.691
28 10 8 -0.874 1.757     2.502
28 1 9 0.663 -1.956     0.606
28 2 9 1.215 -1.654     2.159
28 3 9 0.725 -0.087     2.833
28 4 9 0.907 0.320     2.806
28 5 9 1.803 -0.467     2.372
28 6 9 1.600 -0.227     2.723
28 7 9 1.480 -0.034     3.309
28 8 9 0.996 0.278     6.457
28 9 9 -0.509 1.070     2.516
28 10 9 -1.546 1.893     1.490
29 1 1 4.258 -5.752     0.624
29 2 1 3.331 -3.617     1.792
29 3 1 2.336 -1.768     2.374
29 4 1 2.888 -0.898     1.955
29 5 1 2.540 2.066     1.547
29 6 1 1.758 2.352     1.707
29 7 1 3.060 0.488     1.426
29 8 1 3.539 1.097     1.281
29 9 1 3.534 0.800     1.265
29 10 1 3.060 0.389     1.341
29 1 2 4.482 -5.617     0.787
29 2 2 3.201 -2.716     3.812
29 3 2 2.883 -0.924     2.258
29 4 2 3.196 -0.387     2.159
29 5 2 2.487 0.154     3.903
29 6 2 1.295 1.180     2.439
29 7 2 2.560 0.066     1.644
29 8 2 3.461 0.290     1.383
29 9 2 2.576 1.456     1.561
29 10 2 2.404 1.274     1.613
29 1 3 5.196 -5.262     0.713
29 2 3 3.977 -2.242     1.854
29 3 3 3.237 -0.091     1.918
29 4 3 2.633 0.300     2.290
29 5 3 2.013 -0.351     2.529
29 6 3 1.159 1.003     2.606
29 7 3 1.633 0.118     2.120
29 8 3 3.081 -0.445     1.460
29 9 3 1.977 1.066     1.844
29 10 3 1.039 1.628     2.089
29 1 4 4.836 -4.387     0.754
29 2 4 3.513 -1.825     3.264
29 3 4 2.550 0.373     2.099
29 4 4 1.446 1.045     2.690
29 5 4 1.784 0.482     2.460
29 6 4 1.368 1.274     2.489
29 7 4 1.019 1.092     2.497
29 8 4 2.894 -0.434     1.560
29 9 4 1.878 0.222     2.205
29 10 4 0.019 1.420     2.754
29 1 5 3.967 -3.976     0.917
29 2 5 2.373 -1.471     2.648
29 3 5 1.649 0.347     2.551
29 4 5 0.862 1.290     2.701
29 5 5 1.430 0.592     2.700
29 6 5 1.618 0.883     2.389
29 7 5 1.013 1.701     2.207
29 8 5 2.576 0.024     1.735
29 9 5 1.909 -0.179     2.519
29 10 5 -0.315 1.144     3.177
29 1 6 2.503 -3.481     2.214
29 2 6 1.836 -1.986     3.143
29 3 6 1.321 -0.721     2.920
29 4 6 0.701 -0.236     3.727
29 5 6 1.295 -0.518     3.087
29 6 6 1.816 0.055     2.408
29 7 6 1.409 0.665     2.526
29 8 6 2.144 0.566     1.952
29 9 6 1.711 -0.007     2.569
29 10 6 -0.382 1.076     3.329
29 1 7 1.654 -2.486     1.621
29 2 7 1.831 -2.414     3.109
29 3 7 1.159 -2.148     3.526
29 4 7 0.737 -1.851     4.726
29 5 7 1.935 -1.158     2.857
29 6 7 2.159 -0.799     2.770
29 7 7 1.967 -0.648     3.023
29 8 7 1.987 0.284     2.529
29 9 7 0.763 0.211     3.757
29 10 7 -0.544 1.081     3.212
29 1 8 1.295 -2.908     1.624
29 2 8 1.508 -2.919     3.463
29 3 8 0.826 -2.002     3.897
29 4 8 1.196 -1.195     4.007
29 5 8 2.566 -0.830     2.842
29 6 8 2.435 -0.992     3.531
29 7 8 2.243 -0.820     3.738
29 8 8 1.810 -0.299     4.613
29 9 8 0.284 0.342     4.185
29 10 8 -0.841 0.972     2.858
29 1 9 0.967 -3.205     0.496
29 2 9 1.800 -3.200     1.988
29 3 9 1.243 -1.617     2.808
29 4 9 1.524 -0.695     2.824
29 5 9 2.680 -1.127     2.263
29 6 9 2.503 -0.684     2.617
29 7 9 2.175 -0.367     3.231
29 8 9 1.342 0.055     6.456
29 9 9 -0.335 0.612     2.661
29 10 9 -1.388 0.889     1.552
30 1 1 5.392 -6.275     0.661
30 2 1 4.330 -4.322     1.787
30 3 1 3.028 -2.207     2.512
30 4 1 3.705 -1.291     2.125
30 5 1 3.580 1.204     1.792
30 6 1 2.507 1.689     1.989
30 7 1 3.382 0.387     1.720
30 8 1 3.819 1.126     1.551
30 9 1 3.856 0.980     1.537
30 10 1 3.694 0.610     1.622
30 1 2 5.366 -5.989     0.767
30 2 2 4.147 -3.499     3.345
30 3 2 3.548 -1.395     2.402
30 4 2 3.986 -0.634     2.294
30 5 2 3.632 -0.140     3.778
30 6 2 2.330 0.725     2.728
30 7 2 2.929 -0.041     1.953
30 8 2 3.486 0.178     1.668
30 9 2 2.679 1.152     1.878
30 10 2 2.642 1.137     1.923
30 1 3 5.861 -5.462     0.731
30 2 3 4.892 -2.936     1.927
30 3 3 3.996 -0.702     2.082
30 4 3 3.465 -0.015     2.463
30 5 3 3.048 -0.374     2.738
30 6 3 2.173 0.590     2.902
30 7 3 2.069 -0.082     2.465
30 8 3 2.871 -0.785     1.779
30 9 3 1.913 0.381     2.225
30 10 3 1.226 1.126     2.483
30 1 4 5.262 -4.410     0.788
30 2 4 4.106 -2.176     3.049
30 3 4 3.194 -0.223     2.317
30 4 4 2.314 0.517     2.967
30 5 4 2.569 0.194     2.727
30 6 4 1.986 0.772     2.817
30 7 4 1.278 0.595     2.909
30 8 4 2.502 -0.931     1.889
30 9 4 1.772 -0.494     2.590
30 10 4 0.304 0.741     3.235
30 1 5 4.267 -3.780     1.006
30 2 5 2.720 -1.468     2.826
30 3 5 2.054 -0.067     2.882
30 4 5 1.538 0.673     3.080
30 5 5 1.840 0.100     3.057
30 6 5 1.684 0.235     2.766
30 7 5 0.866 0.767     2.657
30 8 5 2.038 -0.718     2.097
30 9 5 1.752 -0.853     2.879
30 10 5 -0.035 0.423     3.720
30 1 6 2.757 -3.129     2.074
30 2 6 1.986 -1.598     3.375
30 3 6 1.502 -0.530     3.300
30 4 6 0.996 -0.280     4.181
30 5 6 1.267 -0.744     3.478
30 6 6 1.423 -0.681     2.806
30 7 6 0.856 -0.535     2.987
30 8 6 1.543 -0.660     2.354
30 9 6 1.543 -0.926     2.936
30 10 6 -0.160 0.345     3.884
30 1 7 1.871 -2.129     1.751
30 2 7 1.840 -1.749     3.344
30 3 7 1.127 -1.270     3.870
30 4 7 0.653 -1.192     5.109
30 5 7 1.439 -1.015     3.213
30 6 7 1.496 -1.265     3.106
30 7 7 1.241 -1.697     3.321
30 8 7 1.580 -1.145     2.880
30 9 7 0.923 -1.009     4.154
30 10 7 -0.327 0.319     3.761
30 1 8 1.496 -2.577     1.736
30 2 8 1.548 -2.270     3.639
30 3 8 0.752 -1.093     4.297
30 4 8 0.871 -0.457     4.469
30 5 8 1.866 -0.468     3.176
30 6 8 1.606 -1.103     3.839
30 7 8 1.538 -1.436     4.012
30 8 8 1.741 -1.447     4.747
30 9 8 0.694 -0.884     4.626
30 10 8 -0.577 0.387     3.358
30 1 9 1.236 -2.983     0.401
30 2 9 1.840 -2.780     1.913
30 3 9 1.106 -1.004     2.899
30 4 9 1.059 0.022     2.973
30 5 9 1.767 -0.494     2.333
30 6 9 1.418 -0.608     2.707
30 7 9 1.455 -0.712     3.295
30 8 9 1.522 -0.796     6.338
30 9 9 0.319 -0.353     2.891
30 10 9 -1.024 0.616     1.692
31 1 1 5.668 -4.841     0.625
31 2 1 4.918 -3.341     1.758
31 3 1 4.293 -1.716     2.471
31 4 1 4.418 -0.341     2.170
31 5 1 4.043 3.534     1.814
31 6 1 4.043 2.909     1.998
31 7 1 4.793 1.159     1.795
31 8 1 5.043 0.534     1.645
31 9 1 4.418 -0.091     1.683
31 10 1 3.168 -0.841     1.849
31 1 2 5.668 -4.716     0.698
31 2 2 4.793 -2.841     2.859
31 3 2 4.793 -0.841     2.352
31 4 2 5.043 0.034     2.248
31 5 2 4.418 1.909     3.342
31 6 2 4.043 2.659     2.634
31 7 2 4.543 1.784     1.992
31 8 2 4.543 1.409     1.766
31 9 2 3.543 1.034     2.041
31 10 2 2.418 0.034     2.201
31 1 3 6.043 -4.091     0.682
31 2 3 5.418 -2.216     1.906
31 3 3 5.293 -0.091     2.048
31 4 3 5.293 0.784     2.353
31 5 3 4.668 1.159     2.649
31 6 3 4.043 2.159     2.812
31 7 3 4.043 2.034     2.451
31 8 3 3.293 1.659     1.952
31 9 3 1.793 1.534     2.486
31 10 3 1.043 0.159     2.888
31 1 4 5.668 -3.091     0.747
31 2 4 4.918 -1.216     2.724
31 3 4 4.793 0.784     2.283
31 4 4 4.543 1.659     2.833
31 5 4 4.293 1.659     2.665
31 6 4 4.043 2.159     2.745
31 7 4 3.668 2.034     2.874
31 8 4 1.793 1.409     2.180
31 9 4 -0.207 1.034     2.993
31 10 4 -0.082 -0.091     3.785
31 1 5 5.043 -2.341     0.979
31 2 5 4.043 -0.091     2.822
31 3 5 3.918 1.784     2.836
31 4 5 3.918 2.534     2.951
31 5 5 3.918 2.284     2.953
31 6 5 3.793 2.409     2.710
31 7 5 3.043 2.159     2.716
31 8 5 0.418 1.159     2.485
31 9 5 -1.332 0.409     3.236
31 10 5 -0.457 -0.341     4.210
31 1 6 3.918 -1.591     1.845
31 2 6 3.418 0.534     3.397
31 3 6 3.418 2.534     3.201
31 4 6 3.418 3.284     3.852
31 5 6 3.418 2.784     3.324
31 6 6 3.168 2.909     2.771
31 7 6 1.668 2.534     3.105
31 8 6 -0.832 1.159     2.714
31 9 6 -1.707 0.159     3.243
31 10 6 -0.582 -0.341     4.358
31 1 7 3.418 -0.841     1.730
31 2 7 3.543 0.409     3.352
31 3 7 3.418 2.409     3.699
31 4 7 3.168 3.409     4.643
31 5 7 2.918 3.159     3.116
31 6 7 2.168 3.284     3.081
31 7 7 -0.082 2.909     3.432
31 8 7 -2.082 1.534     3.070
31 9 7 -1.832 0.534     4.390
31 10 7 -0.582 0.034     4.250
31 1 8 3.043 -1.341     1.735
31 2 8 3.543 -0.716     3.607
31 3 8 3.543 1.034     4.164
31 4 8 3.293 2.284     4.245
31 5 8 2.793 2.659     3.154
31 6 8 1.293 3.284     3.794
31 7 8 -1.207 3.159     3.979
31 8 8 -2.707 2.284     4.462
31 9 8 -1.832 1.159     4.786
31 10 8 -0.707 0.659     3.776
31 1 9 2.543 -2.341     0.303
31 2 9 3.293 -1.966     1.831
31 3 9 3.543 -0.716     2.719
31 4 9 3.793 0.409     2.751
31 5 9 3.293 1.784     2.206
31 6 9 1.168 3.034     2.595
31 7 9 -1.832 3.409     3.034
31 8 9 -3.082 2.659     5.396
31 9 9 -1.957 1.659     2.853
31 10 9 -0.707 0.909     1.855
