0 1 1 2.470 -3.992     0.983
0 2 1 1.871 -2.086     1.157
0 3 1 0.715 -1.169     1.217
0 4 1 1.658 -0.867     1.193
0 5 1 2.715 0.112     1.163
0 6 1 1.543 0.612     1.213
0 7 1 0.715 -0.872     1.229
0 8 1 0.324 -0.945     1.235
0 9 1 0.480 -2.627     1.155
0 10 1 0.986 -3.966     1.092
0 1 2 2.527 -3.622     0.997
0 2 2 1.783 -1.633     1.179
0 3 2 1.434 -0.565     1.216
0 4 2 1.720 -0.190     1.200
0 5 2 1.611 -1.117     1.203
0 6 2 0.236 -1.601     1.212
0 7 2 -0.353 -3.185     1.131
0 8 2 -0.176 -3.544     1.120
0 9 2 -0.020 -4.231     1.085
0 10 2 0.762 -4.810     1.047
0 1 3 2.829 -3.028     1.010
0 2 3 2.392 -1.445     1.181
0 3 3 2.189 -0.007     1.180
0 4 3 1.204 0.081     1.235
0 5 3 -0.197 -2.216     1.179
0 6 3 -1.186 -3.028     1.129
0 7 3 -1.384 -4.534     1.050
0 8 3 -0.322 -5.257     1.022
0 9 3 0.460 -5.356     1.028
0 10 3 0.949 -5.304     1.022
0 1 4 2.522 -2.252     1.043
0 2 4 2.189 -1.195     1.174
0 3 4 2.027 -0.023     1.190
0 4 4 0.132 -0.310     1.279
0 5 4 -1.197 -2.549     1.155
0 6 4 -1.603 -3.580     1.096
0 7 4 -1.796 -4.565     1.039
0 8 4 -0.150 -5.638     0.999
0 9 4 1.069 -5.752     1.005
0 10 4 1.251 -5.466     1.006
0 1 5 1.928 -2.231     1.072
0 2 5 1.527 -1.060     1.200
0 3 5 1.215 -0.471     1.232
0 4 5 -0.921 -1.226     1.221
0 5 5 -1.957 -3.247     1.107
0 6 5 -1.587 -4.351     1.061
0 7 5 -1.717 -4.742     1.035
0 8 5 -0.077 -5.737     0.988
0 9 5 1.512 -5.903     0.986
0 10 5 1.522 -5.476     1.003
0 1 6 0.819 -2.247     1.088
0 2 6 0.850 -1.539     1.201
0 3 6 -0.046 -1.429     1.220
0 4 6 -2.207 -2.836     1.116
0 5 6 -2.436 -4.268     1.050
0 6 6 -1.384 -4.763     1.042
0 7 6 -1.280 -5.388     1.008
0 8 6 0.168 -5.513     1.009
0 9 6 1.819 -5.935     0.975
0 10 6 1.746 -5.596     0.993
0 1 7 0.257 -1.825     1.114
0 2 7 0.392 -1.971     1.191
0 3 7 -1.363 -2.476     1.146
0 4 7 -3.249 -3.596     1.052
0 5 7 -2.197 -3.971     1.056
0 6 7 -1.207 -4.606     1.046
0 7 7 -0.848 -5.711     0.995
0 8 7 0.569 -5.508     1.007
0 9 7 1.600 -6.002     0.973
0 10 7 1.887 -5.841     0.983
0 1 8 0.105 -2.164     1.104
0 2 8 -0.171 -2.409     1.177
0 3 8 -2.040 -2.242     1.140
0 4 8 -3.223 -2.164     1.087
0 5 8 -2.082 -2.601     1.115
0 6 8 -1.462 -4.393     1.051
0 7 8 -0.707 -5.596     1.006
0 8 8 0.845 -5.903     0.986
0 9 8 1.632 -5.966     0.975
0 10 8 1.944 -6.028     0.973
0 1 9 -0.046 -2.054     0.914
0 2 9 0.048 -2.351     0.982
0 3 9 -1.254 -1.648     0.993
0 4 9 -2.707 -1.325     0.950
0 5 9 -2.671 -2.716     0.902
0 6 9 -2.046 -4.565     0.837
0 7 9 -0.577 -5.565     0.810
0 8 9 1.012 -5.731     0.796
0 9 9 1.569 -5.747     0.796
0 10 9 1.637 -6.070     0.774
1 1 1 1.158 -1.206     0.978
1 2 1 0.033 -0.545     1.242
1 3 1 -1.253 -0.259     1.262
1 4 1 0.669 -0.003     1.263
1 5 1 1.981 -0.342     1.166
1 6 1 0.033 1.023     1.262
1 7 1 -0.086 -0.389     1.318
1 8 1 0.424 0.471     1.308
1 9 1 0.664 0.122     1.231
1 10 1 1.257 -0.529     1.133
1 1 2 0.747 -0.837     1.014
1 2 2 -0.513 0.044     1.254
1 3 2 -0.805 0.997     1.262
1 4 2 0.612 1.476     1.222
1 5 2 1.497 -0.378     1.225
1 6 2 -0.435 -0.337     1.299
1 7 2 -0.982 -1.269     1.147
1 8 2 0.195 -1.191     1.157
1 9 2 0.289 -0.628     1.156
1 10 2 0.851 -0.769     1.101
1 1 3 0.830 -0.545     1.038
1 2 3 0.028 0.184     1.302
1 3 3 -0.217 1.731     1.199
1 4 3 -0.248 1.689     1.253
1 5 3 -0.149 -0.566     1.259
1 6 3 -1.159 -0.795     1.159
1 7 3 -1.920 -1.665     1.024
1 8 3 -0.081 -2.352     1.006
1 9 3 0.596 -1.628     1.041
1 10 3 0.565 -1.305     1.065
1 1 4 0.440 -0.561     1.078
1 2 4 0.356 -0.144     1.257
1 3 4 0.393 1.325     1.231
1 4 4 -0.878 1.116     1.313
1 5 4 -0.904 -0.467     1.209
1 6 4 -1.362 -1.071     1.112
1 7 4 -2.362 -1.581     0.991
1 8 4 -0.055 -2.722     0.953
1 9 4 1.153 -2.337     0.978
1 10 4 0.565 -1.868     1.021
1 1 5 0.252 -1.243     1.096
1 2 5 0.596 -0.384     1.281
1 3 5 0.768 0.669     1.292
1 4 5 -0.883 0.590     1.278
1 5 5 -1.373 -1.045     1.122
1 6 5 -1.227 -2.040     1.038
1 7 5 -2.086 -1.915     0.995
1 8 5 -0.055 -2.696     0.945
1 9 5 1.481 -2.587     0.942
1 10 5 0.737 -2.139     1.004
1 1 6 0.054 -1.134     1.095
1 2 6 1.117 -0.514     1.246
1 3 6 0.674 -0.087     1.292
1 4 6 -1.368 -0.852     1.130
1 5 6 -1.612 -2.217     1.015
1 6 6 -0.836 -2.581     1.014
1 7 6 -1.144 -2.759     0.968
1 8 6 0.299 -2.175     0.999
1 9 6 1.731 -2.498     0.933
1 10 6 0.981 -2.149     0.989
1 1 7 0.033 -0.352     1.180
1 2 7 1.257 -0.451     1.232
1 3 7 -0.253 -1.035     1.190
1 4 7 -2.081 -1.779     1.015
1 5 7 -0.784 -1.904     1.045
1 6 7 -0.159 -2.321     1.037
1 7 7 -0.248 -3.055     0.939
1 8 7 0.955 -2.196     0.996
1 9 7 1.429 -2.472     0.942
1 10 7 1.117 -2.134     0.977
1 1 8 0.065 -0.680     1.149
1 2 8 0.164 -0.920     1.242
1 3 8 -1.508 -0.852     1.158
1 4 8 -1.977 -0.368     1.089
1 5 8 -0.128 -0.342     1.196
1 6 8 0.028 -1.811     1.059
1 7 8 0.117 -2.691     0.966
1 8 8 1.278 -2.680     0.947
1 9 8 1.414 -2.410     0.950
1 10 8 1.054 -2.248     0.965
1 1 9 -0.279 -0.618     0.898
1 2 9 -0.232 -1.149     0.975
1 3 9 -1.352 -0.410     0.974
1 4 9 -1.883 0.304     0.905
1 5 9 -0.956 -0.748     0.881
1 6 9 -0.618 -1.930     0.786
1 7 9 0.299 -2.493     0.742
1 8 9 1.497 -2.337     0.725
1 9 9 1.216 -2.149     0.743
1 10 9 0.502 -2.420     0.720
2 1 1 0.961 -0.797     0.972
2 2 1 0.138 -0.115     1.308
2 3 1 -1.133 0.036     1.273
2 4 1 0.232 0.328     1.308
2 5 1 0.945 -0.245     1.188
2 6 1 -1.347 0.927     1.237
2 7 1 -1.091 -0.605     1.310
2 8 1 -0.102 0.447     1.357
2 9 1 0.028 0.041     1.298
2 10 1 0.377 -0.813     1.154
2 1 2 0.393 -0.589     1.035
2 2 2 -0.586 0.062     1.280
2 3 2 -0.852 0.864     1.261
2 4 2 -0.003 1.499     1.203
2 5 2 0.502 -0.323     1.258
2 6 2 -1.430 -0.105     1.284
2 7 2 -1.487 -1.001     1.113
2 8 2 0.304 -1.042     1.164
2 9 2 0.060 -0.698     1.184
2 10 2 0.054 -1.094     1.106
2 1 3 0.205 -0.547     1.068
2 2 3 -0.211 -0.240     1.387
2 3 3 -0.185 1.041     1.209
2 4 3 -0.680 1.192     1.243
2 5 3 -0.748 -0.428     1.280
2 6 3 -1.555 -0.251     1.140
2 7 3 -1.946 -0.896     0.977
2 8 3 0.362 -1.730     0.985
2 9 3 0.674 -1.245     1.037
2 10 3 -0.076 -1.370     1.057
2 1 4 -0.315 -0.782     1.089
2 2 4 0.206 -0.615     1.278
2 3 4 0.659 0.437     1.261
2 4 4 -1.013 0.468     1.319
2 5 4 -1.175 -0.360     1.211
2 6 4 -1.435 -0.615     1.098
2 7 4 -2.159 -0.631     0.938
2 8 4 0.617 -1.698     0.923
2 9 4 1.414 -1.553     0.949
2 10 4 0.133 -1.646     0.999
2 1 5 -0.388 -1.495     1.091
2 2 5 0.544 -0.719     1.301
2 3 5 0.940 -0.006     1.317
2 4 5 -0.972 0.098     1.293
2 5 5 -1.268 -0.844     1.111
2 6 5 -0.935 -1.495     1.016
2 7 5 -1.899 -0.954     0.950
2 8 5 0.383 -1.391     0.930
2 9 5 1.726 -1.615     0.902
2 10 5 0.471 -1.662     0.978
2 1 6 -0.357 -1.251     1.066
2 2 6 1.164 -0.719     1.242
2 3 6 0.768 -0.292     1.323
2 4 6 -1.253 -0.698     1.131
2 5 6 -0.925 -1.480     0.995
2 6 6 -0.018 -1.641     0.994
2 7 6 -0.805 -1.745     0.939
2 8 6 0.560 -0.688     1.014
2 9 6 1.919 -1.360     0.882
2 10 6 0.888 -1.391     0.968
2 1 7 -0.216 -0.303     1.221
2 2 7 1.252 -0.355     1.235
2 3 7 -0.107 -0.573     1.234
2 4 7 -1.513 -0.782     0.997
2 5 7 0.237 -0.620     1.078
2 6 7 0.810 -1.120     1.034
2 7 7 0.461 -1.896     0.907
2 8 7 1.372 -0.850     0.975
2 9 7 1.560 -1.282     0.902
2 10 7 1.107 -1.188     0.964
2 1 8 -0.065 -0.516     1.173
2 2 8 0.346 -0.589     1.275
2 3 8 -1.091 -0.037     1.167
2 4 8 -1.237 0.869     1.076
2 5 8 0.705 0.869     1.204
2 6 8 0.737 -0.646     1.071
2 7 8 0.846 -1.422     0.943
2 8 8 1.711 -1.422     0.898
2 9 8 1.502 -1.230     0.921
2 10 8 1.023 -1.271     0.952
2 1 9 -0.362 -0.469     0.877
2 2 9 0.023 -0.907     0.955
2 3 9 -0.873 0.177     0.956
2 4 9 -1.440 1.208     0.841
2 5 9 -0.498 0.182     0.875
2 6 9 -0.143 -0.912     0.766
2 7 9 0.825 -1.256     0.692
2 8 9 1.768 -1.032     0.656
2 9 9 1.070 -0.912     0.706
2 10 9 0.325 -1.428     0.685
3 1 1 1.779 -2.768     0.963
3 2 1 0.831 -1.549     1.423
3 3 1 -0.075 -1.013     1.445
3 4 1 1.461 -0.367     1.443
3 5 1 1.941 0.024     1.308
3 6 1 -0.153 0.899     1.421
3 7 1 0.399 -0.794     1.494
3 8 1 1.008 0.368     1.526
3 9 1 0.883 -0.002     1.476
3 10 1 1.107 -0.778     1.304
3 1 2 1.451 -2.179     1.044
3 2 2 0.451 -0.882     1.434
3 3 2 0.519 0.196     1.461
3 4 2 1.472 0.826     1.339
3 5 2 1.566 -0.549     1.374
3 6 2 -0.565 -0.252     1.482
3 7 2 -0.497 -1.184     1.267
3 8 2 1.008 -0.997     1.312
3 9 2 0.467 -0.372     1.378
3 10 2 0.519 -0.768     1.281
3 1 3 1.680 -1.684     1.097
3 2 3 1.086 -0.773     1.562
3 3 3 1.066 0.810     1.361
3 4 3 0.560 0.862     1.420
3 5 3 0.263 -0.684     1.472
3 6 3 -0.893 -0.304     1.317
3 7 3 -1.398 -0.747     1.120
3 8 3 1.003 -1.414     1.123
3 9 3 0.972 -0.726     1.196
3 10 3 0.008 -0.830     1.236
3 1 4 1.154 -1.398     1.135
3 2 4 1.092 -0.919     1.410
3 3 4 1.159 0.435     1.424
3 4 4 -0.309 0.430     1.524
3 5 4 -0.070 -0.294     1.433
3 6 4 -0.648 -0.429     1.285
3 7 4 -1.789 -0.054     1.071
3 8 4 1.248 -1.138     1.060
3 9 4 1.618 -0.888     1.079
3 10 4 -0.132 -0.867     1.177
3 1 5 0.800 -1.830     1.170
3 2 5 0.826 -0.867     1.467
3 3 5 0.868 0.045     1.505
3 4 5 -0.617 0.263     1.490
3 5 5 -0.320 -0.487     1.309
3 6 5 -0.101 -1.054     1.180
3 7 5 -1.513 -0.216     1.096
3 8 5 0.914 -0.684     1.093
3 9 5 1.805 -0.945     1.026
3 10 5 -0.007 -0.851     1.157
3 1 6 0.316 -1.627     1.106
3 2 6 1.175 -0.841     1.387
3 3 6 0.800 -0.257     1.505
3 4 6 -0.773 -0.440     1.311
3 5 6 -0.174 -0.971     1.164
3 6 6 0.477 -1.023     1.159
3 7 6 -0.497 -1.164     1.098
3 8 6 0.888 -0.049     1.190
3 9 6 1.894 -0.836     1.003
3 10 6 0.513 -0.763     1.144
3 1 7 0.123 -0.533     1.339
3 2 7 1.394 -0.424     1.383
3 3 7 0.310 -0.539     1.430
3 4 7 -0.794 -0.523     1.173
3 5 7 0.805 -0.268     1.256
3 6 7 0.915 -0.679     1.199
3 7 7 0.696 -1.460     1.043
3 8 7 1.654 -0.351     1.110
3 9 7 1.539 -0.851     1.038
3 10 7 0.987 -0.820     1.121
3 1 8 0.237 -0.638     1.288
3 2 8 0.638 -0.554     1.460
3 3 8 -0.533 0.133     1.361
3 4 8 -0.518 0.956     1.243
3 5 8 1.060 0.737     1.361
3 6 8 0.743 -0.533     1.251
3 7 8 1.118 -0.841     1.092
3 8 8 1.987 -0.799     1.015
3 9 8 1.404 -0.737     1.063
3 10 8 0.852 -1.070     1.105
3 1 9 -0.028 -0.591     0.858
3 2 9 0.425 -0.882     0.996
3 3 9 -0.492 0.321     1.015
3 4 9 -0.877 1.133     0.856
3 5 9 0.045 -0.044     0.957
3 6 9 0.232 -0.679     0.817
3 7 9 1.274 -0.419     0.713
3 8 9 1.873 -0.216     0.654
3 9 9 0.711 -0.351     0.750
3 10 9 -0.018 -1.237     0.712
4 1 1 2.100 -3.212     0.947
4 2 1 1.188 -1.905     1.518
4 3 1 0.022 -1.067     1.630
4 4 1 1.444 -0.212     1.588
4 5 1 2.032 0.397     1.434
4 6 1 -0.036 0.996     1.621
4 7 1 0.574 -0.822     1.692
4 8 1 1.063 0.584     1.708
4 9 1 0.845 0.517     1.672
4 10 1 1.100 -0.140     1.493
4 1 2 1.933 -2.671     1.035
4 2 2 0.897 -1.082     1.599
4 3 2 0.657 0.116     1.681
4 4 2 1.298 0.772     1.497
4 5 2 1.391 -0.509     1.527
4 6 2 -0.640 -0.306     1.697
4 7 2 -0.405 -1.212     1.436
4 8 2 1.095 -0.770     1.482
4 9 2 0.459 0.267     1.607
4 10 2 0.532 -0.004     1.508
4 1 3 2.194 -2.082     1.109
4 2 3 1.595 -0.879     1.715
4 3 3 1.287 0.741     1.523
4 4 3 0.397 0.720     1.633
4 5 3 -0.030 -0.780     1.686
4 6 3 -1.004 -0.447     1.505
4 7 3 -1.322 -0.947     1.272
4 8 3 1.053 -1.379     1.285
4 9 3 0.928 -0.343     1.385
4 10 3 -0.077 -0.181     1.483
4 1 4 1.553 -1.525     1.178
4 2 4 1.418 -0.874     1.542
4 3 4 1.246 0.501     1.594
4 4 4 -0.530 0.470     1.745
4 5 4 -0.411 -0.400     1.657
4 6 4 -0.791 -0.624     1.481
4 7 4 -1.739 -0.311     1.216
4 8 4 1.209 -1.348     1.217
4 9 4 1.506 -0.910     1.236
4 10 4 -0.228 -0.515     1.400
4 1 5 0.938 -1.723     1.265
4 2 5 0.964 -0.738     1.642
4 3 5 0.891 0.230     1.706
4 4 5 -0.911 0.397     1.681
4 5 5 -0.707 -0.671     1.499
4 6 5 -0.145 -1.218     1.360
4 7 5 -1.322 -0.369     1.263
4 8 5 0.928 -1.035     1.260
4 9 5 1.751 -1.166     1.165
4 10 5 -0.015 -0.692     1.373
4 1 6 0.136 -1.389     1.181
4 2 6 1.095 -0.660     1.564
4 3 6 0.735 -0.077     1.721
4 4 6 -1.213 -0.436     1.485
4 5 6 -0.567 -1.280     1.328
4 6 6 0.574 -1.212     1.332
4 7 6 -0.249 -1.254     1.271
4 8 6 0.944 -0.322     1.386
4 9 6 1.865 -1.009     1.139
4 10 6 0.454 -0.655     1.353
4 1 7 -0.161 -0.327     1.498
4 2 7 1.069 -0.322     1.572
4 3 7 -0.093 -0.520     1.657
4 4 7 -1.442 -0.650     1.331
4 5 7 0.522 -0.509     1.463
4 6 7 1.089 -0.874     1.368
4 7 7 0.740 -1.655     1.188
4 8 7 1.527 -0.551     1.266
4 9 7 1.428 -0.942     1.191
4 10 7 0.813 -0.707     1.313
4 1 8 -0.181 -0.509     1.429
4 2 8 0.136 -0.561     1.688
4 3 8 -1.109 -0.030     1.541
4 4 8 -1.041 0.850     1.410
4 5 8 1.001 0.741     1.536
4 6 8 0.876 -0.608     1.442
4 7 8 1.011 -1.150     1.249
4 8 8 1.766 -1.103     1.146
4 9 8 1.303 -0.858     1.227
4 10 8 0.735 -0.962     1.289
4 1 9 -0.536 -0.426     0.832
4 2 9 -0.135 -0.874     1.041
4 3 9 -0.843 0.131     1.060
4 4 9 -1.056 1.017     0.867
4 5 9 0.089 -0.067     1.036
4 6 9 0.272 -0.785     0.863
4 7 9 1.022 -0.754     0.733
4 8 9 1.683 -0.520     0.664
4 9 9 0.673 -0.515     0.796
4 10 9 -0.051 -1.223     0.743
5 1 1 2.679 -4.223     0.924
5 2 1 1.690 -2.296     1.621
5 3 1 0.560 -1.244     1.843
5 4 1 1.607 -0.489     1.783
5 5 1 1.867 0.954     1.610
5 6 1 0.242 1.147     1.855
5 7 1 1.086 -0.827     1.916
5 8 1 1.268 0.485     1.926
5 9 1 0.956 0.412     1.916
5 10 1 1.122 -0.228     1.730
5 1 2 2.534 -3.801     1.012
5 2 2 1.357 -1.473     1.776
5 3 2 1.101 -0.275     1.924
5 4 2 1.508 0.126     1.708
5 5 2 1.200 -0.588     1.738
5 6 2 -0.643 -0.270     1.979
5 7 2 -0.175 -1.275     1.663
5 8 2 1.054 -0.781     1.708
5 9 2 0.325 0.261     1.902
5 10 2 0.393 -0.140     1.800
5 1 3 2.851 -3.119     1.099
5 2 3 1.971 -1.119     1.872
5 3 3 1.570 0.459     1.729
5 4 3 0.742 0.230     1.902
5 5 3 0.190 -1.025     1.939
5 6 3 -1.050 -0.380     1.746
5 7 3 -1.513 -0.952     1.468
5 8 3 0.768 -1.442     1.499
5 9 3 0.622 -0.364     1.652
5 10 3 -0.367 -0.369     1.767
5 1 4 2.383 -2.281     1.200
5 2 4 1.732 -0.932     1.704
5 3 4 1.252 0.563     1.814
5 4 4 -0.232 0.381     2.045
5 5 4 0.122 -0.473     1.951
5 6 4 -0.664 -0.452     1.750
5 7 4 -2.055 -0.166     1.395
5 8 4 0.830 -1.270     1.430
5 9 4 1.143 -0.859     1.466
5 10 4 -0.664 -0.708     1.649
5 1 5 1.758 -2.395     1.341
5 2 5 1.034 -0.890     1.865
5 3 5 0.716 0.407     1.970
5 4 5 -0.701 0.532     1.942
5 5 5 -0.274 -0.593     1.770
5 6 5 -0.112 -1.114     1.603
5 7 5 -1.779 -0.218     1.455
5 8 5 0.461 -0.786     1.517
5 9 5 1.310 -0.994     1.383
5 10 5 -0.503 -0.817     1.625
5 1 6 0.706 -2.187     1.250
5 2 6 1.049 -1.083     1.777
5 3 6 0.627 -0.124     2.008
5 4 6 -0.972 -0.406     1.731
5 5 6 -0.326 -1.234     1.551
5 6 6 0.393 -1.171     1.567
5 7 6 -0.737 -1.166     1.491
5 8 6 0.440 -0.051     1.672
5 9 6 1.471 -0.843     1.341
5 10 6 0.096 -0.744     1.624
5 1 7 0.252 -1.057     1.661
5 2 7 1.112 -0.848     1.797
5 3 7 0.034 -0.728     1.927
5 4 7 -1.039 -0.770     1.566
5 5 7 0.732 -0.541     1.712
5 6 7 0.888 -0.838     1.597
5 7 7 0.440 -1.478     1.402
5 8 7 1.273 -0.291     1.495
5 9 7 1.148 -0.812     1.416
5 10 7 0.638 -0.775     1.566
5 1 8 0.179 -1.281     1.580
5 2 8 0.388 -1.093     1.925
5 3 8 -0.784 -0.249     1.806
5 4 8 -0.612 0.673     1.660
5 5 8 1.200 0.615     1.755
5 6 8 0.763 -0.598     1.697
5 7 8 0.914 -0.864     1.478
5 8 8 1.674 -0.775     1.341
5 9 8 1.117 -0.687     1.454
5 10 8 0.591 -0.994     1.526
5 1 9 -0.117 -1.473     0.775
5 2 9 0.357 -1.551     1.053
5 3 9 -0.503 -0.156     1.128
5 4 9 -0.706 0.803     0.901
5 5 9 0.341 -0.228     1.106
5 6 9 0.330 -0.687     0.920
5 7 9 1.127 -0.395     0.763
5 8 9 1.653 -0.130     0.688
5 9 9 0.518 -0.265     0.854
5 10 9 -0.216 -1.145     0.776
6 1 1 3.544 -5.437     0.891
6 2 1 2.669 -3.588     1.679
6 3 1 1.596 -1.963     2.024
6 4 1 2.341 -1.119     1.954
6 5 1 2.211 1.105     1.840
6 6 1 1.028 1.355     2.111
6 7 1 2.237 -0.599     2.136
6 8 1 2.408 0.480     2.132
6 9 1 1.971 0.375     2.167
6 10 1 1.903 -0.208     1.997
6 1 2 3.669 -5.208     0.954
6 2 2 2.434 -2.651     1.910
6 3 2 2.205 -1.000     2.112
6 4 2 2.627 -0.552     1.889
6 5 2 2.044 -0.677     1.978
6 6 2 0.429 -0.046     2.377
6 7 2 1.226 -1.234     1.943
6 8 2 2.054 -0.666     1.958
6 9 2 1.028 0.636     2.222
6 10 2 1.091 0.375     2.132
6 1 3 4.289 -4.724     1.027
6 2 3 3.184 -2.031     1.933
6 3 3 2.606 -0.046     1.917
6 4 3 2.070 -0.010     2.143
6 5 3 1.435 -1.067     2.208
6 6 3 0.039 -0.208     2.159
6 7 3 -0.368 -1.166     1.798
6 8 3 1.408 -1.546     1.763
6 9 3 0.851 -0.104     2.015
6 10 3 -0.034 0.219     2.179
6 1 4 3.898 -3.822     1.138
6 2 4 2.643 -1.395     1.886
6 3 4 1.742 0.594     2.060
6 4 4 0.638 0.688     2.394
6 5 4 1.283 -0.291     2.263
6 6 4 0.231 -0.130     2.160
6 7 4 -1.310 -0.104     1.718
6 8 4 1.169 -1.432     1.709
6 9 4 1.044 -0.932     1.784
6 10 4 -0.680 -0.302     2.012
6 1 5 3.086 -3.619     1.331
6 2 5 1.513 -0.994     2.128
6 3 5 0.695 0.797     2.313
6 4 5 -0.378 1.000     2.278
6 5 5 0.487 -0.432     2.147
6 6 5 0.591 -0.776     1.955
6 7 5 -1.086 0.276     1.790
6 8 5 0.888 -0.822     1.848
6 9 5 1.247 -1.156     1.681
6 10 5 -0.586 -0.614     1.979
6 1 6 1.705 -3.156     1.282
6 2 6 1.195 -1.625     2.038
6 3 6 0.471 -0.260     2.406
6 4 6 -0.743 -0.468     2.090
6 5 6 0.174 -1.474     1.851
6 6 6 0.882 -1.224     1.872
6 7 6 -0.196 -0.817     1.843
6 8 6 0.809 -0.109     2.040
6 9 6 1.372 -0.911     1.635
6 10 6 -0.065 -0.609     2.004
6 1 7 0.778 -2.114     1.780
6 2 7 1.169 -2.213     2.013
6 3 7 0.101 -1.937     2.179
6 4 7 -0.654 -1.765     1.838
6 5 7 1.158 -1.224     1.988
6 6 7 1.237 -1.161     1.884
6 7 7 0.622 -1.520     1.697
6 8 7 1.231 -0.369     1.821
6 9 7 0.945 -0.760     1.742
6 10 7 0.424 -0.588     1.936
6 1 8 0.289 -2.703     1.662
6 2 8 0.440 -2.932     2.083
6 3 8 -0.612 -1.890     2.063
6 4 8 -0.112 -0.671     2.023
6 5 8 1.783 -0.224     2.033
6 6 8 1.205 -0.776     2.008
6 7 8 0.987 -0.911     1.795
6 8 8 1.492 -0.791     1.640
6 9 8 0.888 -0.562     1.793
6 10 8 0.367 -0.744     1.887
6 1 9 -0.128 -3.000     0.652
6 2 9 0.596 -3.255     1.009
6 3 9 -0.149 -1.640     1.174
6 4 9 -0.019 -0.375     1.010
6 5 9 1.231 -0.843     1.159
6 6 9 0.882 -0.656     0.997
6 7 9 1.132 -0.333     0.838
6 8 9 1.450 -0.130     0.745
6 9 9 0.346 -0.171     0.964
6 10 9 -0.394 -0.880     0.858
7 1 1 3.337 -5.564     0.948
7 2 1 2.243 -3.308     1.828
7 3 1 1.128 -1.876     2.299
7 4 1 2.003 -1.173     2.270
7 5 1 2.045 1.150     2.092
7 6 1 0.852 1.582     2.428
7 7 1 2.024 -0.287     2.404
7 8 1 2.394 0.640     2.360
7 9 1 2.134 0.395     2.430
7 10 1 2.144 -0.439     2.276
7 1 2 3.394 -5.246     1.021
7 2 2 1.993 -2.402     2.225
7 3 2 1.722 -0.918     2.409
7 4 2 2.269 -0.485     2.188
7 5 2 1.889 -0.803     2.315
7 6 2 0.238 -0.079     2.844
7 7 2 0.894 -1.017     2.331
7 8 2 1.852 -0.470     2.275
7 9 2 1.066 0.660     2.614
7 10 2 1.222 0.249     2.524
7 1 3 3.883 -4.537     1.066
7 2 3 2.670 -1.860     2.407
7 3 3 2.144 -0.001     2.216
7 4 3 1.649 0.020     2.444
7 5 3 1.144 -1.371     2.499
7 6 3 -0.064 -0.428     2.636
7 7 3 -0.564 -1.194     2.203
7 8 3 1.009 -1.444     2.104
7 9 3 0.732 -0.027     2.466
7 10 3 0.186 0.181     2.683
7 1 4 3.482 -3.298     1.263
7 2 4 2.342 -1.386     2.174
7 3 4 1.696 0.332     2.388
7 4 4 0.555 0.535     2.792
7 5 4 0.873 -0.668     2.646
7 6 4 0.113 -0.360     2.631
7 7 4 -1.340 -0.616     2.131
7 8 4 0.696 -1.543     2.096
7 9 4 0.925 -0.850     2.172
7 10 4 -0.314 -0.366     2.498
7 1 5 2.628 -3.199     1.324
7 2 5 1.347 -1.324     2.415
7 3 5 0.988 0.020     2.676
7 4 5 0.040 0.400     2.726
7 5 5 0.368 -0.871     2.566
7 6 5 0.368 -1.142     2.357
7 7 5 -1.117 -0.423     2.222
7 8 5 0.524 -1.017     2.296
7 9 5 1.186 -1.058     2.051
7 10 5 -0.252 -0.746     2.430
7 1 6 1.160 -3.329     1.515
7 2 6 0.831 -2.272     2.271
7 3 6 0.670 -1.376     2.721
7 4 6 -0.236 -1.616     2.417
7 5 6 0.128 -2.230     2.165
7 6 6 0.618 -1.840     2.201
7 7 6 -0.200 -1.204     2.269
7 8 6 0.634 -0.142     2.508
7 9 6 1.331 -0.756     2.051
7 10 6 0.160 -0.756     2.456
7 1 7 0.347 -2.881     1.927
7 2 7 0.774 -2.991     2.158
7 3 7 0.149 -2.944     2.371
7 4 7 -0.361 -3.084     2.044
7 5 7 1.071 -2.303     2.281
7 6 7 1.227 -1.746     2.197
7 7 7 0.753 -1.501     2.091
7 8 7 1.134 -0.220     2.254
7 9 7 0.941 -0.626     2.185
7 10 7 0.535 -0.751     2.367
7 1 8 0.133 -3.574     1.767
7 2 8 0.399 -3.558     2.174
7 3 8 -0.434 -2.543     2.293
7 4 8 0.113 -1.537     2.401
7 5 8 2.087 -0.965     2.310
7 6 8 1.686 -1.084     2.328
7 7 8 1.165 -0.850     2.213
7 8 8 1.415 -0.595     2.055
7 9 8 0.936 -0.548     2.233
7 10 8 0.592 -0.959     2.299
7 1 9 -0.007 -3.558     0.622
7 2 9 0.805 -3.595     1.004
7 3 9 0.175 -1.944     1.261
7 4 9 0.462 -0.709     1.201
7 5 9 1.873 -1.142     1.262
7 6 9 1.498 -0.824     1.141
7 7 9 1.259 -0.277     1.031
7 8 9 1.410 -0.037     0.945
7 9 9 0.581 -0.277     1.163
7 10 9 0.061 -1.225     1.036
8 1 1 4.067 -5.787     0.915
8 2 1 2.963 -3.756     1.877
8 3 1 1.885 -2.115     2.476
8 4 1 2.739 -1.319     2.410
8 5 1 2.599 1.207     2.288
8 6 1 1.494 1.629     2.659
8 7 1 2.708 -0.261     2.574
8 8 1 3.187 0.822     2.459
8 9 1 3.218 0.890     2.519
8 10 1 3.307 0.431     2.399
8 1 2 4.140 -5.391     0.982
8 2 2 2.786 -2.720     2.305
8 3 2 2.489 -1.131     2.583
8 4 2 3.041 -0.683     2.327
8 5 2 2.593 -0.641     2.532
8 6 2 1.078 0.051     3.200
8 7 2 2.015 -1.246     2.540
8 8 2 3.067 -0.501     2.405
8 9 2 2.234 1.348     2.789
8 10 2 2.286 1.416     2.701
8 1 3 4.578 -4.714     1.026
8 2 3 3.416 -2.053     2.412
8 3 3 2.885 -0.209     2.384
8 4 3 2.442 -0.141     2.636
8 5 3 1.932 -1.173     2.701
8 6 3 0.817 -0.214     3.019
8 7 3 0.869 -1.438     2.491
8 8 3 2.494 -1.626     2.268
8 9 3 1.765 0.562     2.744
8 10 3 0.932 1.473     2.969
8 1 4 4.104 -3.725     1.233
8 2 4 2.942 -1.563     2.313
8 3 4 2.276 0.145     2.604
8 4 4 1.250 0.306     3.119
8 5 4 1.671 -0.595     2.906
8 6 4 1.020 0.015     2.998
8 7 4 0.182 -0.329     2.558
8 8 4 2.182 -1.631     2.290
8 9 4 1.791 -0.579     2.473
8 10 4 0.156 0.546     2.935
8 1 5 3.244 -3.647     1.314
8 2 5 1.948 -1.490     2.609
8 3 5 1.463 -0.027     2.978
8 4 5 0.609 0.317     3.130
8 5 5 1.224 -0.756     2.872
8 6 5 1.442 -0.610     2.663
8 7 5 0.494 0.192     2.650
8 8 5 2.041 -1.157     2.512
8 9 5 1.958 -1.162     2.318
8 10 5 0.026 -0.251     2.906
8 1 6 1.864 -3.584     1.553
8 2 6 1.505 -2.287     2.434
8 3 6 1.104 -1.126     3.023
8 4 6 0.328 -1.168     2.763
8 5 6 1.031 -1.751     2.417
8 6 6 1.770 -1.397     2.434
8 7 6 1.276 -0.964     2.578
8 8 6 1.979 -0.740     2.751
8 9 6 1.974 -1.095     2.317
8 10 6 0.229 -0.355     2.912
8 1 7 1.036 -2.902     1.961
8 2 7 1.463 -2.855     2.286
8 3 7 0.750 -2.563     2.559
8 4 7 0.286 -2.392     2.274
8 5 7 1.765 -1.772     2.482
8 6 7 2.093 -1.626     2.400
8 7 7 1.890 -1.892     2.298
8 8 7 2.213 -1.016     2.487
8 9 7 1.447 -0.964     2.497
8 10 7 0.390 -0.298     2.821
8 1 8 0.776 -3.438     1.779
8 2 8 1.026 -3.386     2.271
8 3 8 0.208 -2.282     2.522
8 4 8 0.666 -1.173     2.737
8 5 8 2.395 -0.824     2.512
8 6 8 2.182 -1.313     2.532
8 7 8 2.062 -1.506     2.429
8 8 8 2.302 -1.308     2.275
8 9 8 1.276 -0.746     2.574
8 10 8 0.302 -0.459     2.745
8 1 9 0.515 -3.475     0.492
8 2 9 1.359 -3.496     0.956
8 3 9 0.677 -1.766     1.300
8 4 9 0.859 -0.480     1.299
8 5 9 2.125 -1.115     1.266
8 6 9 1.932 -1.105     1.168
8 7 9 2.000 -0.985     1.064
8 8 9 1.989 -0.683     0.997
8 9 9 0.635 -0.324     1.282
8 10 9 -0.297 -0.584     1.166
9 1 1 3.416 -4.437     0.889
9 2 1 2.927 -2.615     1.916
9 3 1 2.172 -1.427     2.575
9 4 1 2.453 -0.641     2.524
9 5 1 2.385 1.615     2.387
9 6 1 2.015 1.547     2.763
9 7 1 3.114 -0.042     2.604
9 8 1 3.484 0.693     2.445
9 9 1 3.552 0.620     2.482
9 10 1 3.547 0.333     2.389
9 1 2 3.448 -4.208     0.951
9 2 2 2.755 -2.073     2.316
9 3 2 2.583 -0.943     2.660
9 4 2 2.625 -0.443     2.435
9 5 2 2.172 0.136     2.697
9 6 2 1.526 0.771     3.376
9 7 2 2.692 -0.370     2.616
9 8 2 3.385 -0.198     2.403
9 9 2 2.599 1.156     2.828
9 10 2 2.677 1.193     2.734
9 1 3 3.890 -3.828     0.985
9 2 3 3.265 -1.734     2.356
9 3 3 2.828 -0.328     2.473
9 4 3 2.354 -0.078     2.752
9 5 3 1.875 -0.354     2.868
9 6 3 1.213 0.781     3.240
9 7 3 1.541 -0.260     2.707
9 8 3 2.849 -0.927     2.331
9 9 3 1.932 0.667     2.901
9 10 3 1.078 1.354     3.161
9 1 4 3.536 -3.068     1.196
9 2 4 2.765 -1.307     2.373
9 3 4 2.302 0.073     2.727
9 4 4 1.547 0.432     3.315
9 5 4 1.739 0.089     3.084
9 6 4 1.145 0.875     3.229
9 7 4 0.656 0.750     2.846
9 8 4 2.505 -0.766     2.398
9 9 4 1.755 -0.172     2.679
9 10 4 -0.026 0.870     3.256
9 1 5 2.880 -2.844     1.293
9 2 5 1.833 -1.016     2.752
9 3 5 1.526 0.297     3.178
9 4 5 0.942 0.677     3.400
9 5 5 1.270 -0.094     3.127
9 6 5 1.265 0.344     2.929
9 7 5 0.505 1.339     2.900
9 8 5 2.119 -0.141     2.671
9 9 5 1.802 -0.536     2.523
9 10 5 -0.282 0.427     3.278
9 1 6 1.828 -2.578     1.582
9 2 6 1.494 -1.281     2.605
9 3 6 1.083 -0.120     3.307
9 4 6 0.395 -0.333     3.125
9 5 6 0.974 -0.995     2.670
9 6 6 1.380 -0.250     2.685
9 7 6 0.671 0.375     2.906
9 8 6 1.640 0.490     2.950
9 9 6 1.734 -0.385     2.528
9 10 6 -0.141 0.287     3.302
9 1 7 1.203 -1.781     2.020
9 2 7 1.474 -1.432     2.472
9 3 7 0.557 -1.036     2.840
9 4 7 -0.032 -1.312     2.539
9 5 7 1.401 -1.057     2.691
9 6 7 1.416 -0.755     2.623
9 7 7 0.953 -0.750     2.579
9 8 7 1.458 0.135     2.737
9 9 7 0.890 -0.271     2.805
9 10 7 -0.058 0.208     3.232
9 1 8 0.885 -2.266     1.831
9 2 8 0.937 -2.016     2.435
9 3 8 -0.042 -1.052     2.821
9 4 8 0.203 -0.521     3.089
9 5 8 1.729 -0.448     2.721
9 6 8 1.291 -0.922     2.765
9 7 8 1.010 -0.812     2.696
9 8 8 1.265 -0.489     2.536
9 9 8 0.479 -0.193     2.935
9 10 8 -0.329 0.099     3.127
9 1 9 0.489 -2.641     0.415
9 2 9 1.062 -2.614     0.946
9 3 9 0.312 -1.161     1.362
9 4 9 0.229 -0.318     1.420
9 5 9 1.255 -1.052     1.310
9 6 9 0.942 -1.021     1.233
9 7 9 0.932 -0.599     1.147
9 8 9 0.885 -0.177     1.086
9 9 9 -0.245 0.073     1.405
9 10 9 -1.016 0.104     1.242
10 1 1 2.980 -4.797     0.883
10 2 1 2.355 -2.307     2.015
10 3 1 1.579 -1.026     2.760
10 4 1 2.172 -0.349     2.675
10 5 1 2.323 1.573     2.491
10 6 1 1.693 1.515     2.888
10 7 1 2.599 -0.177     2.698
10 8 1 2.855 0.672     2.524
10 9 1 2.756 0.557     2.570
10 10 1 2.678 0.307     2.503
10 1 2 2.964 -4.521     0.944
10 2 2 2.053 -1.787     2.405
10 3 2 1.980 -0.516     2.819
10 4 2 2.125 -0.058     2.601
10 5 2 1.709 0.041     2.903
10 6 2 0.938 0.588     3.663
10 7 2 2.063 -0.604     2.758
10 8 2 2.782 -0.224     2.498
10 9 2 1.891 1.114     2.975
10 10 2 2.042 1.146     2.867
10 1 3 3.287 -4.000     0.983
10 2 3 2.422 -1.563     2.408
10 3 3 2.131 0.088     2.632
10 4 3 1.500 0.198     2.985
10 5 3 0.995 -0.495     3.150
10 6 3 0.386 0.583     3.599
10 7 3 0.719 -0.563     3.023
10 8 3 2.235 -1.125     2.463
10 9 3 1.417 0.531     3.131
10 10 3 0.667 1.234     3.407
10 1 4 2.995 -3.110     1.204
10 2 4 2.037 -1.229     2.495
10 3 4 1.537 0.469     2.936
10 4 4 0.537 0.620     3.649
10 5 4 0.974 -0.005     3.383
10 6 4 0.506 0.604     3.572
10 7 4 -0.218 0.370     3.239
10 8 4 1.954 -1.172     2.547
10 9 4 1.417 -0.464     2.923
10 10 4 -0.265 0.693     3.604
10 1 5 2.532 -3.125     1.293
10 2 5 1.297 -1.120     2.941
10 3 5 0.870 0.547     3.467
10 4 5 0.047 0.838     3.728
10 5 5 0.631 -0.297     3.481
10 6 5 0.917 -0.214     3.241
10 7 5 -0.093 0.786     3.234
10 8 5 1.662 -0.651     2.873
10 9 5 1.526 -0.906     2.736
10 10 5 -0.458 0.250     3.661
10 1 6 1.563 -3.313     1.570
10 2 6 1.110 -1.781     2.772
10 3 6 0.714 -0.182     3.663
10 4 6 -0.171 -0.406     3.522
10 5 6 0.495 -1.401     2.904
10 6 6 1.204 -0.974     2.913
10 7 6 0.490 -0.334     3.271
10 8 6 1.422 0.026     3.200
10 9 6 1.558 -0.740     2.753
10 10 6 -0.270 0.094     3.724
10 1 7 0.891 -2.917     2.012
10 2 7 1.157 -2.375     2.583
10 3 7 0.386 -1.557     3.062
10 4 7 -0.187 -1.610     2.761
10 5 7 1.365 -1.334     2.871
10 6 7 1.521 -1.156     2.810
10 7 7 1.094 -1.271     2.797
10 8 7 1.553 -0.240     2.971
10 9 7 0.875 -0.599     3.108
10 10 7 -0.166 -0.037     3.669
10 1 8 0.636 -3.766     1.765
10 2 8 0.724 -3.255     2.464
10 3 8 -0.182 -1.735     3.026
10 4 8 0.271 -0.672     3.427
10 5 8 1.995 -0.391     2.889
10 6 8 1.605 -0.948     2.957
10 7 8 1.355 -1.005     2.917
10 8 8 1.568 -0.724     2.755
10 9 8 0.506 -0.396     3.299
10 10 8 -0.437 -0.167     3.514
10 1 9 0.485 -3.964     0.296
10 2 9 1.136 -3.724     0.864
10 3 9 0.282 -1.724     1.382
10 4 9 0.318 -0.328     1.527
10 5 9 1.521 -0.912     1.330
10 6 9 1.235 -0.886     1.272
10 7 9 1.323 -0.573     1.195
10 8 9 1.235 -0.224     1.145
10 9 9 -0.161 0.005     1.541
10 10 9 -1.073 -0.146     1.314
11 1 1 2.778 -4.237     0.875
11 2 1 1.690 -2.039     2.093
11 3 1 0.315 -1.320     2.952
11 4 1 1.237 -0.831     2.852
11 5 1 2.080 0.534     2.594
11 6 1 0.955 1.127     3.054
11 7 1 1.018 -0.263     2.927
11 8 1 1.080 0.091     2.748
11 9 1 1.252 -1.300     2.700
11 10 1 1.632 -2.570     2.488
11 1 2 2.799 -3.982     0.935
11 2 2 1.669 -1.748     2.420
11 3 2 1.096 -0.482     3.031
11 4 2 1.341 0.096     2.791
11 5 2 1.299 -0.956     3.016
11 6 2 0.002 -1.050     3.890
11 7 2 0.018 -2.274     2.819
11 8 2 0.731 -2.383     2.548
11 9 2 0.627 -2.763     2.953
11 10 2 1.039 -3.492     2.742
11 1 3 3.106 -3.471     0.978
11 2 3 2.315 -1.581     2.392
11 3 3 1.789 0.331     2.762
11 4 3 0.627 0.440     3.253
11 5 3 -0.487 -1.998     3.224
11 6 3 -1.269 -2.367     3.540
11 7 3 -1.295 -3.680     2.816
11 8 3 0.309 -4.419     2.288
11 9 3 0.820 -4.326     2.845
11 10 3 0.789 -4.362     3.091
11 1 4 2.669 -2.623     1.213
11 2 4 2.018 -1.195     2.514
11 3 4 1.565 0.351     3.083
11 4 4 -0.524 0.028     3.971
11 5 4 -1.467 -2.206     3.349
11 6 4 -1.696 -2.961     3.402
11 7 4 -1.915 -3.768     2.956
11 8 4 0.283 -4.914     2.279
11 9 4 1.268 -4.992     2.568
11 10 4 0.815 -4.763     3.182
11 1 5 1.919 -2.586     1.327
11 2 5 1.080 -1.117     3.093
11 3 5 0.554 -0.347     3.760
11 4 5 -1.498 -0.987     3.820
11 5 5 -2.118 -2.945     3.276
11 6 5 -1.477 -3.831     2.993
11 7 5 -1.790 -3.789     2.971
11 8 5 0.148 -4.711     2.568
11 9 5 1.570 -5.029     2.405
11 10 5 1.080 -4.794     3.210
11 1 6 0.434 -2.664     1.599
11 2 6 0.164 -1.992     2.869
11 3 6 -0.717 -1.831     3.723
11 4 6 -2.685 -2.992     3.232
11 5 6 -2.430 -4.123     2.599
11 6 6 -1.118 -4.211     2.672
11 7 6 -1.217 -4.404     2.935
11 8 6 0.158 -4.169     2.933
11 9 6 1.710 -4.831     2.437
11 10 6 1.429 -4.732     3.242
11 1 7 -0.409 -2.263     2.060
11 2 7 -0.336 -2.638     2.608
11 3 7 -1.967 -3.258     2.896
11 4 7 -3.602 -4.091     2.386
11 5 7 -1.946 -3.836     2.618
11 6 7 -0.826 -3.982     2.620
11 7 7 -0.691 -4.690     2.508
11 8 7 0.544 -4.107     2.750
11 9 7 1.362 -4.654     2.763
11 10 7 1.653 -4.727     3.189
11 1 8 -0.675 -2.732     1.782
11 2 8 -0.941 -3.091     2.433
11 3 8 -2.659 -2.925     2.824
11 4 8 -3.383 -2.617     3.101
11 5 8 -1.717 -2.555     2.817
11 6 8 -1.138 -3.862     2.747
11 7 8 -0.576 -4.555     2.628
11 8 8 0.820 -4.513     2.507
11 9 8 1.382 -4.456     2.943
11 10 8 1.653 -4.727     3.060
11 1 9 -0.852 -2.831     0.224
11 2 9 -0.737 -3.086     0.785
11 3 9 -1.972 -2.248     1.270
11 4 9 -2.956 -1.820     1.360
11 5 9 -2.383 -2.909     1.159
11 6 9 -1.779 -4.154     1.055
11 7 9 -0.409 -4.503     0.985
11 8 9 1.013 -4.268     0.967
11 9 9 1.226 -4.143     1.298
11 10 9 1.164 -4.654     1.080
12 1 1 0.681 -0.621     0.887
12 2 1 -0.199 0.020     2.238
12 3 1 -0.912 0.103     3.003
12 4 1 1.088 0.139     2.884
12 5 1 2.140 0.129     2.519
12 6 1 0.119 1.202     3.073
12 7 1 -0.147 -0.407     3.065
12 8 1 0.119 0.473     2.883
12 9 1 0.181 0.270     2.849
12 10 1 0.546 0.041     2.595
12 1 2 0.572 -0.720     0.951
12 2 2 -0.517 0.145     2.537
12 3 2 -0.433 1.072     3.060
12 4 2 0.770 1.405     2.767
12 5 2 1.437 -0.126     2.980
12 6 2 -0.298 -0.022     4.075
12 7 2 -0.892 -1.053     2.823
12 8 2 0.171 -1.084     2.596
12 9 2 0.041 -0.288     3.121
12 10 2 0.306 -0.131     2.887
12 1 3 0.692 -0.954     0.983
12 2 3 0.072 -0.173     2.567
12 3 3 0.327 1.457     2.747
12 4 3 0.192 1.457     3.247
12 5 3 0.009 -0.262     3.394
12 6 3 -0.907 -0.308     3.616
12 7 3 -1.730 -1.366     2.701
12 8 3 -0.032 -2.100     2.216
12 9 3 0.536 -1.048     2.886
12 10 3 0.239 -0.522     3.214
12 1 4 0.286 -1.319     1.206
12 2 4 0.520 -0.616     2.575
12 3 4 1.207 1.035     3.044
12 4 4 -0.069 1.015     4.036
12 5 4 -0.418 -0.241     3.498
12 6 4 -0.918 -0.600     3.460
12 7 4 -2.063 -1.225     2.812
12 8 4 0.015 -2.288     2.190
12 9 4 1.145 -1.564     2.513
12 10 4 0.400 -0.892     3.245
12 1 5 0.239 -2.006     1.262
12 2 5 0.947 -0.735     3.108
12 3 5 1.676 0.572     3.681
12 4 5 0.046 0.499     3.978
12 5 5 -0.725 -1.022     3.309
12 6 5 -0.647 -1.621     2.949
12 7 5 -1.798 -1.439     2.849
12 8 5 -0.079 -2.126     2.485
12 9 5 1.369 -1.720     2.325
12 10 5 0.546 -1.084     3.242
12 1 6 0.150 -1.652     1.553
12 2 6 1.655 -0.746     2.814
12 3 6 1.546 -0.027     3.703
12 4 6 -0.558 -0.907     3.290
12 5 6 -0.839 -2.116     2.491
12 6 6 -0.199 -2.163     2.589
12 7 6 -0.902 -2.194     2.812
12 8 6 0.213 -1.433     2.935
12 9 6 1.562 -1.631     2.350
12 10 6 0.744 -1.121     3.253
12 1 7 0.218 -0.626     2.094
12 2 7 1.895 -0.652     2.542
12 3 7 0.562 -0.913     2.957
12 4 7 -1.282 -1.496     2.332
12 5 7 0.056 -1.397     2.625
12 6 7 0.530 -1.756     2.585
12 7 7 0.088 -2.433     2.397
12 8 7 0.900 -1.439     2.724
12 9 7 1.166 -1.683     2.695
12 10 7 0.848 -1.209     3.182
12 1 8 0.275 -0.965     1.791
12 2 8 0.947 -1.116     2.444
12 3 8 -0.563 -0.683     2.906
12 4 8 -1.048 0.139     3.150
12 5 8 0.744 0.322     2.895
12 6 8 0.629 -1.137     2.778
12 7 8 0.468 -2.069     2.551
12 8 8 1.260 -1.980     2.408
12 9 8 1.129 -1.678     2.874
12 10 8 0.754 -1.381     3.040
12 1 9 -0.074 -0.881     0.192
12 2 9 0.588 -1.407     0.793
12 3 9 -0.272 -0.485     1.330
12 4 9 -0.803 0.561     1.388
12 5 9 0.145 -0.152     1.242
12 6 9 0.150 -1.178     1.080
12 7 9 0.650 -1.762     0.967
12 8 9 1.442 -1.548     0.939
12 9 9 0.900 -1.329     1.296
12 10 9 0.161 -1.501     1.080
13 1 1 -0.719 3.770     0.751
13 2 1 -0.604 3.332     2.060
13 3 1 0.010 2.473     2.868
13 4 1 1.542 2.306     2.714
13 5 1 2.214 1.629     2.392
13 6 1 1.885 1.301     2.975
13 7 1 2.974 0.150     2.871
13 8 1 3.495 0.816     2.603
13 9 1 3.422 0.738     2.580
13 10 1 3.417 0.514     2.327
13 1 2 -0.443 3.504     0.945
13 2 2 -0.135 3.103     2.362
13 3 2 0.703 2.566     3.018
13 4 2 1.422 2.160     2.756
13 5 2 1.781 1.061     2.946
13 6 2 1.813 0.874     4.092
13 7 2 3.172 0.374     2.736
13 8 2 4.234 0.421     2.400
13 9 2 3.521 1.509     2.912
13 10 2 3.297 1.447     2.704
13 1 3 -0.016 3.238     0.989
13 2 3 0.552 2.785     2.477
13 3 3 1.172 2.504     2.712
13 4 3 1.297 1.780     3.261
13 5 3 1.589 1.186     3.434
13 6 3 1.802 1.520     3.596
13 7 3 2.781 1.191     2.642
13 8 3 4.625 0.900     2.029
13 9 3 3.906 2.093     2.627
13 10 3 2.719 2.322     3.002
13 1 4 -0.005 2.905     1.210
13 2 4 0.656 2.379     2.490
13 3 4 1.177 2.306     3.002
13 4 4 1.125 1.780     4.023
13 5 4 1.875 1.499     3.463
13 6 4 2.000 1.957     3.380
13 7 4 2.484 2.441     2.686
13 8 4 4.776 1.915     1.946
13 9 4 4.073 2.379     2.278
13 10 4 2.042 2.827     3.035
13 1 5 -0.073 2.249     1.300
13 2 5 0.422 2.056     3.140
13 3 5 0.813 2.171     3.645
13 4 5 0.958 1.869     3.970
13 5 5 1.938 1.353     3.298
13 6 5 2.531 2.035     2.846
13 7 5 2.651 3.098     2.650
13 8 5 4.578 2.665     2.188
13 9 5 4.063 2.488     2.113
13 10 5 1.552 2.973     3.059
13 1 6 -0.187 1.863     1.612
13 2 6 0.339 1.816     2.893
13 3 6 0.203 2.046     3.722
13 4 6 0.479 1.514     3.396
13 5 6 2.224 1.499     2.480
13 6 6 3.052 2.415     2.439
13 7 6 3.052 2.895     2.596
13 8 6 4.328 3.494     2.519
13 9 6 3.750 2.624     2.143
13 10 6 1.214 3.046     3.080
13 1 7 -0.141 1.843     2.131
13 2 7 0.229 1.843     2.632
13 3 7 -0.328 1.957     3.021
13 4 7 0.526 1.874     2.417
13 5 7 2.818 2.353     2.484
13 6 7 3.042 2.379     2.438
13 7 7 3.464 2.634     2.227
13 8 7 4.260 3.473     2.356
13 9 7 2.646 2.827     2.532
13 10 7 0.917 3.129     3.015
13 1 8 0.104 1.322     1.882
13 2 8 0.287 1.577     2.568
13 3 8 0.063 2.421     2.906
13 4 8 1.328 2.723     3.039
13 5 8 2.839 2.415     2.714
13 6 8 2.802 1.957     2.672
13 7 8 3.714 2.691     2.323
13 8 8 3.964 3.051     2.160
13 9 8 1.984 3.202     2.697
13 10 8 0.422 3.244     2.883
13 1 9 0.094 1.244     0.301
13 2 9 0.912 1.191     0.958
13 3 9 0.990 1.926     1.448
13 4 9 1.573 1.843     1.476
13 5 9 2.771 1.093     1.307
13 6 9 3.339 1.889     1.115
13 7 9 4.042 2.733     0.966
13 8 9 3.344 3.306     0.959
13 9 9 0.969 3.634     1.306
13 10 9 -0.365 3.467     1.107
14 1 1 0.321 4.247     0.664
14 2 1 0.472 4.206     1.711
14 3 1 1.092 3.523     2.460
14 4 1 1.607 3.351     2.324
14 5 1 1.571 3.232     2.011
14 6 1 1.696 2.607     2.620
14 7 1 2.342 1.805     2.529
14 8 1 2.461 1.612     2.309
14 9 1 2.295 1.226     2.340
14 10 1 1.847 0.914     2.160
14 1 2 0.326 3.831     1.012
14 2 2 0.826 3.758     3.043
14 3 2 1.477 3.247     2.759
14 4 2 1.597 2.841     2.601
14 5 2 1.487 2.586     3.701
14 6 2 1.862 2.393     3.727
14 7 2 2.774 2.206     2.536
14 8 2 2.972 1.857     2.249
14 9 2 2.430 1.825     2.681
14 10 2 2.008 1.341     2.587
14 1 3 0.300 3.310     1.070
14 2 3 1.008 3.122     2.734
14 3 3 1.503 2.778     2.571
14 4 3 1.472 2.216     3.095
14 5 3 1.612 2.341     3.234
14 6 3 2.112 2.518     3.231
14 7 3 3.045 2.596     2.408
14 8 3 3.529 2.310     1.888
14 9 3 2.560 2.351     2.388
14 10 3 1.816 1.877     2.790
14 1 4 0.139 2.633     1.283
14 2 4 0.961 2.341     3.423
14 3 4 1.269 2.174     2.932
14 4 4 1.373 1.846     3.801
14 5 4 1.946 2.195     3.220
14 6 4 2.321 2.497     3.018
14 7 4 3.144 2.898     2.383
14 8 4 3.836 2.596     1.794
14 9 4 2.508 2.508     2.090
14 10 4 1.373 2.315     2.804
14 1 5 0.139 2.008     1.430
14 2 5 0.862 1.851     3.136
14 3 5 0.956 1.737     3.554
14 4 5 1.269 1.674     3.799
14 5 5 2.326 2.081     3.019
14 6 5 2.836 2.669     2.527
14 7 5 3.274 3.023     2.294
14 8 5 3.857 2.815     1.931
14 9 5 2.503 2.487     1.967
14 10 5 1.050 2.565     2.816
14 1 6 0.612 1.888     1.706
14 2 6 0.972 1.872     2.894
14 3 6 0.701 1.737     3.568
14 4 6 1.482 1.976     3.240
14 5 6 2.982 2.690     2.278
14 6 6 3.305 3.180     2.147
14 7 6 3.430 3.180     2.227
14 8 6 3.743 3.237     2.135
14 9 6 2.389 2.435     2.009
14 10 6 0.868 2.721     2.837
14 1 7 1.060 2.065     2.122
14 2 7 1.118 2.101     2.607
14 3 7 0.904 2.268     2.876
14 4 7 2.326 2.976     2.272
14 5 7 3.607 3.409     2.178
14 6 7 3.321 3.278     2.137
14 7 7 3.519 3.430     1.947
14 8 7 3.441 3.372     1.993
14 9 7 1.987 2.622     2.321
14 10 7 0.862 2.872     2.751
14 1 8 1.336 2.148     1.896
14 2 8 1.373 2.419     2.499
14 3 8 1.696 2.935     2.676
14 4 8 3.040 3.388     2.637
14 5 8 3.586 3.086     2.359
14 6 8 3.316 2.992     2.315
14 7 8 3.659 3.560     1.981
14 8 8 3.128 3.383     1.887
14 9 8 1.753 3.138     2.413
14 10 8 0.810 3.127     2.616
14 1 9 1.685 2.221     0.620
14 2 9 1.862 2.534     1.216
14 3 9 2.159 2.815     1.540
14 4 9 3.086 2.685     1.531
14 5 9 3.727 2.471     1.368
14 6 9 3.857 3.034     1.186
14 7 9 3.842 3.518     1.072
14 8 9 2.743 3.497     1.061
14 9 9 1.352 3.502     1.382
14 10 9 0.665 3.565     1.235
15 1 1 0.808 0.592     0.634
15 2 1 0.495 0.509     1.776
15 3 1 0.344 -0.106     2.589
15 4 1 1.438 0.076     2.330
15 5 1 1.693 0.613     1.974
15 6 1 0.797 0.582     2.657
15 7 1 1.542 -0.585     2.478
15 8 1 1.959 0.212     2.237
15 9 1 1.823 0.227     2.280
15 10 1 1.828 -0.226     2.105
15 1 2 0.542 0.477     0.995
15 2 2 0.354 0.519     3.159
15 3 2 0.787 0.462     2.821
15 4 2 1.443 0.446     2.575
15 5 2 1.354 -0.366     3.672
15 6 2 0.438 -0.564     3.814
15 7 2 1.120 -1.101     2.500
15 8 2 2.084 -0.585     2.161
15 9 2 1.485 0.358     2.648
15 10 2 1.271 0.186     2.577
15 1 3 0.610 0.316     1.057
15 2 3 0.797 0.269     2.789
15 3 3 1.120 0.701     2.575
15 4 3 0.880 0.321     3.135
15 5 3 0.662 -0.783     3.269
15 6 3 0.292 -0.507     3.326
15 7 3 0.620 -0.799     2.452
15 8 3 2.068 -0.820     1.811
15 9 3 1.511 0.071     2.361
15 10 3 0.599 0.269     2.862
15 1 4 0.401 0.139     1.289
15 2 4 0.880 -0.116     3.491
15 3 4 1.026 0.436     2.952
15 4 4 0.235 0.076     3.966
15 5 4 0.599 -0.460     3.304
15 6 4 0.505 0.050     3.118
15 7 4 0.334 0.394     2.484
15 8 4 2.042 -0.429     1.730
15 9 4 1.646 -0.293     2.049
15 10 4 0.203 0.108     2.937
15 1 5 0.360 -0.481     1.428
15 2 5 0.792 -0.418     3.197
15 3 5 0.797 0.087     3.615
15 4 5 0.057 -0.028     3.998
15 5 5 0.610 -0.450     3.095
15 6 5 1.047 0.014     2.552
15 7 5 0.558 1.003     2.309
15 8 5 1.813 0.061     1.890
15 9 5 1.662 -0.392     1.932
15 10 5 0.104 0.050     2.966
15 1 6 0.287 -0.877     1.698
15 2 6 0.990 -0.679     2.909
15 3 6 0.755 -0.293     3.628
15 4 6 0.115 -0.543     3.337
15 5 6 0.813 -0.721     2.309
15 6 6 1.432 -0.189     2.132
15 7 6 0.985 0.259     2.256
15 8 6 1.500 0.378     2.107
15 9 6 1.459 -0.294     1.996
15 10 6 0.156 0.154     2.977
15 1 7 0.318 -0.611     2.136
15 2 7 1.156 -0.648     2.608
15 3 7 0.599 -0.642     2.920
15 4 7 0.292 -0.778     2.336
15 5 7 1.386 -0.455     2.185
15 6 7 1.490 -0.340     2.114
15 7 7 1.261 -0.512     1.949
15 8 7 1.401 -0.028     1.989
15 9 7 0.813 -0.205     2.372
15 10 7 0.078 0.222     2.879
15 1 8 0.490 -0.783     1.882
15 2 8 0.839 -0.736     2.528
15 3 8 0.328 -0.314     2.785
15 4 8 0.599 0.024     2.744
15 5 8 1.620 -0.028     2.330
15 6 8 1.365 -0.392     2.302
15 7 8 1.313 -0.481     1.988
15 8 8 1.370 -0.434     1.880
15 9 8 0.542 -0.070     2.496
15 10 8 -0.239 0.201     2.732
15 1 9 0.412 -0.793     0.605
15 2 9 0.854 -0.960     1.244
15 3 9 0.511 -0.205     1.611
15 4 9 0.646 0.191     1.596
15 5 9 1.360 -0.429     1.377
15 6 9 1.240 -0.398     1.201
15 7 9 1.297 -0.283     1.090
15 8 9 1.130 -0.137     1.083
15 9 9 0.052 0.154     1.468
15 10 9 -0.812 0.201     1.277
16 1 1 -1.671 3.858     0.564
16 2 1 -1.317 2.874     1.660
16 3 1 -0.561 1.952     2.548
16 4 1 0.725 1.639     2.341
16 5 1 0.907 0.936     2.016
16 6 1 0.413 1.025     2.707
16 7 1 1.611 -0.126     2.465
16 8 1 2.282 0.421     2.159
16 9 1 2.178 0.327     2.207
16 10 1 1.892 0.098     2.007
16 1 2 -1.634 3.603     0.978
16 2 2 -0.988 2.744     3.005
16 3 2 -0.025 2.191     2.848
16 4 2 0.506 1.770     2.650
16 5 2 0.423 0.348     3.938
16 6 2 0.121 0.301     4.107
16 7 2 1.308 -0.100     2.639
16 8 2 2.605 0.155     2.140
16 9 2 2.262 0.848     2.628
16 10 2 1.824 0.775     2.544
16 1 3 -1.567 3.124     1.056
16 2 3 -0.671 2.280     2.765
16 3 3 0.053 1.952     2.643
16 4 3 0.012 1.296     3.266
16 5 3 0.053 0.426     3.535
16 6 3 0.121 0.712     3.544
16 7 3 0.965 0.645     2.611
16 8 3 2.777 0.577     1.820
16 9 3 2.512 1.332     2.309
16 10 3 1.407 1.374     2.818
16 1 4 -1.811 2.509     1.286
16 2 4 -0.686 1.608     3.506
16 3 4 -0.030 1.337     3.089
16 4 4 -0.264 0.936     4.145
16 5 4 0.376 0.707     3.512
16 6 4 0.595 1.082     3.263
16 7 4 0.918 1.665     2.555
16 8 4 2.829 1.290     1.729
16 9 4 2.532 1.535     2.011
16 10 4 0.897 1.676     2.907
16 1 5 -1.968 1.660     1.447
16 2 5 -0.718 1.040     3.343
16 3 5 -0.228 0.931     3.810
16 4 5 -0.327 0.712     4.215
16 5 5 0.663 0.452     3.302
16 6 5 1.392 1.025     2.645
16 7 5 1.361 2.014     2.332
16 8 5 2.694 1.738     1.865
16 9 5 2.335 1.535     1.921
16 10 5 0.444 1.743     2.940
16 1 6 -1.473 1.348     1.748
16 2 6 -0.212 0.858     3.106
16 3 6 -0.311 0.910     3.817
16 4 6 -0.311 0.577     3.568
16 5 6 1.178 0.592     2.457
16 6 6 2.090 1.379     2.154
16 7 6 1.975 1.697     2.264
16 8 6 2.512 2.145     2.053
16 9 6 1.959 1.514     2.014
16 10 6 0.168 1.728     2.961
16 1 7 -1.014 1.754     2.180
16 2 7 -0.035 1.384     2.737
16 3 7 -0.442 1.363     3.043
16 4 7 0.069 1.405     2.472
16 5 7 1.892 1.681     2.209
16 6 7 2.152 1.749     2.117
16 7 7 2.220 1.645     1.968
16 8 7 2.444 2.040     1.938
16 9 7 1.272 1.551     2.419
16 10 7 -0.014 1.733     2.869
16 1 8 -0.692 1.947     1.932
16 2 8 -0.171 1.858     2.597
16 3 8 -0.098 2.087     2.828
16 4 8 0.767 2.415     2.726
16 5 8 1.923 2.098     2.303
16 6 8 1.824 1.556     2.338
16 7 8 2.147 1.853     2.011
16 8 8 2.277 1.863     1.870
16 9 8 0.970 1.858     2.522
16 10 8 -0.327 1.754     2.718
16 1 9 -0.473 2.441     0.703
16 2 9 0.126 2.061     1.362
16 3 9 0.496 1.900     1.722
16 4 9 0.954 1.790     1.699
16 5 9 1.595 1.077     1.505
16 6 9 1.808 1.249     1.318
16 7 9 2.236 1.869     1.175
16 8 9 1.959 2.191     1.135
16 9 9 0.366 2.254     1.532
16 10 9 -0.822 1.895     1.300
17 1 1 -1.157 2.792     0.515
17 2 1 -0.902 2.324     1.576
17 3 1 -0.542 1.704     2.478
17 4 1 0.411 1.292     2.335
17 5 1 0.718 0.423     2.069
17 6 1 0.161 0.454     2.796
17 7 1 0.765 -0.380     2.503
17 8 1 0.989 0.188     2.183
17 9 1 0.739 -0.187     2.255
17 10 1 0.651 -0.926     1.965
17 1 2 -1.162 2.485     0.988
17 2 2 -0.657 2.204     2.891
17 3 2 -0.224 1.881     2.832
17 4 2 -0.037 1.396     2.706
17 5 2 0.119 0.120     4.223
17 6 2 -0.178 -0.150     4.363
17 7 2 0.458 -0.609     2.769
17 8 2 1.187 -0.333     2.204
17 9 2 0.640 -0.078     2.774
17 10 2 0.463 -0.739     2.616
17 1 3 -1.245 1.995     1.081
17 2 3 -0.480 1.594     2.816
17 3 3 -0.110 1.386     2.693
17 4 3 -0.412 0.792     3.390
17 5 3 -0.360 0.089     3.745
17 6 3 -0.448 0.136     3.742
17 7 3 -0.079 -0.234     2.809
17 8 3 1.302 -0.369     1.888
17 9 3 0.968 -0.067     2.416
17 10 3 0.260 -0.703     2.910
17 1 4 -1.500 1.516     1.311
17 2 4 -0.474 1.110     3.566
17 3 4 0.010 0.787     3.223
17 4 4 -0.381 0.386     4.342
17 5 4 -0.115 0.199     3.745
17 6 4 -0.412 0.412     3.436
17 7 4 -0.417 0.542     2.700
17 8 4 1.401 -0.067     1.798
17 9 4 1.338 -0.192     2.075
17 10 4 0.296 -0.744     2.994
17 1 5 -1.443 1.157     1.478
17 2 5 -0.391 0.891     3.461
17 3 5 -0.021 0.547     3.996
17 4 5 -0.256 0.225     4.455
17 5 5 0.249 -0.015     3.524
17 6 5 0.291 0.303     2.822
17 7 5 -0.094 0.813     2.457
17 8 5 1.260 0.173     1.947
17 9 5 1.484 -0.333     1.975
17 10 5 0.463 -0.723     3.017
17 1 6 -1.141 1.396     1.792
17 2 6 -0.136 0.928     3.231
17 3 6 -0.183 0.605     3.989
17 4 6 -0.256 0.167     3.791
17 5 6 0.661 0.157     2.596
17 6 6 1.036 0.365     2.248
17 7 6 0.536 0.308     2.409
17 8 6 1.145 0.459     2.133
17 9 6 1.453 -0.442     2.068
17 10 6 0.682 -0.666     3.025
17 1 7 -0.834 1.803     2.164
17 2 7 -0.292 1.240     2.807
17 3 7 -0.485 0.881     3.147
17 4 7 -0.105 0.725     2.610
17 5 7 1.098 0.771     2.277
17 6 7 1.098 0.318     2.207
17 7 7 0.973 -0.046     2.075
17 8 7 1.286 0.199     2.015
17 9 7 1.151 -0.499     2.494
17 10 7 0.874 -0.718     2.912
17 1 8 -0.641 1.928     1.921
17 2 8 -0.511 1.506     2.636
17 3 8 -0.459 1.287     2.880
17 4 8 0.223 1.261     2.799
17 5 8 1.010 0.725     2.379
17 6 8 0.869 -0.062     2.454
17 7 8 1.083 -0.057     2.109
17 8 8 1.385 -0.182     1.939
17 9 8 1.109 -0.421     2.605
17 10 8 0.838 -0.833     2.755
17 1 9 -0.584 2.256     0.740
17 2 9 -0.417 1.714     1.415
17 3 9 -0.209 1.084     1.812
17 4 9 0.223 0.745     1.815
17 5 9 0.812 0.063     1.618
17 6 9 0.984 -0.176     1.417
17 7 9 1.296 -0.025     1.256
17 8 9 1.260 -0.078     1.222
17 9 9 0.692 -0.312     1.653
17 10 9 0.432 -0.864     1.359
18 1 1 0.773 -0.507     0.509
18 2 1 0.701 -0.544     1.658
18 3 1 0.826 -0.429     2.578
18 4 1 1.586 -0.216     2.355
18 5 1 1.857 -0.085     2.060
18 6 1 1.576 0.211     2.785
18 7 1 2.414 -0.684     2.381
18 8 1 2.466 0.185     2.083
18 9 1 1.992 0.456     2.197
18 10 1 1.659 0.435     1.957
18 1 2 0.706 -0.262     0.993
18 2 2 0.711 -0.252     3.001
18 3 2 1.206 -0.111     2.887
18 4 2 1.685 -0.111     2.691
18 5 2 1.815 -0.492     4.061
18 6 2 1.419 -0.226     4.343
18 7 2 2.169 -0.700     2.669
18 8 2 2.716 -0.289     2.019
18 9 2 1.789 0.961     2.691
18 10 2 1.336 1.008     2.583
18 1 3 0.810 -0.122     1.084
18 2 3 1.039 -0.153     2.877
18 3 3 1.466 0.097     2.715
18 4 3 1.617 -0.117     3.359
18 5 3 1.701 -0.403     3.682
18 6 3 1.331 0.128     3.746
18 7 3 1.617 -0.137     2.788
18 8 3 2.815 -0.273     1.775
18 9 3 1.867 1.008     2.334
18 10 3 0.638 1.269     2.905
18 1 4 0.716 0.019     1.323
18 2 4 1.096 -0.070     3.609
18 3 4 1.440 0.279     3.220
18 4 4 1.326 0.165     4.345
18 5 4 1.794 -0.007     3.664
18 6 4 1.503 0.545     3.404
18 7 4 1.310 0.987     2.681
18 8 4 2.805 0.336     1.697
18 9 4 1.888 0.779     2.014
18 10 4 0.060 1.227     3.017
18 1 5 0.763 -0.164     1.485
18 2 5 1.034 0.071     3.533
18 3 5 1.185 0.508     4.011
18 4 5 1.050 0.399     4.500
18 5 5 1.659 -0.007     3.477
18 6 5 1.878 0.618     2.755
18 7 5 1.451 1.659     2.381
18 8 5 2.555 0.935     1.845
18 9 5 1.794 0.659     1.931
18 10 5 -0.195 1.154     3.043
18 1 6 0.784 -0.216     1.829
18 2 6 1.112 0.128     3.282
18 3 6 0.810 0.571     4.065
18 4 6 0.643 0.196     3.918
18 5 6 1.742 0.081     2.570
18 6 6 2.237 0.826     2.166
18 7 6 1.789 1.211     2.329
18 8 6 2.206 1.430     2.023
18 9 6 1.534 0.800     2.041
18 10 6 -0.232 1.175     3.051
18 1 7 0.862 0.133     2.181
18 2 7 1.034 0.352     2.864
18 3 7 0.305 0.571     3.272
18 4 7 0.513 0.503     2.719
18 5 7 2.122 0.826     2.219
18 6 7 2.221 0.784     2.128
18 7 7 2.018 0.649     2.027
18 8 7 2.034 1.227     1.931
18 9 7 0.721 0.977     2.520
18 10 7 -0.315 1.269     2.925
18 1 8 0.971 0.253     1.914
18 2 8 0.898 0.446     2.705
18 3 8 0.404 1.019     2.934
18 4 8 1.024 1.321     2.796
18 5 8 2.148 1.123     2.285
18 6 8 1.914 0.529     2.404
18 7 8 1.992 0.639     2.061
18 8 8 1.794 0.826     1.897
18 9 8 0.289 1.154     2.633
18 10 8 -0.659 1.258     2.754
18 1 9 0.773 0.576     0.708
18 2 9 1.149 0.441     1.444
18 3 9 0.940 0.894     1.823
18 4 9 1.154 0.915     1.810
18 5 9 1.925 0.264     1.582
18 6 9 1.987 0.430     1.379
18 7 9 1.951 0.795     1.214
18 8 9 1.232 1.008     1.204
18 9 9 -0.367 1.326     1.647
18 10 9 -1.180 1.300     1.333
19 1 1 1.310 1.349     0.449
19 2 1 1.195 0.891     1.705
19 3 1 1.602 0.401     2.609
19 4 1 2.346 0.500     2.298
19 5 1 2.305 1.230     1.992
19 6 1 2.174 1.079     2.708
19 7 1 2.945 0.412     2.246
19 8 1 3.227 0.912     1.970
19 9 1 3.466 0.865     2.045
19 10 1 3.549 0.693     1.824
19 1 2 1.216 1.167     0.945
19 2 2 1.336 0.693     2.982
19 3 2 2.003 0.506     2.870
19 4 2 2.560 0.276     2.619
19 5 2 2.534 0.266     3.740
19 6 2 2.393 0.610     4.174
19 7 2 3.164 0.407     2.504
19 8 2 3.586 0.688     1.794
19 9 2 3.200 1.547     2.505
19 10 2 3.128 1.495     2.406
19 1 3 1.154 0.844     1.049
19 2 3 1.513 0.407     2.907
19 3 3 2.117 0.401     2.690
19 4 3 2.456 0.026     3.252
19 5 3 2.607 -0.010     3.529
19 6 3 2.549 0.683     3.590
19 7 3 3.133 0.641     2.603
19 8 3 4.049 0.698     1.629
19 9 3 3.232 1.829     2.147
19 10 3 2.299 2.042     2.748
19 1 4 0.914 0.573     1.307
19 2 4 1.492 0.198     3.574
19 3 4 1.987 0.266     3.184
19 4 4 2.128 0.063     4.249
19 5 4 2.747 0.188     3.492
19 6 4 2.711 0.834     3.242
19 7 4 3.091 1.323     2.508
19 8 4 4.409 1.099     1.534
19 9 4 3.268 1.802     1.854
19 10 4 1.513 2.235     2.913
19 1 5 0.852 0.287     1.481
19 2 5 1.440 0.261     3.577
19 3 5 1.768 0.344     3.979
19 4 5 2.034 0.204     4.410
19 5 5 2.878 0.266     3.312
19 6 5 3.154 1.068     2.580
19 7 5 3.200 1.922     2.206
19 8 5 4.372 1.636     1.652
19 9 5 3.315 1.756     1.776
19 10 5 1.138 2.323     2.948
19 1 6 1.060 0.329     1.811
19 2 6 1.549 0.459     3.310
19 3 6 1.539 0.526     4.074
19 4 6 2.003 0.349     3.863
19 5 6 3.305 0.724     2.409
19 6 6 3.622 1.516     1.995
19 7 6 3.461 1.943     2.118
19 8 6 4.128 2.391     1.781
19 9 6 3.096 1.875     1.891
19 10 6 0.924 2.506     2.938
19 1 7 1.247 0.761     2.140
19 2 7 1.674 0.750     2.872
19 3 7 1.471 0.829     3.296
19 4 7 2.325 1.016     2.655
19 5 7 3.742 1.454     2.037
19 6 7 3.638 1.433     1.957
19 7 7 3.789 1.756     1.846
19 8 7 3.940 2.506     1.699
19 9 7 2.279 2.193     2.373
19 10 7 0.721 2.750     2.804
19 1 8 1.482 1.058     1.845
19 2 8 1.773 1.120     2.685
19 3 8 1.794 1.443     2.875
19 4 8 2.768 1.657     2.641
19 5 8 3.659 1.422     2.102
19 6 8 3.581 1.105     2.220
19 7 8 4.096 1.750     1.848
19 8 8 3.721 2.261     1.700
19 9 8 1.768 2.698     2.472
19 10 8 0.253 3.026     2.626
19 1 9 1.596 1.329     0.663
19 2 9 2.029 1.297     1.459
19 3 9 2.154 1.495     1.799
19 4 9 2.841 1.230     1.753
19 5 9 3.753 0.782     1.482
19 6 9 4.128 1.287     1.276
19 7 9 4.450 1.948     1.092
19 8 9 3.372 2.573     1.103
19 9 9 0.997 3.136     1.576
19 10 9 -0.487 3.323     1.300
20 1 1 1.560 -2.747     0.490
20 2 1 1.461 -2.310     1.761
20 3 1 1.268 -1.518     2.704
20 4 1 1.857 -1.138     2.381
20 5 1 2.034 -0.706     2.086
20 6 1 1.633 -0.279     2.818
20 7 1 1.893 -0.680     2.330
20 8 1 1.680 0.081     2.093
20 9 1 1.622 -0.159     2.178
20 10 1 1.940 -0.607     1.932
20 1 2 1.529 -2.643     0.945
20 2 2 1.404 -2.065     2.864
20 3 2 1.607 -1.320     2.941
20 4 2 2.128 -1.049     2.667
20 5 2 2.143 -1.127     3.551
20 6 2 1.534 -0.825     4.219
20 7 2 1.867 -1.138     2.571
20 8 2 1.878 -0.690     1.824
20 9 2 1.206 -0.091     2.674
20 10 2 1.419 -0.294     2.559
20 1 3 1.753 -2.627     1.035
20 2 3 1.763 -1.940     2.885
20 3 3 1.867 -1.075     2.757
20 4 3 1.893 -0.883     3.283
20 5 3 1.836 -1.164     3.546
20 6 3 1.435 -0.711     3.686
20 7 3 1.654 -1.143     2.680
20 8 3 2.232 -1.232     1.706
20 9 3 1.398 -0.482     2.296
20 10 3 0.956 -0.258     2.956
20 1 4 1.711 -2.461     1.280
20 2 4 1.852 -1.700     3.385
20 3 4 1.820 -0.971     3.231
20 4 4 1.497 -0.773     4.324
20 5 4 1.815 -0.752     3.550
20 6 4 1.471 -0.320     3.362
20 7 4 1.409 -0.440     2.654
20 8 4 2.477 -1.190     1.604
20 9 4 1.799 -0.956     1.952
20 10 4 0.846 -0.430     3.128
20 1 5 1.612 -2.268     1.449
20 2 5 1.612 -1.388     3.610
20 3 5 1.607 -0.982     4.029
20 4 5 1.393 -0.742     4.501
20 5 5 1.805 -0.732     3.382
20 6 5 1.685 -0.482     2.689
20 7 5 1.310 -0.096     2.372
20 8 5 2.331 -0.992     1.733
20 9 5 2.070 -1.138     1.849
20 10 5 0.971 -0.544     3.136
20 1 6 1.445 -1.971     1.819
20 2 6 1.633 -1.383     3.342
20 3 6 1.529 -1.232     4.096
20 4 6 1.378 -1.284     3.912
20 5 6 1.805 -1.164     2.492
20 6 6 1.893 -0.883     2.086
20 7 6 1.518 -0.721     2.247
20 8 6 2.148 -0.752     1.876
20 9 6 2.122 -1.159     1.961
20 10 6 1.091 -0.518     3.110
20 1 7 1.305 -1.508     2.168
20 2 7 1.779 -1.466     2.911
20 3 7 1.430 -1.653     3.323
20 4 7 1.331 -1.721     2.724
20 5 7 2.138 -1.278     2.114
20 6 7 2.076 -1.258     2.027
20 7 7 1.919 -1.367     1.935
20 8 7 2.211 -0.961     1.787
20 9 7 1.784 -1.159     2.449
20 10 7 1.206 -0.534     2.968
20 1 8 1.336 -1.570     1.871
20 2 8 1.565 -1.607     2.743
20 3 8 1.185 -1.409     2.976
20 4 8 1.596 -1.143     2.749
20 5 8 2.461 -0.987     2.155
20 6 8 2.221 -1.252     2.269
20 7 8 2.247 -1.310     1.918
20 8 8 2.378 -1.263     1.762
20 9 8 1.716 -0.992     2.562
20 10 8 1.174 -0.591     2.792
20 1 9 1.247 -1.680     0.604
20 2 9 1.680 -1.872     1.426
20 3 9 1.409 -1.185     1.797
20 4 9 1.872 -0.851     1.736
20 5 9 2.513 -1.091     1.422
20 6 9 2.232 -0.950     1.251
20 7 9 2.299 -0.997     1.073
20 8 9 2.263 -0.997     1.075
20 9 9 1.466 -0.784     1.585
20 10 9 0.852 -0.622     1.358
21 1 1 1.294 -2.260     0.646
21 2 1 1.059 -1.750     1.783
21 3 1 0.809 -1.219     2.578
21 4 1 1.820 -0.906     2.235
21 5 1 2.059 -0.026     2.034
21 6 1 1.273 0.761     2.742
21 7 1 1.976 -0.286     2.279
21 8 1 2.148 0.724     2.019
21 9 1 1.737 0.740     2.139
21 10 1 1.450 0.057     1.960
21 1 2 1.169 -2.187     1.017
21 2 2 0.924 -1.526     3.985
21 3 2 1.294 -0.823     2.775
21 4 2 2.117 -0.547     2.452
21 5 2 2.122 -0.922     4.807
21 6 2 1.054 -0.469     4.042
21 7 2 1.601 -1.068     2.439
21 8 2 2.085 -0.375     2.631
21 9 2 0.950 0.682     2.645
21 10 2 0.596 0.313     2.669
21 1 3 1.408 -2.094     1.083
21 2 3 1.434 -1.474     2.704
21 3 3 1.700 -0.489     2.613
21 4 3 1.737 -0.448     3.043
21 5 3 1.601 -1.193     3.221
21 6 3 0.914 -0.635     3.505
21 7 3 1.059 -1.088     2.628
21 8 3 2.059 -1.026     1.708
21 9 3 0.924 0.063     2.369
21 10 3 -0.060 0.125     3.102
21 1 4 1.289 -1.823     1.296
21 2 4 1.539 -1.312     4.622
21 3 4 1.690 -0.536     3.038
21 4 4 1.153 -0.557     3.992
21 5 4 1.544 -0.797     3.290
21 6 4 1.122 -0.099     3.207
21 7 4 0.710 0.026     2.680
21 8 4 2.096 -0.771     1.611
21 9 4 1.257 -0.469     2.066
21 10 4 -0.149 -0.229     3.208
21 1 5 1.169 -1.812     1.448
21 2 5 1.440 -1.125     3.289
21 3 5 1.575 -0.739     3.672
21 4 5 1.138 -0.661     4.157
21 5 5 1.658 -0.786     3.135
21 6 5 1.690 -0.234     2.555
21 7 5 0.924 0.682     2.343
21 8 5 1.851 -0.239     1.728
21 9 5 1.398 -0.578     1.953
21 10 5 -0.019 -0.364     3.259
21 1 6 0.945 -1.661     1.712
21 2 6 1.606 -1.255     3.087
21 3 6 1.601 -1.141     3.742
21 4 6 1.247 -1.364     3.574
21 5 6 1.877 -1.266     2.338
21 6 6 2.210 -0.724     1.989
21 7 6 1.492 -0.167     2.227
21 8 6 1.559 0.120     1.892
21 9 6 1.247 -0.526     2.067
21 10 6 0.158 -0.266     3.207
21 1 7 0.830 -1.151     2.030
21 2 7 1.856 -1.239     2.693
21 3 7 1.445 -1.578     3.240
21 4 7 1.195 -1.766     2.535
21 5 7 2.393 -1.234     1.933
21 6 7 2.523 -1.062     1.900
21 7 7 2.007 -1.036     1.869
21 8 7 1.565 -0.286     1.871
21 9 7 0.763 -0.495     2.554
21 10 7 0.263 -0.250     3.033
21 1 8 1.002 -1.260     1.776
21 2 8 1.513 -1.333     2.570
21 3 8 0.997 -1.042     2.850
21 4 8 1.429 -0.745     2.557
21 5 8 2.804 -0.698     1.966
21 6 8 2.690 -0.953     2.074
21 7 8 2.278 -0.807     1.843
21 8 8 1.726 -0.620     1.850
21 9 8 0.716 -0.349     2.665
21 10 8 0.158 -0.364     2.882
21 1 9 0.820 -1.229     0.646
21 2 9 1.460 -1.594     1.390
21 3 9 1.122 -0.745     1.775
21 4 9 1.565 -0.391     1.687
21 5 9 2.794 -1.052     1.326
21 6 9 2.695 -0.708     1.208
21 7 9 2.237 -0.338     1.104
21 8 9 1.455 -0.167     1.247
21 9 9 0.226 -0.010     1.745
21 10 9 -0.357 -0.380     1.504
22 1 1 0.644 1.517     0.593
22 2 1 0.654 0.981     1.798
22 3 1 0.581 0.126     2.654
22 4 1 1.284 0.111     2.231
22 5 1 1.519 0.694     2.001
22 6 1 1.154 0.564     2.734
22 7 1 1.810 -0.358     2.215
22 8 1 1.946 0.470     1.935
22 9 1 1.889 0.569     2.058
22 10 1 1.842 0.491     1.891
22 1 2 0.529 1.600     0.955
22 2 2 0.545 0.996     4.005
22 3 2 0.920 0.371     2.807
22 4 2 1.389 0.132     2.443
22 5 2 1.477 -0.165     4.736
22 6 2 1.081 -0.191     4.050
22 7 2 1.790 -0.712     2.359
22 8 2 2.232 -0.144     2.477
22 9 2 1.451 0.991     2.573
22 10 2 1.217 1.033     2.614
22 1 3 0.571 1.397     1.031
22 2 3 0.758 0.699     2.756
22 3 3 1.066 0.423     2.626
22 4 3 1.159 -0.139     3.050
22 5 3 1.290 -0.582     3.186
22 6 3 1.154 -0.254     3.503
22 7 3 1.597 -0.608     2.566
22 8 3 2.446 -0.509     1.618
22 9 3 1.321 0.840     2.319
22 10 3 0.274 1.246     3.084
22 1 4 0.144 0.949     1.271
22 2 4 0.587 0.288     4.758
22 3 4 0.826 0.152     3.096
22 4 4 0.691 -0.400     4.060
22 5 4 1.441 -0.535     3.245
22 6 4 1.446 -0.035     3.166
22 7 4 1.456 0.257     2.647
22 8 4 2.555 -0.233     1.525
22 9 4 1.243 0.444     2.050
22 10 4 -0.424 1.116     3.207
22 1 5 -0.169 0.168     1.475
22 2 5 0.383 -0.066     3.434
22 3 5 0.529 -0.197     3.793
22 4 5 0.456 -0.572     4.248
22 5 5 1.498 -0.676     3.079
22 6 5 1.889 0.017     2.489
22 7 5 1.534 0.908     2.285
22 8 5 2.295 0.277     1.662
22 9 5 1.170 0.220     1.953
22 10 5 -0.669 0.955     3.262
22 1 6 -0.236 -0.202     1.756
22 2 6 0.675 -0.431     3.183
22 3 6 0.561 -0.577     3.832
22 4 6 0.566 -0.957     3.605
22 5 6 1.784 -0.681     2.278
22 6 6 2.217 0.059     1.903
22 7 6 1.712 0.475     2.180
22 8 6 1.889 0.731     1.839
22 9 6 0.993 0.205     2.100
22 10 6 -0.559 0.850     3.246
22 1 7 -0.163 0.022     2.103
22 2 7 0.842 -0.478     2.745
22 3 7 0.581 -0.822     3.289
22 4 7 0.951 -0.863     2.555
22 5 7 2.342 -0.316     1.867
22 6 7 2.284 -0.275     1.818
22 7 7 2.024 -0.181     1.822
22 8 7 1.774 0.486     1.819
22 9 7 0.467 0.356     2.651
22 10 7 -0.356 0.897     3.079
22 1 8 0.144 0.012     1.836
22 2 8 0.743 -0.400     2.636
22 3 8 0.680 -0.358     2.946
22 4 8 1.498 -0.181     2.560
22 5 8 2.576 -0.233     1.874
22 6 8 2.404 -0.572     1.975
22 7 8 2.503 -0.191     1.761
22 8 8 1.909 0.173     1.803
22 9 8 0.352 0.699     2.736
22 10 8 -0.460 0.970     2.927
22 1 9 0.311 0.257     0.641
22 2 9 0.998 -0.342     1.426
22 3 9 1.060 -0.311     1.823
22 4 9 1.758 -0.363     1.682
22 5 9 2.800 -0.733     1.268
22 6 9 2.967 -0.243     1.148
22 7 9 2.967 0.132     1.054
22 8 9 1.810 0.517     1.242
22 9 9 -0.096 1.053     1.801
22 10 9 -0.893 1.001     1.531
23 1 1 -0.208 2.243     0.543
23 2 1 -0.437 1.868     1.718
23 3 1 -0.640 1.071     2.632
23 4 1 0.204 1.019     2.244
23 5 1 0.683 0.883     1.992
23 6 1 -0.442 1.258     2.690
23 7 1 -0.650 0.107     2.246
23 8 1 -0.635 0.310     1.952
23 9 1 -0.833 -0.143     2.062
23 10 1 -0.520 -0.757     1.864
23 1 2 -0.281 2.321     0.932
23 2 2 -0.437 1.800     3.884
23 3 2 -0.244 1.586     2.792
23 4 2 0.126 1.644     2.434
23 5 2 0.428 0.602     4.859
23 6 2 -0.583 0.472     4.143
23 7 2 -0.926 -0.179     2.430
23 8 2 -0.416 -0.638     2.541
23 9 2 -0.812 -0.679     2.611
23 10 2 -0.630 -1.210     2.589
23 1 3 -0.286 2.170     1.012
23 2 3 -0.015 1.389     2.751
23 3 3 0.173 1.566     2.616
23 4 3 -0.234 1.331     3.041
23 5 3 -0.312 0.264     3.338
23 6 3 -0.796 0.248     3.575
23 7 3 -1.338 -0.205     2.587
23 8 3 -0.327 -1.117     1.658
23 9 3 -0.255 -1.111     2.343
23 10 3 -0.484 -1.507     3.024
23 1 4 -0.697 1.878     1.251
23 2 4 0.136 0.977     4.819
23 3 4 0.511 1.113     3.125
23 4 4 -0.531 0.873     4.100
23 5 4 -0.468 0.264     3.383
23 6 4 -0.609 0.045     3.269
23 7 4 -1.468 0.055     2.649
23 8 4 -0.255 -0.971     1.586
23 9 4 0.235 -1.231     2.064
23 10 4 -0.229 -1.523     3.153
23 1 5 -0.885 1.363     1.465
23 2 5 0.183 0.753     3.529
23 3 5 0.495 0.816     3.864
23 4 5 -0.598 0.612     4.329
23 5 5 -0.567 -0.033     3.204
23 6 5 -0.197 -0.341     2.613
23 7 5 -1.249 -0.127     2.304
23 8 5 -0.416 -0.736     1.731
23 9 5 0.423 -1.216     1.965
23 10 5 0.016 -1.445     3.199
23 1 6 -0.827 1.295     1.775
23 2 6 0.386 0.795     3.268
23 3 6 0.298 0.779     3.929
23 4 6 -0.770 0.253     3.700
23 5 6 -0.333 -0.200     2.412
23 6 6 0.178 -0.278     2.027
23 7 6 -0.697 -0.606     2.233
23 8 6 -0.275 -0.315     1.943
23 9 6 0.521 -1.226     2.101
23 10 6 0.245 -1.335     3.222
23 1 7 -0.718 1.649     2.088
23 2 7 0.126 1.191     2.787
23 3 7 -0.359 0.868     3.351
23 4 7 -0.812 0.654     2.616
23 5 7 0.282 0.602     1.965
23 6 7 0.261 -0.044     1.938
23 7 7 -0.135 -0.627     1.910
23 8 7 0.266 -0.471     1.908
23 9 7 0.240 -1.299     2.641
23 10 7 0.428 -1.294     3.057
23 1 8 -0.630 1.717     1.823
23 2 8 -0.432 1.310     2.655
23 3 8 -0.729 1.258     2.948
23 4 8 -0.557 1.670     2.530
23 5 8 0.266 1.284     1.915
23 6 8 0.022 0.055     2.130
23 7 8 0.115 -0.356     1.879
23 8 8 0.589 -0.940     1.834
23 9 8 0.485 -1.283     2.716
23 10 8 0.636 -1.346     2.887
23 1 9 -0.796 2.081     0.668
23 2 9 -0.463 1.461     1.454
23 3 9 -0.484 1.243     1.856
23 4 9 -0.692 1.389     1.701
23 5 9 -0.208 0.571     1.354
23 6 9 0.001 -0.013     1.263
23 7 9 0.396 -0.278     1.140
23 8 9 0.725 -0.690     1.290
23 9 9 0.527 -1.018     1.836
23 10 9 0.495 -1.351     1.529
24 1 1 1.599 6.745     0.336
24 2 1 1.234 6.083     1.349
24 3 1 1.630 4.135     2.285
24 4 1 1.963 3.719     1.957
24 5 1 1.510 4.073     1.740
24 6 1 1.474 3.094     2.461
24 7 1 2.531 2.146     2.071
24 8 1 3.088 2.422     1.756
24 9 1 2.989 2.339     1.869
24 10 1 2.635 2.172     1.724
24 1 2 1.718 6.583     0.828
24 2 2 1.734 5.458     3.118
24 3 2 2.067 4.000     2.610
24 4 2 1.786 3.219     2.394
24 5 2 1.302 3.057     4.472
24 6 2 1.546 3.031     3.951
24 7 2 2.713 2.969     2.350
24 8 2 3.442 2.740     2.356
24 9 2 3.015 3.083     2.485
24 10 2 2.609 2.818     2.520
24 1 3 1.822 6.198     0.905
24 2 3 1.974 4.750     2.479
24 3 3 2.041 3.713     2.500
24 4 3 1.651 2.891     2.980
24 5 3 1.635 3.088     3.216
24 6 3 1.937 3.484     3.337
24 7 3 2.791 3.698     2.415
24 8 3 3.750 3.365     1.589
24 9 3 3.031 3.661     2.200
24 10 3 2.260 3.432     2.868
24 1 4 1.682 5.630     1.119
24 2 4 1.911 4.099     4.118
24 3 4 1.890 3.448     2.969
24 4 4 1.744 2.995     3.892
24 5 4 2.171 3.286     3.181
24 6 4 2.296 3.604     3.025
24 7 4 2.911 4.182     2.405
24 8 4 3.890 3.922     1.504
24 9 4 2.833 3.927     1.959
24 10 4 1.713 3.854     2.963
24 1 5 1.395 4.880     1.340
24 2 5 1.724 3.641     3.229
24 3 5 1.687 3.349     3.635
24 4 5 1.802 3.120     4.054
24 5 5 2.557 3.146     3.008
24 6 5 2.880 3.776     2.407
24 7 5 3.182 4.417     2.076
24 8 5 3.807 4.266     1.602
24 9 5 2.661 3.990     1.886
24 10 5 1.354 4.073     2.870
24 1 6 1.364 4.380     1.647
24 2 6 1.630 3.625     3.080
24 3 6 1.291 3.365     3.718
24 4 6 1.786 3.297     3.487
24 5 6 3.239 3.786     2.194
24 6 6 3.526 4.469     1.841
24 7 6 3.468 4.625     1.975
24 8 6 3.619 4.823     1.724
24 9 6 2.432 4.042     1.923
24 10 6 1.099 4.297     2.982
24 1 7 1.458 4.333     1.912
24 2 7 1.385 3.974     2.644
24 3 7 1.036 3.906     3.057
24 4 7 2.333 4.448     2.356
24 5 7 3.885 4.875     1.720
24 6 7 3.567 4.729     1.753
24 7 7 3.552 4.901     1.681
24 8 7 3.328 4.870     1.656
24 9 7 1.864 4.224     2.373
24 10 7 0.994 4.490     2.829
24 1 8 1.494 4.401     1.687
24 2 8 1.390 4.479     2.469
24 3 8 1.572 4.734     2.628
24 4 8 2.822 4.969     2.245
24 5 8 3.458 4.292     1.750
24 6 8 3.192 4.125     1.943
24 7 8 3.552 4.906     1.662
24 8 8 3.010 4.729     1.631
24 9 8 1.604 4.599     2.392
24 10 8 0.729 4.661     2.666
24 1 9 1.552 4.745     0.708
24 2 9 1.734 4.771     1.445
24 3 9 1.906 4.312     1.805
24 4 9 2.364 3.380     1.727
24 5 9 2.953 2.667     1.419
24 6 9 3.510 3.719     1.262
24 7 9 3.713 4.703     1.130
24 8 9 2.567 4.812     1.238
24 9 9 1.083 4.891     1.759
24 10 9 0.291 4.974     1.523
25 1 1 2.421 -4.554     0.442
25 2 1 1.871 -3.460     1.444
25 3 1 1.337 -2.148     2.426
25 4 1 1.850 -1.575     2.123
25 5 1 2.074 -1.043     1.918
25 6 1 1.673 -0.205     2.675
25 7 1 1.962 -0.533     2.263
25 8 1 1.869 0.102     1.976
25 9 1 2.007 -0.335     2.072
25 10 1 2.436 -0.861     1.885
25 1 2 2.415 -4.450     0.845
25 2 2 1.874 -3.142     2.888
25 3 2 1.705 -1.981     2.717
25 4 2 2.012 -1.444     2.523
25 5 2 1.962 -1.429     4.341
25 6 2 1.327 -0.799     4.150
25 7 2 1.663 -1.179     2.533
25 8 2 1.710 -0.773     2.526
25 9 2 1.244 -0.158     2.752
25 10 2 1.764 -0.460     2.714
25 1 3 2.673 -4.273     0.910
25 2 3 2.262 -2.929     2.450
25 3 3 1.986 -1.705     2.619
25 4 3 1.764 -1.330     3.108
25 5 3 1.587 -1.523     3.333
25 6 3 1.160 -0.861     3.568
25 7 3 1.319 -1.528     2.601
25 8 3 1.869 -1.611     1.764
25 9 3 1.225 -0.502     2.455
25 10 3 1.168 -0.309     3.140
25 1 4 2.449 -3.825     1.114
25 2 4 2.090 -2.528     3.828
25 3 4 1.811 -1.601     3.072
25 4 4 1.387 -1.293     4.030
25 5 4 1.619 -1.252     3.323
25 6 4 1.184 -0.736     3.265
25 7 4 1.007 -1.085     2.652
25 8 4 2.129 -1.877     1.663
25 9 4 1.553 -1.043     2.165
25 10 4 0.866 -0.377     3.267
25 1 5 2.033 -3.424     1.335
25 2 5 1.616 -2.106     3.208
25 3 5 1.514 -1.590     3.731
25 4 5 1.309 -1.299     4.193
25 5 5 1.520 -1.304     3.171
25 6 5 1.306 -1.184     2.615
25 7 5 0.931 -0.903     2.343
25 8 5 2.111 -1.736     1.765
25 9 5 1.884 -1.398     2.048
25 10 5 0.874 -0.507     3.126
25 1 6 1.525 -2.981     1.656
25 2 6 1.507 -2.226     3.147
25 3 6 1.447 -1.960     3.776
25 4 6 1.228 -1.955     3.580
25 5 6 1.421 -1.882     2.335
25 6 6 1.478 -1.731     2.026
25 7 6 1.298 -1.616     2.164
25 8 6 2.111 -1.496     1.885
25 9 6 2.100 -1.523     2.011
25 10 6 1.033 -0.554     3.261
25 1 7 1.199 -2.429     1.965
25 2 7 1.626 -2.356     2.720
25 3 7 1.345 -2.502     3.019
25 4 7 1.178 -2.543     2.427
25 5 7 1.780 -2.080     1.864
25 6 7 1.712 -2.007     1.917
25 7 7 1.837 -2.184     1.811
25 8 7 2.330 -1.621     1.744
25 9 7 1.819 -1.564     2.449
25 10 7 1.181 -0.637     3.085
25 1 8 1.191 -2.580     1.731
25 2 8 1.441 -2.517     2.541
25 3 8 1.139 -2.189     2.720
25 4 8 1.535 -1.882     2.383
25 5 8 2.244 -1.523     1.899
25 6 8 1.955 -1.762     2.074
25 7 8 2.181 -1.913     1.800
25 8 8 2.504 -1.871     1.699
25 9 8 1.830 -1.476     2.472
25 10 8 1.215 -0.809     2.911
25 1 9 1.283 -2.887     0.594
25 2 9 1.710 -2.913     1.337
25 3 9 1.444 -1.845     1.755
25 4 9 1.936 -1.330     1.688
25 5 9 2.415 -1.293     1.370
25 6 9 1.988 -1.158     1.246
25 7 9 2.264 -1.424     1.104
25 8 9 2.405 -1.523     1.162
25 9 9 1.650 -1.325     1.736
25 10 9 1.025 -1.028     1.563
26 1 1 3.530 -7.668     0.585
26 2 1 2.817 -4.934     1.561
26 3 1 1.660 -2.059     2.702
26 4 1 1.952 -1.017     2.459
26 5 1 2.134 -0.402     2.256
26 6 1 1.093 0.676     3.101
26 7 1 1.447 -0.236     2.669
26 8 1 1.775 0.420     2.337
26 9 1 1.764 0.045     2.441
26 10 1 1.999 -0.684     2.222
26 1 2 3.525 -7.283     0.874
26 2 2 2.603 -3.923     2.627
26 3 2 2.041 -1.387     2.995
26 4 2 2.077 -0.283     2.851
26 5 2 1.863 -0.616     4.486
26 6 2 0.530 -0.309     4.682
26 7 2 0.671 -0.913     2.975
26 8 2 1.462 -0.653     2.886
26 9 2 1.296 -0.257     3.161
26 10 2 1.624 -0.668     3.070
26 1 3 3.801 -6.720     0.938
26 2 3 2.931 -3.413     2.496
26 3 3 2.171 -0.835     2.921
26 4 3 1.468 0.014     3.498
26 5 3 1.067 -0.611     3.756
26 6 3 0.212 -0.408     4.116
26 7 3 -0.100 -1.106     3.051
26 8 3 1.051 -1.574     2.140
26 9 3 1.212 -1.080     2.824
26 10 3 1.238 -1.048     3.506
26 1 4 3.405 -5.736     1.143
26 2 4 2.259 -2.585     3.654
26 3 4 1.426 -0.600     3.451
26 4 4 0.541 0.030     4.570
26 5 4 0.759 -0.241     3.817
26 6 4 0.285 -0.231     3.815
26 7 4 -0.532 -0.679     3.129
26 8 4 0.931 -1.970     2.023
26 9 4 1.343 -1.882     2.468
26 10 4 0.968 -1.595     3.596
26 1 5 2.655 -4.767     1.380
26 2 5 1.337 -1.949     3.374
26 3 5 0.707 -0.663     4.195
26 4 5 0.067 -0.038     4.832
26 5 5 0.259 -0.449     3.703
26 6 5 0.426 -0.751     3.080
26 7 5 -0.334 -0.710     2.816
26 8 5 0.890 -2.085     2.100
26 9 5 1.582 -2.257     2.321
26 10 5 0.957 -1.887     3.320
26 1 6 1.613 -3.757     1.785
26 2 6 1.030 -2.059     3.416
26 3 6 0.598 -1.106     4.194
26 4 6 -0.303 -0.975     4.037
26 5 6 -0.116 -1.309     2.743
26 6 6 0.509 -1.298     2.444
26 7 6 0.150 -1.621     2.553
26 8 6 1.030 -1.778     2.238
26 9 6 1.822 -2.267     2.189
26 10 6 1.129 -1.923     3.530
26 1 7 1.025 -2.830     2.146
26 2 7 1.067 -2.210     3.000
26 3 7 0.254 -1.788     3.288
26 4 7 -0.491 -1.731     2.780
26 5 7 0.551 -1.330     2.273
26 6 7 0.770 -1.475     2.313
26 7 7 0.546 -2.236     2.124
26 8 7 1.363 -1.876     2.023
26 9 7 1.603 -2.272     2.597
26 10 7 1.317 -1.934     3.350
26 1 8 0.869 -3.189     1.904
26 2 8 0.811 -2.715     2.792
26 3 8 -0.194 -1.600     3.082
26 4 8 -0.142 -0.684     2.875
26 5 8 1.186 -0.444     2.318
26 6 8 0.900 -1.324     2.461
26 7 8 0.754 -2.033     2.132
26 8 8 1.530 -2.262     1.941
26 9 8 1.634 -2.189     2.623
26 10 8 1.447 -2.054     3.163
26 1 9 0.791 -3.199     0.511
26 2 9 1.270 -3.017     1.270
26 3 9 0.363 -1.376     1.800
26 4 9 0.108 -0.132     1.832
26 5 9 0.843 -0.684     1.427
26 6 9 0.551 -1.330     1.292
26 7 9 0.806 -1.814     1.112
26 8 9 1.593 -1.944     1.107
26 9 9 1.551 -1.955     1.689
26 10 9 1.171 -2.309     1.514
27 1 1 2.819 -5.808     0.643
27 2 1 1.970 -3.417     1.675
27 3 1 0.955 -1.225     2.987
27 4 1 1.647 -0.204     2.732
27 5 1 1.741 0.354     2.511
27 6 1 0.507 0.895     3.436
27 7 1 1.257 -0.490     2.962
27 8 1 1.543 0.525     2.587
27 9 1 1.121 0.499     2.742
27 10 1 1.064 0.057     2.543
27 1 2 2.923 -5.501     0.882
27 2 2 1.876 -2.704     2.513
27 3 2 1.481 -0.480     3.273
27 4 2 1.668 0.421     3.097
27 5 2 1.319 -0.297     4.669
27 6 2 -0.066 -0.063     5.222
27 7 2 0.512 -0.735     3.341
27 8 2 1.580 -0.303     3.106
27 9 2 0.824 0.567     3.491
27 10 2 0.658 0.286     3.443
27 1 3 3.277 -5.047     0.944
27 2 3 2.335 -2.308     2.577
27 3 3 1.684 0.114     3.181
27 4 3 0.892 0.551     3.831
27 5 3 0.439 -0.391     4.170
27 6 3 -0.353 0.124     4.577
27 7 3 -0.311 -0.225     3.490
27 8 3 1.548 -0.501     2.406
27 9 3 1.074 0.374     3.137
27 10 3 0.043 0.270     3.962
27 1 4 3.022 -4.292     1.151
27 2 4 2.043 -1.761     3.530
27 3 4 1.293 0.281     3.744
27 4 4 0.027 0.635     4.991
27 5 4 0.303 0.124     4.280
27 6 4 -0.030 0.234     4.287
27 7 4 -0.660 0.744     3.473
27 8 4 1.642 -0.032     2.297
27 9 4 1.345 0.203     2.746
27 10 4 -0.249 0.161     4.054
27 1 5 2.455 -3.766     1.387
27 2 5 1.392 -1.355     3.484
27 3 5 0.736 0.166     4.587
27 4 5 -0.353 0.676     5.229
27 5 5 0.168 -0.016     4.190
27 6 5 0.673 -0.230     3.459
27 7 5 -0.337 0.880     3.158
27 8 5 1.231 0.447     2.405
27 9 5 1.361 0.119     2.601
27 10 5 -0.191 0.088     3.770
27 1 6 1.564 -3.100     1.855
27 2 6 1.251 -1.641     3.598
27 3 6 0.699 -0.454     4.560
27 4 6 -0.478 -0.256     4.466
27 5 6 0.356 -0.667     3.117
27 6 6 1.262 -0.303     2.743
27 7 6 0.330 -0.053     2.958
27 8 6 0.918 0.874     2.546
27 9 6 1.309 0.051     2.436
27 10 6 0.152 0.046     4.007
27 1 7 1.007 -2.350     2.269
27 2 7 1.304 -1.896     3.169
27 3 7 0.376 -1.417     3.473
27 4 7 -0.238 -1.032     3.104
27 5 7 1.402 -0.412     2.564
27 6 7 1.595 -0.230     2.569
27 7 7 0.996 -0.584     2.426
27 8 7 1.283 0.437     2.261
27 9 7 0.876 -0.042     2.909
27 10 7 0.559 -0.016     3.754
27 1 8 0.819 -2.933     1.988
27 2 8 0.850 -2.573     2.928
27 3 8 -0.103 -1.370     3.358
27 4 8 0.335 -0.230     3.308
27 5 8 1.981 0.203     2.536
27 6 8 1.439 -0.261     2.715
27 7 8 1.220 -0.188     2.438
27 8 8 1.527 -0.100     2.176
27 9 8 0.892 0.046     2.932
27 10 8 0.533 -0.183     3.563
27 1 9 0.543 -3.178     0.427
27 2 9 1.152 -3.131     1.193
27 3 9 0.376 -1.495     1.816
27 4 9 0.408 -0.214     1.939
27 5 9 1.402 -0.579     1.427
27 6 9 1.074 -0.344     1.315
27 7 9 1.283 0.130     1.143
27 8 9 1.413 0.286     1.100
27 9 9 0.434 0.249     1.778
27 10 9 -0.025 -0.360     1.609
28 1 1 1.847 -2.580     0.802
28 2 1 1.149 -1.190     1.734
28 3 1 -0.002 -0.559     2.944
28 4 1 0.982 -0.075     2.736
28 5 1 1.326 0.196     2.521
28 6 1 -0.482 1.149     3.337
28 7 1 0.034 -0.299     3.048
28 8 1 0.617 0.696     2.694
28 9 1 0.498 0.493     3.007
28 10 1 0.727 0.003     2.689
28 1 2 1.690 -2.460     0.968
28 2 2 0.914 -0.861     3.847
28 3 2 0.550 0.180     3.198
28 4 2 0.899 0.842     3.016
28 5 2 0.961 -0.242     6.467
28 6 2 -0.779 0.206     4.988
28 7 2 -0.633 -0.523     3.339
28 8 2 0.675 -0.330     3.426
28 9 2 0.258 0.368     3.769
28 10 2 0.341 0.081     3.743
28 1 3 1.794 -2.169     1.018
28 2 3 1.331 -0.867     2.464
28 3 3 1.003 0.571     3.076
28 4 3 0.268 0.873     3.714
28 5 3 0.008 -0.268     4.127
28 6 3 -0.877 0.159     4.408
28 7 3 -1.299 -0.367     3.369
28 8 3 0.659 -0.960     2.503
28 9 3 0.623 -0.033     3.216
28 10 3 -0.086 -0.075     4.264
28 1 4 1.445 -1.705     1.209
28 2 4 1.268 -0.887     5.061
28 3 4 1.143 0.373     3.575
28 4 4 -0.226 0.633     4.803
28 5 4 -0.143 0.050     4.277
28 6 4 -0.601 -0.028     4.235
28 7 4 -1.575 -0.033     3.289
28 8 4 0.805 -1.023     2.359
28 9 4 1.091 -0.486     2.798
28 10 4 -0.279 -0.439     3.986
28 1 5 1.117 -1.898     1.419
28 2 5 0.914 -0.924     4.558
28 3 5 0.940 0.066     4.380
28 4 5 -0.305 0.477     5.081
28 5 5 -0.247 -0.372     4.148
28 6 5 -0.112 -0.877     3.456
28 7 5 -1.367 -0.268     3.108
28 8 5 0.503 -0.747     2.505
28 9 5 1.263 -0.799     2.627
28 10 5 -0.117 -0.716     5.223
28 1 6 0.617 -1.986     1.745
28 2 6 1.050 -1.278     3.306
28 3 6 0.878 -0.507     4.312
28 4 6 -0.456 -0.653     4.290
28 5 6 -0.055 -1.268     3.273
28 6 6 0.550 -1.190     2.725
28 7 6 -0.424 -1.106     2.988
28 8 6 0.513 -0.096     2.685
28 9 6 1.425 -0.794     3.364
28 10 6 0.388 -0.773     4.153
28 1 7 0.445 -1.445     2.112
28 2 7 1.133 -1.361     2.906
28 3 7 0.331 -1.304     4.388
28 4 7 -0.450 -1.403     3.182
28 5 7 1.055 -1.007     2.683
28 6 7 1.201 -1.080     2.527
28 7 7 0.680 -1.445     2.596
28 8 7 1.222 -0.330     3.176
28 9 7 1.133 -0.830     3.969
28 10 7 0.836 -0.820     3.838
28 1 8 0.414 -1.929     1.865
28 2 8 0.560 -1.783     2.689
28 3 8 -0.409 -1.044     3.468
28 4 8 0.003 -0.257     3.310
28 5 8 1.732 -0.054     2.601
28 6 8 1.284 -0.924     2.981
28 7 8 1.055 -1.059     2.580
28 8 8 1.544 -0.913     2.962
28 9 8 1.164 -0.742     4.022
28 10 8 0.852 -0.986     3.627
28 1 9 0.180 -2.252     0.401
28 2 9 0.643 -2.273     1.060
28 3 9 -0.081 -0.882     1.693
28 4 9 0.013 0.066     1.894
28 5 9 1.117 -0.653     1.480
28 6 9 0.925 -0.950     1.496
28 7 9 1.201 -0.752     1.215
28 8 9 1.560 -0.460     1.615
28 9 9 0.722 -0.471     1.858
28 10 9 0.180 -1.158     1.682
29 1 1 1.272 -1.784     0.810
29 2 1 0.501 -0.498     1.854
29 3 1 -0.384 -0.055     3.133
29 4 1 0.808 0.304     2.865
29 5 1 1.235 -0.097     2.589
29 6 1 -1.015 0.950     3.358
29 7 1 -0.968 -0.753     3.097
29 8 1 -0.405 -0.159     2.847
29 9 1 -0.660 0.007     3.142
29 10 1 -0.556 -0.034     2.833
29 1 2 1.017 -1.529     0.984
29 2 2 0.267 -0.180     4.092
29 3 2 0.105 0.841     3.324
29 4 2 0.407 1.268     3.061
29 5 2 0.459 -0.337     6.712
29 6 2 -1.447 0.195     4.953
29 7 2 -1.504 -0.425     3.336
29 8 2 0.251 -0.977     3.508
29 9 2 -0.192 -0.310     3.969
29 10 2 -0.525 -0.196     3.908
29 1 3 1.126 -1.399     1.034
29 2 3 0.782 -0.456     2.563
29 3 3 0.699 0.887     3.153
29 4 3 -0.176 0.986     3.791
29 5 3 -0.473 -0.092     4.319
29 6 3 -1.296 0.559     4.397
29 7 3 -1.660 0.492     3.353
29 8 3 0.782 -0.529     2.601
29 9 3 0.881 -0.097     3.312
29 10 3 -0.384 -0.170     4.474
29 1 4 0.798 -1.295     1.235
29 2 4 0.949 -0.722     5.122
29 3 4 1.105 0.377     3.639
29 4 4 -0.426 0.565     4.948
29 5 4 -0.337 0.341     4.473
29 6 4 -0.608 0.450     4.359
29 7 4 -1.494 1.341     3.219
29 8 4 1.152 0.507     2.434
29 9 4 1.616 0.346     2.787
29 10 4 -0.134 0.012     4.244
29 1 5 0.605 -1.597     1.419
29 2 5 0.933 -0.696     4.609
29 3 5 1.001 0.096     4.465
29 4 5 -0.452 0.450     5.252
29 5 5 -0.212 0.007     4.395
29 6 5 0.194 -0.243     3.646
29 7 5 -1.150 1.143     3.096
29 8 5 0.699 1.231     2.559
29 9 5 1.689 0.585     2.604
29 10 5 0.064 0.174     5.517
29 1 6 0.433 -1.185     1.803
29 2 6 1.282 -0.550     3.339
29 3 6 0.871 -0.008     4.419
29 4 6 -0.525 -0.055     4.470
29 5 6 0.235 -0.352     3.461
29 6 6 0.970 -0.060     2.815
29 7 6 -0.160 0.179     3.181
29 8 6 0.626 1.606     2.687
29 9 6 1.605 0.622     3.312
29 10 6 0.392 0.309     4.343
29 1 7 0.376 -0.123     2.239
29 2 7 1.267 -0.014     2.966
29 3 7 0.303 0.028     4.627
29 4 7 -0.390 0.367     3.356
29 5 7 1.308 0.747     2.716
29 6 7 1.407 0.476     2.549
29 7 7 0.965 -0.076     2.691
29 8 7 1.459 0.960     3.136
29 9 7 1.199 0.413     3.993
29 10 7 0.699 0.262     3.975
29 1 8 0.444 -0.180     1.974
29 2 8 0.657 -0.008     2.832
29 3 8 -0.171 0.705     3.612
29 4 8 0.173 1.788     3.284
29 5 8 1.527 1.710     2.539
29 6 8 1.011 0.512     3.050
29 7 8 1.178 0.382     2.650
29 8 8 1.735 0.361     2.929
29 9 8 1.110 0.419     4.062
29 10 8 0.543 0.033     3.796
29 1 9 0.261 -0.024     0.391
29 2 9 0.642 -0.191     1.088
29 3 9 0.178 0.643     1.732
29 4 9 -0.004 1.455     1.865
29 5 9 0.689 0.580     1.491
29 6 9 0.683 0.143     1.516
29 7 9 1.350 0.596     1.195
29 8 9 1.647 0.762     1.541
29 9 9 0.496 0.632     1.877
29 10 9 -0.223 -0.076     1.747
30 1 1 1.067 1.329     0.749
30 2 1 0.734 1.647     1.803
30 3 1 0.608 1.215     3.100
30 4 1 1.088 1.465     2.775
30 5 1 1.322 1.824     2.457
30 6 1 1.187 1.366     3.248
30 7 1 1.812 0.600     2.987
30 8 1 2.046 0.834     2.699
30 9 1 2.077 0.689     2.979
30 10 1 1.989 0.392     2.717
30 1 2 1.181 1.116     0.980
30 2 2 0.859 1.272     4.036
30 3 2 0.905 1.121     3.341
30 4 2 0.947 1.126     3.077
30 5 2 0.885 1.090     6.620
30 6 2 1.041 1.152     4.909
30 7 2 1.978 0.954     3.225
30 8 2 2.556 0.866     3.300
30 9 2 2.150 1.350     3.750
30 10 2 1.905 1.058     3.766
30 1 3 1.447 0.845     1.026
30 2 3 1.249 0.928     2.577
30 3 3 1.082 1.017     3.166
30 4 3 0.838 0.866     3.839
30 5 3 0.859 1.084     4.325
30 6 3 1.135 1.517     4.294
30 7 3 1.963 1.543     3.195
30 8 3 2.973 1.366     2.400
30 9 3 2.317 1.892     3.078
30 10 3 1.499 1.704     4.284
30 1 4 1.374 0.652     1.230
30 2 4 1.166 0.704     5.080
30 3 4 0.937 0.866     3.682
30 4 4 0.806 0.876     4.992
30 5 4 1.187 1.282     4.398
30 6 4 1.286 1.761     4.196
30 7 4 1.931 2.173     3.006
30 8 4 3.140 1.939     2.206
30 9 4 2.244 2.142     2.588
30 10 4 0.994 2.126     4.055
30 1 5 1.129 0.449     1.432
30 2 5 0.838 0.605     4.666
30 3 5 0.609 0.767     4.560
30 4 5 0.806 0.949     5.282
30 5 5 1.442 1.272     4.286
30 6 5 1.749 1.959     3.443
30 7 5 2.030 2.511     2.848
30 8 5 2.978 2.345     2.301
30 9 5 2.056 2.162     2.441
30 10 5 0.551 2.303     5.173
30 1 6 0.859 0.371     1.835
30 2 6 0.671 0.569     3.445
30 3 6 0.426 0.772     4.534
30 4 6 0.874 1.043     4.482
30 5 6 1.937 1.595     3.267
30 6 6 2.192 2.235     2.616
30 7 6 2.296 2.475     2.898
30 8 6 2.744 2.845     2.390
30 9 6 1.687 2.126     3.074
30 10 6 0.171 2.381     4.137
30 1 7 0.832 0.418     2.277
30 2 7 0.739 0.595     3.059
30 3 7 0.614 0.975     4.668
30 4 7 1.390 1.522     3.271
30 5 7 2.306 1.933     2.506
30 6 7 2.119 1.954     2.405
30 7 7 2.510 2.303     2.461
30 8 7 2.567 2.782     2.733
30 9 7 0.947 2.199     3.762
30 10 7 -0.121 2.501     3.771
30 1 8 0.931 0.329     2.006
30 2 8 0.968 0.626     2.895
30 3 8 1.056 1.204     3.592
30 4 8 1.822 1.553     3.152
30 5 8 2.192 1.350     2.434
30 6 8 2.025 1.366     2.896
30 7 8 2.681 2.157     2.424
30 8 8 2.312 2.454     2.623
30 9 8 0.536 2.522     3.786
30 10 8 -0.459 2.704     3.561
30 1 9 1.020 0.251     0.413
30 2 9 1.291 0.454     1.153
30 3 9 1.379 0.782     1.764
30 4 9 1.931 0.600     1.857
30 5 9 2.405 0.423     1.467
30 6 9 2.588 1.241     1.455
30 7 9 2.858 2.037     1.128
30 8 9 1.791 2.506     1.436
30 9 9 -0.131 2.850     1.790
30 10 9 -0.944 3.043     1.643
31 1 1 3.404 -3.537     0.726
31 2 1 2.779 -2.412     1.774
31 3 1 2.154 -0.912     3.110
31 4 1 1.529 0.213     2.912
31 5 1 0.529 2.213     2.516
31 6 1 0.029 2.338     3.250
31 7 1 0.779 1.463     3.102
31 8 1 1.154 1.088     2.829
31 9 1 1.279 0.463     3.134
31 10 1 1.029 -0.037     2.920
31 1 2 3.279 -4.037     0.901
31 2 2 2.779 -2.162     3.650
31 3 2 2.404 -0.662     3.312
31 4 2 1.654 0.338     3.184
31 5 2 0.404 1.963     6.414
31 6 2 -0.096 2.463     4.782
31 7 2 0.529 1.963     3.275
31 8 2 1.029 1.213     3.416
31 9 2 0.779 0.713     3.947
31 10 2 0.779 -0.162     4.010
31 1 3 3.904 -3.912     0.922
31 2 3 3.654 -1.787     2.408
31 3 3 2.904 -0.162     3.087
31 4 3 1.654 1.088     3.868
31 5 3 0.404 2.338     4.253
31 6 3 -0.096 2.838     4.132
31 7 3 0.154 2.463     3.183
31 8 3 0.529 1.338     2.557
31 9 3 0.404 0.713     3.312
31 10 3 0.279 -0.037     4.639
31 1 4 4.029 -3.537     1.094
31 2 4 3.529 -1.287     4.477
31 3 4 2.404 0.713     3.628
31 4 4 1.029 1.963     4.917
31 5 4 0.154 2.713     4.250
31 6 4 -0.221 2.963     4.014
31 7 4 -0.346 2.588     2.985
31 8 4 -0.221 1.463     2.363
31 9 4 -0.221 0.588     2.842
31 10 4 0.029 0.213     4.416
31 1 5 3.779 -2.912     1.295
31 2 5 2.779 -0.662     4.353
31 3 5 1.404 1.338     4.569
31 4 5 0.154 2.463     5.129
31 5 5 -0.471 2.838     4.115
31 6 5 -0.596 2.713     3.360
31 7 5 -0.971 2.338     2.849
31 8 5 -0.971 1.713     2.403
31 9 5 -0.721 0.963     2.625
31 10 5 -0.096 0.713     5.420
31 1 6 3.154 -2.412     1.704
31 2 6 2.279 -0.537     3.434
31 3 6 1.029 1.588     4.553
31 4 6 -0.096 2.838     4.302
31 5 6 -0.846 3.088     3.090
31 6 6 -1.346 2.838     2.557
31 7 6 -1.471 2.213     2.877
31 8 6 -1.346 1.963     2.442
31 9 6 -0.846 1.588     3.112
31 10 6 -0.096 1.463     4.254
31 1 7 2.904 -1.787     2.144
31 2 7 2.529 -0.537     3.036
31 3 7 1.654 1.213     4.608
31 4 7 0.529 2.463     3.245
31 5 7 -0.846 2.713     2.461
31 6 7 -1.846 2.963     2.325
31 7 7 -1.846 2.463     2.425
31 8 7 -1.596 2.463     2.609
31 9 7 -0.971 2.213     3.636
31 10 7 -0.221 1.963     3.803
31 1 8 2.904 -1.537     1.915
31 2 8 2.904 -0.787     2.824
31 3 8 2.154 0.463     3.596
31 4 8 0.779 1.338     3.279
31 5 8 -0.846 1.838     2.523
31 6 8 -1.971 2.588     2.752
31 7 8 -1.971 2.713     2.361
31 8 8 -1.596 2.713     2.482
31 9 8 -1.221 2.588     3.563
31 10 8 -0.721 2.088     3.563
31 1 9 2.779 -1.787     0.312
31 2 9 2.904 -1.287     1.057
31 3 9 2.279 -0.412     1.682
31 4 9 1.029 0.213     1.885
31 5 9 -0.721 1.213     1.469
31 6 9 -1.971 2.088     1.349
31 7 9 -2.221 2.463     1.029
31 8 9 -2.096 2.588     1.254
31 9 9 -1.596 2.338     1.660
31 10 9 -1.096 1.588     1.599
